1.1878844513814852
-1.388402934238613
-2.544804952802767
-0.8234169152636623
-1.1292239740587529
-1.9938678982059108
-2.0431639780106945
-2.09478229098693
-2.0681222676601965
-2.0670361955925904
-2.065616952491549
-1.9809752058873884
-2.0332794286893927
-2.0611563526165257
-2.055633073514291
-2.056452319367974
-2.0901867604898583
-2.1242089308098806
-2.083391110343908
-2.116245684041202
-2.1370259300684036
-2.1340298528276143
-2.132812346855565
-2.1530518622367727
-2.191882089410795
-2.182315210238464
-2.1892507151806924
-2.2180289598110936
-2.2275992756889194
-2.223938901848563
-2.199010737906116
-2.219880886864273
-2.2470537026330586
-2.2739700379581596
-2.28563963512039
-2.204808470960857
-2.225206430436764
-2.345936026543544
-2.3604684174689248
-2.3615260529057767
-2.3580126771556222
-2.367441261409196
-2.395807912403947
-2.3536800602474015
-2.375995305077245
-2.40244758950855
-2.435849671062806
-2.455692604282799
-2.4654137120134147
-2.479721450586246
-2.5722343610772067
-2.6028470538135284
-2.6129565776658046
-2.6208181725204605
-2.6482398153520728
-2.6903385684555925
-2.657966487403255
-2.666511228906539
-2.685995916009195
-2.717217287285166
-2.748978859824939
-2.7565451306511375
-2.778867628302599
-2.878384441748355
-2.913634368713671
-2.931622409769994
-2.9522709521765376
-2.990976197581075
-3.0258193609515573
-3.009652433425859
-3.0240639666099725
-3.0455346901250766
-3.0802138999729354
-3.1225306849177
-3.1614440987524697
-3.2275921157930334
-3.2581377470243558
-3.293006805566519
-3.326978364051674
-3.363985905669749
-3.40760102369828
-3.4418651113177825
-3.42406300746638
-3.4735931313524544
-3.510442353444107
-3.5286939355193487
-3.551193350593542
-3.2385219663120983
-3.6702561517224632
-3.705920480990633
-3.743391588917889
-3.788112793568573
-3.84558405738014
-3.900792747421589
-3.9393597295690848
-3.9216074180238794
-3.9517465554094153
-3.981203059151259
-3.599763980775106
-3.813199421301657
-3.9349693787267426
-4.101329317587937
-3.9381832268347297
-3.7695555135778505
-3.6759664299723926
-3.6503275466719867
-3.6578800552937545
-4.483513312234968
-4.511962449845076
-4.5519227021918525
-4.600605642612798
-4.650733666713035
-4.703014080121018
-4.755559179572764
-4.786235723755553
-4.466177113712592
-4.840828704335882
-5.057007210633394
-5.138201011640576
-5.3527060639046065
-5.1174504732799635
-5.156186808750756
-5.183068982275641
-5.225762398558232
-5.276518525726146
-5.34303792547049
-5.3492964059390555
-5.469779794112241
-5.636741996844387
-5.745009837941999
-6.039551198639201
-5.68705592227426
-5.734284197732192
-5.79248104420302
-5.848482076272433
-5.904328219555716
-5.939822152479102
-5.9775256317357615
-6.001845008720613
-6.067411449058311
-6.194804618282943
-6.256146086670002
-7.021039478744297
-6.3844722684384685
-6.438527968764543
-6.505506444232439
-6.48651647865851
-6.605911987378591
-8.091308987986901
-6.752672489679202
-6.809008735810812
-6.87246293620252
-6.884065378050586
-6.943106360751767
-6.994338766089299
-7.059640533632753
-7.127900456430061
-7.197551981221393
-7.263575405157885
-7.4050691164349045
-7.4644985514016895
-7.531626895713155
-7.604418585270544
-7.676329500458092
-7.7463535345041326
-7.7316132184714
-7.810071315520048
-7.887677707283651
-7.970263959985889
-8.046470662937464
-8.08530144275509
-8.15649755660758
-8.306182170767576
-8.377652084426149
-8.448800544019097
-8.529809538365946
-8.611432322363077
-8.686113005151904
-8.731613834413919
-8.798799629165963
-8.874283965777199
-8.97030463077102
-9.002946268569751
-9.114502019614084
-9.18234641587311
-9.268653604707223
-9.347611739668519
-9.429387427656405
-9.504634154648333
-9.587691774274647
-9.671296074162234
-9.768489599677954
-9.8510154114264
-9.928384282302558
-10.008363902667005
-10.091997935842784
-10.17338169383779
-10.238674906393202
-10.32491501008679
-10.415208829662214
-10.5021494079057
-10.580415043103823
-10.670793928803835
-10.757676045182095
-10.848589809971443
-10.930946193666093
-11.02202725362964
-11.109230164037223
-11.197687377872507
-11.292674303872534
-11.24609367220465
-11.462076683028982
-11.5501860243608
-11.640257465755614
-11.727634525476434
-11.81265529220082
-11.903852384499425
-11.999865940170357
-12.090172760925874
-12.18546269511464
-12.277696339581674
-12.366755854560424
-12.461735156914987
-12.569315157173172
-12.6621268709761
-12.757555733313474
-12.850524934944417
-12.94842709240634
-13.042456874743573
-13.135874439182313
-13.026606633630673
-13.115577672188104
-13.176173444107066
-13.208539941721947
-13.58254152841656
-13.690051288605831
-13.829337315412378
-13.932752138150535
-14.03513088898715
-14.139014211359871
-14.23838984196534
-14.338391126985519
-14.434542438741557
-14.534493620434192
-14.641264035297066
-14.747599451369037
-14.848625423574253
-14.946011517402193
-15.060201745530685
-14.90791073853244
-14.976688818474168
-15.096422867971503
-15.102001264811003
-15.535006409634324
-15.651318927892305
-15.75893423021033
-15.912158715469204
-16.025998561464494
-16.137027195636783
-16.243831615630892
-16.345464504867063
-16.452720522978318
-16.314839159441785
-16.38276453514246
-16.421104435275588
-16.852515126951637
-17.024299001504605
-17.139230514518637
-16.981973937876365
-17.150492863766544
-17.224322173052187
-17.303396347671995
-17.344981059953998
-17.451177525559444
-17.546072484605702
-18.05614238514065
-18.1764504588873
-18.289708136466192
-18.401443301665076
-18.527348741812645
-18.64839229646554
-18.765850973560408
-18.836936418876412
-18.95232192999481
-19.07105611737667
-19.196907275353748
-18.82955670224634
-19.03698605735559
-19.144055523186353
-19.400952384958146
-19.65715078020264
-19.885034129565845
-20.070200139756544
-20.154638790569937
-20.35546712862526
-20.48253454718757
-20.602771815925667
-20.72550060959427
-20.854478132359645
-20.97884809026117
-21.09656438943417
-20.70072908216197
-20.781214908369748
-20.853613835057494
-21.57545505151223
-21.70650715549471
-21.830577816049413
-21.961687532092988
-22.09636548573813
-21.616808276591037
-21.93045436340705
-22.051457729148396
-22.260975767027322
-22.465895023788967
-22.93810940732564
-23.075738446653418
-23.208308105890477
-23.34427671632448
-23.485853922824695
-23.622099579922246
-23.609930589642563
-23.74694019387798
-23.81795539473613
-23.892614193655188
-23.922442121714855
-23.950407089293282
-24.00646901335019
-24.14053963128866
-24.31740247884285
-24.49263916723565
-24.556204035352522
-24.607981592566816
-25.372851669288448
-25.551812298331548
-25.69209694246488
-25.834094501450906
-25.984134643174507
-26.12470373449404
-26.26693324128166
-26.399080130260536
-26.27206818460958
-26.269831410975325
-26.84074222220499
-26.463971258413178
-26.595579009385457
-27.28658834876287
-27.170558974038133
-27.47688311364341
-27.681836003924552
-27.842401308999758
-28.00182107623289
-28.165921974853106
-28.323562644876652
-28.45804908361041
-28.607688798697282
-28.7596424772022
-28.916158458419893
-29.07207282568984
-29.219268015205
-29.381420235486083
-29.467994426432263
-29.68249802769581
-36.0500316200784
-36.271114982039244
-36.43259701472001
-36.573207814510276
-36.740995795864386
-36.901656141904745
-37.06196457515715
-37.21546959438511
-37.37491205181844
-37.535639413068786
-37.695330837018446
-37.85240482105104
-38.00726326139309
-38.17155760023795
-38.3340578844668
-38.49943295731327
-38.65950390634218
-38.81193791292543
-38.96818689434334
-39.123914217271015
-39.28745879047478
-39.46015881427084
-39.630011563565574
-39.793736077783485
-39.956218436899206
-40.11809478329404
-40.4562230285619
-40.61322552316241
-40.62584370936361
-40.78698982648062
-40.953368356328546
-41.12231361651051
-41.279382207621616
-41.447522887201316
-41.162322343712745
-41.7942417431289
-41.955008208478425
-42.12126505477516
-42.2418710403134
-42.46438459898208
-42.64150585311207
-42.80567247647596
-42.97561732110826
-43.164387306133754
-43.34194937204628
-43.51421736092517
-43.69628101994706
-43.875371913759786
-44.04473719557417
-44.224149027205996
-44.40391723131636
-44.58043887174394
-44.75888172950972
-44.93883612363647
-45.118099453332796
-45.29488132035135
-45.46812134537701
-45.64174585451809
-45.82174174029605
-46.00883158521366
-46.18931124948072
-46.36463481211403
-46.55414079208938
-46.738593083292585
-46.90876276865666
-47.09835234233875
-47.29485105726305
-47.490549098893155
-47.6753773888144
-47.855435047825274
-48.043336678536626
-48.22578119197487
-48.41396777141888
-48.60596234762204
-48.78995735668043
-48.98723352277493
-49.18092083342098
-49.37096496638128
-49.5539151764863
-49.74909277777114
-49.93845016623201
-50.13377228866987
-50.32838681427935
-50.503552396923986
-50.69813251025141
-50.8873461220111
-51.08958196573904
-51.294507877449696
-51.47966726147365
-51.655147918795166
-51.84728312191572
-52.07674849631712
-52.27634852097434
-52.46912091524139
-52.68107755942515
-52.9067330293731
-53.09946833536349
-53.292136623353834
-53.49568204780459
-53.69690975359828
-53.908044685528374
-54.117140438540815
-54.31735760352791
-54.52144106108597
-54.74087985937006
-54.94203707260735
-55.15342589922601
-55.37342568872994
-55.57934838486645
-55.78063741470835
-56.00396063568744
-56.21923512977398
-56.424038012818635
-56.64433502468762
-56.867318376561265
-57.087181163024056
-57.29796183643464
-57.50563504786238
-57.71756633344873
-57.976676363939
-58.187567246446456
-58.393838629436296
-58.61401048838899
-58.85011147649999
-59.078639218465725
-59.28900826612721
-59.5261317374763
-59.77421770094643
-60.017623949837564
-60.236548336030516
-60.462153313043316
-60.7105140003545
-60.964981529218704
-61.186957358848
-61.45120598048953
-61.68884328527897
-61.90812564898859
-62.1571195626073
-62.386419319791656
-62.61587376102949
-62.85598624434845
-63.09952168896114
-63.364593253628236
-63.620813254360066
-63.857722395942595
-64.10369471555916
-64.38001224953047
-64.65561978063836
-64.89467284165386
-65.13845978981547
-65.39825136470368
-65.64496266656354
-65.9137677643351
-66.15891891350597
-66.40323999037221
-66.6460145297686
-66.90820006839198
-67.16225219030774
-67.42024960204772
-67.7015566219809
-67.95159426335658
-68.19317960990578
-68.43414383547972
-68.70347751115119
-68.95580056342916
-69.23196191163876
-69.4836989382572
-69.74449334742644
-69.99756883077112
-70.24132497671334
-70.50603781956704
-70.75637437200007
-71.017501092004
-71.26542754500677
-71.49646509565692
-71.77648569405666
-72.0107101716241
-72.24951578211767
-72.50911687438932
-72.76846610010355
-73.00411727098488
-73.25221597859537
-73.51952771519986
-73.76883073657862
-74.01932699009642
-74.2821572752118
-74.51819101403281
-74.76363224979023
-75.03857329072224
-75.29244299821111
-75.54024290150302
-75.78377649267851
-76.02561206724378
-76.27936535136023
-76.54032274296212
-76.79098866053847
-77.0324354819141
-77.27970136864924
-77.54057871128238
-77.80265499272089
-78.05213331465217
-78.29884754186983
-78.55980012903053
-78.83290162023783
-79.07374962426384
-79.32084120824585
-79.58211254958744
-79.85115750765571
-80.11058618247499
-80.34982621076847
-80.60916739242225
-80.87489604223256
-81.12995853204092
-81.37642767602625
-81.63693750776203
-81.89731458632802
-82.14871007476759
-82.39924412564952
-82.67873289658549
-82.9480151806903
-83.19110598446166
-83.4375040481848
-83.70141280289016
-83.95907089092914
-84.24056601190652
-84.51885870868622
-84.77319837505708
-85.03143590014103
-85.2898732517624
-85.55107167817086
-85.82129931255261
-86.08448657291828
-86.34151789521755
-86.61106154284074
-86.88153886672382
-87.1697015968473
-87.4085034890216
-87.67916731759668
-87.96892781252559
-88.2504222264836
-88.5313240183013
-88.79251830980805
-89.044266978765
-89.33587251551374
-89.6112204633818
-89.88900595631289
-90.17937403273953
-90.46810181228587
-90.73736890622592
-91.0009850922821
-91.28739035543292
-91.58824503181025
-91.89313354776544
-92.18904762510286
-92.52102411060821
-92.74678143598156
-93.04240253554862
-93.3460895618143
-93.67797986443344
-93.93964882401379
-94.27227805846319
-94.60896651657549
-94.92293580819884
-95.2019245767006
-95.53415023117684
-95.81492849727609
-96.17407094226265
-96.51050985099002
-96.7784612792335
-97.10152182430203
-97.42299716360134
-97.77804361803612
-98.11249304439903
-98.52558711643168
-98.55215258437119
-99.05091782104176
-99.37426989336775
-99.72457942832669
-100.02649676108518
-100.38490060644124
-100.67527422206739
-101.02293982184365
-101.34614803040922
-102.37828542412477
-102.4669151508574
-102.29123525195315
-103.16624809751205
-102.94828074720034
-103.3006732897275
-104.18776864820764
-103.8273831008689
-104.9553352730614
-104.47341104625423
-104.82297967272582
-105.11016295886029
-105.39474254844352
-105.71674703644997
-106.00524236673606
-106.31892884588092
-106.62332137689346
-106.91710801763745
-107.24036632817172
-107.55764310219963
-107.84809090601006
-108.16394449388991
-108.4839951882902
-108.78908791115072
-109.08278279131149
-109.39949311865557
-109.71662423493014
-110.05162800165927
-110.35219081274899
-110.64645531176036
-110.95619313937846
-111.34980276679055
-111.6636304061896
-111.98035976858108
-112.20469831139526
-112.51669031511676
-112.83562724941191
-113.16768502232784
-113.48169845990697
-113.7959951462722
-114.11536806137038
-114.42463902522779
-114.72667254996905
-115.04511133600633
-115.3600419224186
-115.8386152051154
-116.04461753767987
-116.368177217783
-116.69709385791836
-117.0254230718918
-118.26478803504793
-117.67241111814579
-118.0113287612222
-118.3549164986349
-118.78308635597206
-120.15175838292427
-120.34803728899561
-119.82007883646027
-129.9647479316275
-120.41795006669115
-120.7627275099823
-121.80750639792849
-122.25898201380467
-122.65585440088203
-122.96159326579003
-123.28563890513041
-123.63766332218985
-124.02563363016944
-124.4372835282494
-124.52862302159524
-125.20087691150462
-125.694937977184
-126.15785830221509
-125.46105256547901
-125.84957239027587
-126.85024090742749
-126.5274696917156
-126.90263429786795
-127.29850497697893
-127.68523046820376
-128.03163354734133
-128.35498571992076
-128.72945795150088
-129.10917594009314
-129.46472135080063
-129.8122279659632
-130.19536901036705
-130.567930089702
-131.8746051661286
-132.8680502271513
-133.14711083270515
-132.80910796723302
-133.75319323644487
-133.98489612661666
-133.7288383994881
-134.38691145879162
-133.78259453778603
-134.08714662430032
-134.45965474948918
-134.77945301223045
-135.91201369285994
-135.46240756097413
-135.78872047743516
-136.8024935427162
-136.5095916959773
-136.87960908727388
-137.27517651865338
-137.56899820198822
-137.9141106837862
-138.26879502529027
-138.64993267878452
-138.9413840986365
-139.3026348326683
-139.65948833712233
-140.0343692734725
-140.4254743629262
-140.77852340330892
-141.14786928342264
-141.5243405574529
-141.82562884812546
-142.2229248188792
-142.60397508873137
-142.95513225414376
-143.3049146007173
-143.73593251360057
-144.60723067486623
-144.4686912415383
-145.79748586717696
-145.18798655521087
-145.60582202591917
-146.8069053475831
-146.36510745163574
-146.74632325462653
-147.8155553225289
-147.510910174414
-147.9158256667894
-148.94835823389084
-148.79336889599142
-149.08478982188115
-149.51037370468885
-163.0341595307073
-150.26888108284672
-150.64234807072862
-138.93721409958968
-150.92030060505033
-151.8413158565458
-152.2643370762777
-152.6429215531944
-151.56937446898624
-153.52994724208438
-153.95185934510343
-154.20831564069596
-154.61876404616316
-155.0267948080889
-155.50384809918864
-155.87265944736757
-156.17736773737997
-156.53845840405586
-156.97129132745394
-157.97202533897686
-158.4029882816872
-158.1028112428115
-158.6962864760985
-158.89711338828715
-159.2697142159089
-159.72789175944905
-160.10942748695894
-160.49073577207835
-160.87323044428928
-161.26710495406195
-161.6749850232152
-162.05036226317918
-163.11978058356343
-163.24458692825667
-163.39934405613795
-163.6599441042683
-164.04630809914963
-164.4255597905754
-164.92198689210042
-165.3714035200632
-165.79744410733713
-166.2902077719318
-166.82725581845673
-167.38396552633753
-167.4066658468837
-167.67633431216836
-168.71220266188695
-169.0984137068446
-169.36083395383287
-169.6069275071999
-169.8820695648276
-170.26301483682658
-170.5653858895248
-171.03022973258172
-171.3561434556022
-171.79525418554857
-172.20040105950054
-172.62215039597766
-173.1014279077
-173.48193321562022
-174.12256962476698
-174.3028698361468
-174.72185790650545
-175.13883137326053
-175.64430562670506
-176.1382381292695
-176.3443905419638
-176.71798090134757
-177.19269691186358
-177.6105335986427
-178.0446429169796
-178.33393152687464
-178.81480142206146
-179.39845119186216
-179.88611432833758
-180.22337141119576
-180.61359705522594
-181.04316762756898
-181.49035814896052
-182.10774037396982
-182.4259035009404
-183.030677020704
-183.1990410803054
-183.58593578466764
-183.95232107462226
-184.3789616016949
-184.89821745916527
-185.59458491375435
-185.85580014783343
-186.28821069295427
-186.73790121227537
-187.51862147983886
-187.55841750725122
-188.05006745753596
-188.5154953158258
-188.9705081419212
-189.33511776307668
-189.75930099635116
-190.21710447418243
-190.6715137236847
-191.10130017894505
-191.52336091074443
-191.98095983794033
-192.36919411382206
-192.77409574447015
-193.25301696905694
-193.6859208247753
-194.1111449777392
-194.56751131078545
-195.04252824721314
-195.47246609524476
-195.90041435297007
-196.3603551061383
-196.7925355863841
-197.24680034402894
-197.7290528908206
-198.16394458104003
-198.60523032963667
-199.05359965223357
-199.51414689895637
-200.14958893169702
-200.4582530355921
-200.9270178852468
-201.43038067500953
-201.87240336375396
-202.3301620908174
-202.78675894996175
-203.2571088683243
-207.82002380677105
-204.2926649946179
-206.1569151357071
-205.1120638992164
-205.57129150806668
-206.00976395882952
-206.5902428742593
-206.91318306962222
-207.3909015232642
-207.98907586585167
-208.32364223673775
-208.780234661155
-209.26217732242316
-209.7729445690575
-210.09035539865843
-210.68122576475403
-211.0008076449386
-211.58459407626492
-211.91223360084734
-212.47644956404343
-212.80560685521226
-213.4162501287188
-213.89585610193714
-214.32068677966362
-214.64934848829313
-215.0735104451768
-215.70198598695188
-216.01452158556683
-216.78033474634915
-217.15434791590246
-217.63674543537135
-217.95658805778572
-218.44425141685946
-218.9639447768073
-219.4097385755422
-220.104493165667
-220.4268512034314
-220.9173441853456
-221.44723206670116
-221.9003640995904
-222.39338468312448
-222.91198393076502
-223.40627823093988
-223.92261953508128
-224.4812671520251
-224.897526243209
-225.45941590385942
-225.8937976346079
-226.2695617006553
-226.7664725730946
-227.25290258069882
-227.7249151701453
-228.22828506989848
-228.65255132182705
-229.13500384188936
-229.64016934472633
-230.0745919594993
-230.54821935278184
-231.04120305200885
-231.4790739607361
-231.9715444662097
-232.46067798119967
-232.8947515937484
-233.40020145078532
-233.9508624455216
-234.42331629670065
-234.8872381170153
-235.35161662825408
-235.97094993229462
-236.454718435617
-236.94344043332046
-237.4395525009369
-238.07533645419906
-238.59287510172783
-239.1058796876695
-239.60731882298825
-240.1952585841491
-240.69243068008856
-241.18979273205215
-241.73669472851938
-242.2855775430113
-242.7204650146002
-243.2148924112411
-243.68527151054084
-244.24765752984615
-244.76933882549778
-245.2319806401255
-245.67914183889937
-246.13342237328735
-246.73213892774118
-247.157939800674
-247.6093989098756
-248.06628240260187
-248.52869865063667
-248.9903515009445
-249.45279901144457
-249.97738995672736
-250.50304479026767
-250.98613101813237
-251.4647895110734
-251.9503690962719
-252.44632655572747
-252.94050145488987
-253.53521049830994
-254.15688547882544
-254.70845093905461
-255.25641789896446
-255.8110343799559
-256.3795839250784
-256.9499608957681
-257.50055980016384
-258.0640376533488
-258.663841239183
-259.236364315057
-259.83363294288466
-260.39213964776354
-260.8989448294889
-261.36030544291486
-261.8796433557918
-262.3033666818481
-262.8042722711398
-263.57509815344883
-264.3896854700791
-264.8929273340333
-265.28826041153746
-265.28544227162655
-265.6354556125676
-266.07041440543935
-266.620931188455
-267.4004486100247
-267.79276647826055
-268.3199188272412
-268.8332601663039
-269.90051295198487
-270.229940338335
-270.6008996484456
-271.03909854388644
-271.7033725308701
-272.3205271335737
-272.93878820324005
-273.6064621852948
-273.92523367266114
-274.52650042335677
-275.1161282915883
-275.6894410134105
-276.2517551544218
-276.8239282866902
-277.3864097005545
-277.93246845936295
-278.47047183491713
-278.9930811797573
-279.50115537914
-280.03734450277784
-280.4956465873614
-274.6725332622424
-275.18953676807627
-281.95793088781113
-282.49150710781487
-283.02334153735643
-283.5926887393062
-277.8293675515846
-278.3801181251836
-278.9166979030317
-285.7408870744585
-286.26873409624005
-286.6761422819999
-287.32229034933346
-288.00555472795867
-288.6539415026844
-289.3060394853115
-289.89722502723185
-290.52567662365954
-291.14366531594385
-291.65122710250193
-292.24001944734096
-292.82559606144866
-293.4089884310854
-293.98400506112455
-294.487055812651
-294.9649999665338
-295.5130186505594
-296.06403911672203
-296.6242497633773
-297.18305756700676
-297.6628608841497
-298.1557729415361
-298.72394105397467
-299.2937735564431
-299.8561346389435
-300.3668012084401
-300.8759297268107
-301.4937394193095
-302.0999914650642
-302.73083516357445
-303.26335032181305
-303.90514762684165
-304.560931283299
-305.20986961366344
-305.8154340180187
-306.37809972255934
-307.01478513011773
-307.6541144133246
-308.19255937283253
-308.74993684332793
-309.3609270248513
-309.9584168583475
-310.4664746260144
-310.9766177914283
-311.5502403744637
-312.1449771252358
-312.6614698725267
-313.17376448396993
-313.7694494005254
-314.3671380862476
-314.89284633942424
-315.41377150536096
-316.02485664258165
-316.5815408487782
-317.12573733026977
-317.75984209770525
-318.356117394143
-318.9620947876518
-319.65845429279136
-314.078672558421
-314.67870988956855
-315.29210840681816
-315.9584650880742
-316.54119731907457
-317.13304560566644
-317.7810351856044
-318.3418544533361
-318.8878505968225
-319.5111471735928
-320.0537074877901
-320.6068552493482
-321.1525570560061
-321.6909571519729
-322.2991424498781
-322.8553145836922
-323.42269801691674
-324.06426005532023
-324.6360226817892
-325.21244167757004
-325.88760346718294
-326.46610540967026
-327.0697734118416
-327.70713132895884
-328.34573893255623
-329.0624094058557
-329.6530792504939
-330.29612324725787
-330.916940675582
-331.50461774226295
-332.1764967925588
-332.7690670834221
-333.3783581294272
-333.9647551803604
-334.5338430910448
-335.0994030799097
-335.66865581338084
-336.32479438581385
-336.91637995752734
-337.48892716931516
-338.0770704304473
-338.6749123103948
-339.2901681658764
-339.9057972959325
-340.52555742722734
-341.155536666756
-341.8878539932881
-342.5264858047471
-343.16252489813
-343.8503350373245
-344.5054715458894
-345.1387619131636
-345.7737384255409
-346.40112703784234
-347.0052673873571
-347.6148882165619
-348.21595792498425
-348.8203634992216
-349.4360771195448
-350.0350356971185
-350.62798243794714
-351.2252704982808
-351.8312613815248
-352.4626659236759
-353.0915270620991
-353.7140351248853
-354.3533968977004
-355.01656671668616
-355.6876107394856
-356.35645116648504
-357.0257898393544
-357.72326034128315
-358.4012853333684
-359.06244512823594
-359.7208897707264
-360.36017402221916
-360.90775195575577
-361.5076133441008
-362.1464251783436
-362.759107893378
-363.41974801140003
-364.03188577142765
-364.67820792429717
-365.26614041314224
-365.8998013951807
-366.4551056976357
-367.10841934219087
-367.7775331142762
-368.4538444127376
-369.17420261448484
-369.78043143725336
-370.4927954592537
-371.2155384195419
-371.9334399055736
-372.6358336915431
-373.2102479095054
-373.88454096010634
-374.56546368048583
-374.8852247004906
-375.8810630472013
-376.44264179802155
-377.5902403716472
-377.72255243205
-378.35697431146497
-378.9986357330806
-379.5601514999584
-380.20203734588165
-380.8930547953012
-381.48087760820727
-382.1664444254277
-382.90128349568414
-383.63019636435007
-384.4002670648117
-384.97501392285466
-385.9348381493222
-386.4106845824154
-386.7290204175017
-387.7978414778621
-388.4991167964933
-389.080083437183
-389.73468800269677
-390.3937053787147
-390.9611492806351
-391.6551590939
-392.3083149088403
-392.8775658201252
-393.5276453702864
-394.2169230107526
-394.83191591476765
-395.45670556630193
-396.1910156668714
-396.9898362692899
-397.6648200897739
-398.4443124917314
-399.2502054197496
-399.9135821387237
-400.7006259294347
-401.1375563072391
-401.9038946201233
-402.7150293337813
-403.32049315677045
-403.88823147281454
-404.57758631340135
-405.23630284782206
-405.91937219870016
-406.5162415482428
-407.1091445670538
-407.81026796447736
-408.3535586344937
-409.1658509818476
-409.86190302330255
-410.64657156576254
-411.5290835730419
-412.2549203951598
-412.9533814638684
-413.7215120752905
-414.50009141318696
-415.13939872200166
-409.4751411956801
-410.1282902260415
-410.8640691863767
-411.44613160736543
-411.43570435175536
-412.68774149892397
-412.2684255957279
-414.0480132113943
-414.66436560042945
-414.90193651259455
-415.73605417414717
-429.3878114556657
-417.68438890526653
-418.42984722201504
-419.1731037483916
-419.8992244653058
-420.71640273421434
-421.5373640391509
-422.1993173686087
-422.83459150403735
-423.4484189583051
-424.2025157847555
-424.92343792642964
-425.53836027211656
-426.1522063536153
-426.7602059495807
-427.4888467049809
-428.2547862413329
-428.9214568445685
-429.4366400777425
-430.23257768747607
-431.1315540188789
-431.9101765259471
-432.77373817524733
-433.60854245447797
-434.325915881761
-435.02009427741814
-435.6845875755777
-436.33434203512525
-437.04772830606316
-437.8325446630687
-438.45987447540386
-439.07712672234493
-439.71680142924146
-440.3794730293974
-441.0472738233179
-441.7271294748615
-442.587502529229
-443.5876086045984
-444.2277042940189
-445.01651846141334
-445.9750837344843
-446.551773799609
-447.26052027703435
-447.94906504042984
-448.62384998735484
-449.4525208085595
-450.20671805570265
-450.8739658640293
-451.53641846179784
-452.20737535266176
-452.8869427398974
-453.6354663452137
-454.33720083592385
-455.05005986369514
-455.78326934562324
-456.5523254198459
-457.34624204458294
-451.96835752002244
-452.96650137259496
-453.6553423589011
-454.4033360899118
-455.1179982218515
-455.7648447086031
-456.4594618178323
-457.15360670930943
-457.8347432821989
-458.521371858848
-459.2329741627261
-459.94436307799356
-460.73027318958583
-461.4719517110511
-462.2381688108491
-463.0188163265286
-463.7976346447565
-464.5820077654662
-465.03395426100417
-465.44578899001533
-467.0548733589136
-467.84014263364065
-467.5219714815815
-469.34371794930087
-470.0881764244359
-470.8119660579195
-471.51796411211734
-472.24050228628073
-472.9839612288172
-473.739954105711
-474.49209461358504
-475.27620704134654
-476.07995315990877
-477.0707397866075
-477.84513146567764
-478.4504429688715
-479.01182495991844
-479.5897677349514
-480.6452078750653
-481.17408698410424
-481.20529370844145
-483.05379203548887
-483.78670961197946
-484.53539084171655
-485.2945422584814
-486.06153667098476
-486.84442038076236
-481.5005350844977
-488.17539028420805
-488.9902482959439
-489.0662466481083
-490.68707432789716
-491.4989046707304
-492.30303558582875
-493.10635615173214
-493.8853682818196
-494.6387800497638
-495.39360480514915
-496.08514484334853
-496.86128583641937
-497.63327119512155
-498.4388976185274
-499.2692356133064
-500.10060296504474
-500.94882543412814
-501.7778426226865
-502.65873407694096
-503.32468909647304
-504.0074844661848
-504.8180689866858
-505.60955059991824
-506.39642874753537
-507.19317814889496
-507.9942655870819
-502.4445314377714
-503.27276623447244
-504.1017268480207
-504.92256183329107
-505.74760079232215
-506.48268473032033
-507.158333418224
-508.02045626988695
-508.8509349079242
-509.7405897592214
-510.574379511626
-511.3970039027432
-512.2074712760381
-513.0060642297252
-513.6865894533125
-514.2880963755538
-515.1193007720332
-515.9659182146119
-516.8165736772081
-517.6997403289123
-518.5750976530913
-519.4453114736219
-520.2010171378362
-520.9302082162978
-521.7717537153493
-522.5930666171269
-523.420599313095
-524.2593009144022
-525.1165211381068
-525.9805782103241
-526.6904420325359
-527.3562567604815
-528.233450854824
-529.1051356158789
-529.972202317206
-530.8303731144468
-531.6022154776412
-532.3007417979913
-533.1697628794765
-532.7296385624715
-534.1530726721768
-535.8373139880277
-536.287379487673
-537.2655875432812
-538.1215674547253
-538.9970991785549
-539.8902536352126
-540.7524089853291
-541.5059375504225
-542.253962449262
-543.1635765873948
-544.0689015384152
-544.948567435236
-545.8246640539219
-546.5757959175925
-547.3029143560267
-548.1847528120442
-542.7793224607051
-543.6726016013898
-544.4185464640519
-545.2017910923129
-546.1243709206155
-547.0104183210392
-547.8891187355688
-554.8906741064942
-555.729445915049
-550.311487234681
-551.2585075548316
-552.0330093681911
-552.769483132813
-553.6532150892249
-554.5662230908413
-555.4875552795887
-556.2223894561095
-556.986636611678
-557.929319119196
-558.8148460918497
-559.5666212324707
-560.3833779722286
-561.3377845633744
-562.2812324865458
-563.099608473969
-563.8274610033881
-564.7161020584062
-565.6408376006585
-566.3817523401625
-567.1699677551507
-568.1176626563847
-569.0754733602676
-569.8858248764925
-570.7372610893699
-571.6852564564733
-572.6255838898645
-573.4253552233575
-574.168714000174
-575.0760258574087
-575.9716835862727
-576.7876341294473
-577.5861483747103
-578.5312490287187
-579.3191083908007
-580.3214779629313
-574.8905183577601
-575.8662743603494
-576.6836368107911
-577.4337531922681
-578.407946980083
-579.3641923293127
-580.2116634276462
-580.9889473706331
-581.9296342593017
-582.843820410835
-583.5548188031698
-584.5170893138974
-585.4827336136128
-586.2935837510207
-587.406204894031
-588.3664079936224
-589.0368621679623
-589.8260790289461
-590.8434648365263
-591.6214627663257
-592.4343512056473
-593.3614249391588
-594.1912790656979
-594.9945167477352
-595.9665242029644
-596.805807636834
-597.7145697190997
-598.7886184196248
-599.6537435716793
-600.5675917075704
-601.5729187171135
-602.267968601836
-603.1022246695215
-604.0587296694669
-604.8298428804204
-605.6690377826845
-606.726930956028
-607.4914394561067
-608.4768896736589
-609.5531458217577
-610.4214462074107
-611.3340661867081
-612.3609429493556
-613.2302910022933
-614.0875188803236
-615.0646090428569
-615.8643950346853
-616.7051493793599
-617.7228270875596
-618.5268627524989
-619.408637259538
-620.2777990778144
-621.2209248624841
-622.321264544743
-616.906551830874
-617.7082925231326
-618.8624186005784
-619.6985593116194
-620.4487108366941
-621.3654722094931
-622.1196220742634
-623.1326341900273
-624.0810728308201
-625.0058101637668
-626.129740298803
-627.0535106915931
-628.0149384454592
-628.9421156294833
-629.8115748825352
-630.827082003106
-631.6525898755564
-632.4570304520943
-633.3050055466753
-634.1666009640122
-635.2786022653669
-636.1915713211002
-637.1858329309975
-638.1713948005067
-639.0769929013775
-640.1586796404777
-641.0032072358348
-641.8266576818729
-642.7394326578204
-643.6046255851957
-644.5214232832107
-645.4326732952858
-646.5651868108092
-647.4362631790872
-648.4720262799417
-649.3903177068788
-650.31726372919
-645.1342360697307
-646.0143884159653
-646.9456239852477
-654.1007309811258
-655.0033861239849
-655.9263310786511
-656.7419883359119
-651.5122037132289
-652.4478399327718
-653.610063318733
-654.5573891758438
-655.5323526168482
-656.4446843187166
-657.3760852143863
-658.3026425813322
-659.2099828957273
-660.0985156234971
-661.0125693336211
-661.9450370908644
-662.9344101292604
-664.1057613954923
-665.0912985106326
-666.1083022774732
-667.0646294413087
-668.0012769290503
-668.8937715594475
-669.793771471447
-670.7032053813174
-671.6222467333909
-672.5816522105226
-673.5806638487005
-674.6038372137605
-675.6264284021138
-676.6245809213937
-677.6095209450739
-672.2537875291268
-673.1754006466854
-680.3392742598945
-675.0201464100207
-682.247753549007
-683.2118121461475
-678.0637318734684
-679.2054223850198
-680.2325686607505
-681.2088910678771
-682.1897240121838
-683.1234125803762
-684.0541637526163
-684.9934929418773
-685.9903761936065
-686.9704099447948
-687.7700924907263
-688.8253147074466
-689.8706132472414
-690.8922303790628
-691.8649421113216
-692.8392603705414
-693.8114830003667
-694.7749645336374
-695.7288200547737
-696.7219738363973
-697.7466022350325
-698.7780150937368
-699.8075956977447
-700.8317729098192
-701.8618498664159
-702.8649618984773
-703.863058711084
-704.8456664811736
-705.8402456212101
-706.830963980338
-707.8563628520116
-708.6675090976515
-709.6711569982464
-710.7375974625337
-711.7530562524522
-712.8465962206418
-713.8615771114912
-714.8760170621614
-715.8840940597969
-710.6241819402371
-717.9057004205501
-718.8939663571276
-719.692654071052
-720.8119707382909
-715.5966295609395
-716.6500641596137
-717.7123268396515
-718.7559234729508
-719.791275776267
-720.7989054458108
-721.8147390473133
-722.6447163671642
-723.6281017945123
-724.701473753156
-725.8059788934725
-726.9269343938217
-727.9970773704995
-729.085643687331
-729.9242750376203
-730.9072738978356
-731.9082333420714
-732.9252739427891
-733.9480189997907
-734.757647058263
-735.9405225813017
-730.8298414109673
-731.9447329198849
-732.9847498727584
-734.0470964049084
-735.0811289525585
-735.8232506390951
-736.8846910117295
-737.8732973494582
-739.0462995561534
-740.2557036601083
-741.0994549519802
-742.2337054744726
-743.2264917970081
-744.3283414830537
-745.3224794382063
-746.1405731618441
-747.2832316686655
-748.3083610395705
-749.2311683292137
-750.4440252272318
-751.6012885928001
-752.6848209739372
-753.7389370865469
-754.5677178396656
-755.6238198358479
-756.5898193317037
-751.3915686065261
-752.572274475329
-753.5355741854858
-754.7355149138965
-755.9209461410304
-756.7886864658135
-757.8036585869459
-758.834023710096
-759.6413873360082
-760.7188696693399
-761.8442910074275
-763.0499628911592
-764.279158872317
-765.2736400999468
-766.3638543726323
-767.445170769405
-768.2772491420075
-769.3103340291935
-770.3947303129313
-771.2605247171058
-772.4332593030284
-773.6415763665506
-774.6318814984705
-775.8259438022378
-776.9645434421676
-777.8015456939535
-778.8581068875544
-779.9682404994046
-781.0727767294336
-782.3255711745146
-776.8780122354177
-778.1325611126215
-779.3202201073354
-780.3201108657762
-781.3315544874882
-782.4364360904966
-783.3055856088987
-784.4001839820133
-785.5690394525808
-786.5400372750578
-787.5200097974509
-788.7480533058252
-789.9272771655421
-790.8305327004174
-791.920507028111
-793.0333444957485
-793.9317623791103
-795.0600309919708
-796.2411100773812
-797.2464083779103
-798.4874451889673
-799.6676661076026
-800.5908684856308
-801.7327097273229
-802.8691482245206
-803.7624827027992
-804.8999614619407
-806.1176327879666
-807.1095867017399
-808.0922951757273
-809.3463810543066
-810.5029444612986
-811.4120432463112
-812.5568467075698
-813.7096855649664
-814.655001107412
-815.6121390295976
-816.8912563102422
-811.8815119636838
-812.8660394098948
-814.0032244468559
-815.1792136838533
-816.0359844168263
-816.9929555365244
-818.1481491312223
-819.3626766969667
-820.3824101473809
-821.6556707367328
-822.8559616213366
-823.8138110133134
-824.7608003323735
-825.9070661997368
-827.0924868844278
-828.0408176190817
-829.0213680159002
-830.2879940464364
-831.5706206923494
-832.5824201447851
-833.8278614516631
-834.9795628169873
-835.9080310443495
-836.8530774223472
-838.0432440851283
-839.3113603195885
-840.3386850519092
-841.3686026079374
-836.3670571890715
-837.5973869836445
-838.5523039631158
-839.4959551794961
-840.759246388737
-841.967192740947
-842.9910559010773
-844.0387968740189
-845.3317162323893
-846.5449038763682
-847.5240040269265
-848.4817111261032
-849.6737937135897
-850.891637876383
-851.8597559463363
-852.8785980934802
-854.2091843722425
-855.5080874452088
-856.5350222187585
-857.5338810920496
-858.5159126065838
-859.72112934169
-860.9355423478488
-861.9345554367665
-862.9833460588258
-864.3463026795324
-859.3179453980282
-860.3797384616622
-861.3854181552048
-862.3697776408835
-863.5795156320439
-864.8311880859835
-865.8643890855977
-866.9052732332625
-868.2352906320273
-869.5697233178263
-870.6031281945664
-871.6065547381438
-872.605728632807
-873.8524671237005
-875.1165638273128
-876.1538714213378
-877.2153009930033
-878.2648632517938
-879.58580555744
-880.8867038490006
-881.9300698673075
-882.951782531926
-883.9638026665842
-885.2361187511366
-886.5677131463412
-887.6450128919523
-888.7190345756426
-889.78165881009
-891.0942055917816
-892.3755623463414
-893.3929850688147
-888.1417159384296
-889.1841381717554
-890.2793615123131
-891.60397833446
-892.9675640640621
-894.0388476356001
-895.0848464330929
-896.1121479975046
-897.4166921820525
-898.7323347688649
-899.7968369954007
-900.8693803078297
-901.9708894876533
-903.0686914695353
-904.3992348508909
-905.7402375891406
-906.794387044188
-907.8458103653666
-908.9027826903754
-909.9751001989778
-911.3409058750516
-912.7094365655122
-913.8113372594208
-914.9074374743991
-915.9682041313868
-917.0153764964559
-912.0691346304744
-913.4429358897473
-920.8199024420854
-915.6343404221774
-916.735668897637
-917.8546059403981
-919.2027115700773
-920.5293125719664
-921.6090000834015
-922.7045303166154
-923.8097056078541
-924.92039519379
-926.0346773560233
-927.4284747477245
-928.8323435619941
-929.9232627324182
-931.0206560511081
-932.1037129142117
-933.1879959307186
-934.308883976495
-935.7275085086717
-937.1254551227433
-931.9580216578127
-933.0802739832938
-934.1870137383695
-935.2558869975309
-936.3524752611282
-937.4951423566049
-938.9315658538975
-940.3413082354331
-941.4697345954056
-942.5795739601442
-943.7129477314049
-944.824269809053
-945.9310903106566
-947.0596001134409
-948.4768422380121
-949.9112611891019
-951.0581289469163
-952.210409870957
-953.3420858833224
-954.4517816083634
-955.5981249630134
-956.7303628540956
-957.8655011955129
-959.2789532134622
-960.7400815823113
-955.6485530245462
-956.7970504418766
-957.9084652083559
-959.0465961238539
-960.1961508529988
-961.3443768738414
-962.4895201892159
-963.659386521469
-965.121393320987
-966.5778686119583
-967.727281047272
-968.8722959472543
-970.0078179539273
-971.1561834099364
-972.3396009882799
-973.5247573545984
-974.699673142503
-975.8764294118834
-977.0652027165544
-978.5224159088713
-979.9578032371327
-981.1099863045247
-982.2902496697358
-983.4872267172235
-984.6646634180836
-985.8705721991682
-980.7673087322235
-981.9685711218498
-983.1306859316024
-984.2939569913572
-985.4469879567374
-986.9493713684515
-988.4661738697038
-989.6585949776202
-990.8800414621912
-992.0620098534092
-993.2492671392453
-994.4165833031864
-995.5876819767852
-996.7793358248394
-997.9918342265358
-999.2017257079884
-1000.4277998792937
-1001.6468163193675
-1002.8493008019296
-1004.0269149071024
-1005.5218456348603
-1007.0187453187729
-1001.9471060994701
-1003.1660583076516
-1004.4125202186522
-1005.6493345432904
-1006.8554126001286
-1008.0409684890944
-1009.2539874138402
-1010.4708054131173
-1011.6888025579365
-1012.8908139170156
-1014.1423890954975
-1015.410563122552
-1016.6438102256714
-1017.8426660760163
-1019.0525002722502
-1020.2878507746103
-1021.5139224498835
-1022.7289507128959
-1023.962517748181
-1019.2766999463709
-1027.115812708975
-1028.3317711183595
-1023.2807434479938
-1024.5193649244732
-1025.7445923814767
-1026.9727543210518
-1028.244390137634
-1029.5213032403024
-1030.7703240015496
-1032.0037039551135
-1033.2554407780237
-1034.515908806689
-1035.739272409637
-1036.9558673529202
-1038.2347914595537
-1039.5440711292529
-1040.8203489269754
-1042.0509965645927
-1043.30809180194
-1044.597692227406
-1045.842610303021
-1047.0653121676182
-1048.3277787582115
-1049.641342228415
-1050.9385284966015
-1052.1939109767284
-1047.1700490972933
-1048.4530026287382
-1049.7155940144114
-1050.962093382827
-1052.2465803306916
-1053.5594824963346
-1054.8632197452387
-1056.1415110111552
-1057.424333385108
-1058.7117481130244
-1059.9686350996221
-1061.2212691763714
-1062.5197876743289
-1063.8432115893272
-1065.1434164025427
-1066.429643734237
-1067.7403344023312
-1069.051020511361
-1070.3222137237876
-1071.576724689702
-1072.8745638760686
-1067.936648039812
-1069.267980157498
-1070.5584544443516
-1071.867218741273
-1073.1763585499555
-1074.473735879544
-1075.75070587653
-1077.052430811646
-1078.3863354862733
-1079.7268308128957
-1081.0511756385213
-1082.3743209149466
-1083.6818163181342
-1084.9736405944686
-1086.2902323689898
-1087.6253274742933
-1088.945174436026
-1090.2788876639154
-1091.6266801149968
-1092.9719473181444
-1094.28951995806
-1095.5965163467024
-1096.9277879590397
-1091.9729827980202
-1093.335804745921
-1094.6739997100328
-1096.018694196287
-1097.3737248358705
-1098.677627055948
-1100.000679150235
-1101.012422308322
-1102.0211262508853
-1103.3666723256804
-1104.7264174029847
-1106.1094526223574
-1107.4703398682898
-1108.8040434228005
-1110.124111015321
-1111.479817593317
-1112.8469028686573
-1107.9147915255792
-1115.5498509079694
-1110.6831402291866
-1112.0569301717576
-1113.3887646248736
-1114.7050252885433
-1116.0717945094082
-1117.45403351201
-1118.8323173837316
-1120.2172285955155
-1121.6023515627348
-1122.9851887688226
-1123.996492471148
-1125.0140184573925
-1126.3722443377683
-1127.7570927092333
-1129.12793465947
-1130.5267633955582
-1131.9489581666608
-1133.3329432904748
-1128.4050881990963
-1129.7679256209467
-1131.1652307388033
-1132.5547260340359
-1133.9431607619222
-1135.3796114146955
-1136.819405138586
-1138.1763889718368
-1139.2066858953362
-1140.218883878887
-1141.6241233700057
-1143.0331214421917
-1144.439624370115
-1145.8483940352019
-1147.291172089589
-1148.6968582192321
-1150.0754050561031
-1151.4567658722526
-1152.8806239535672
-1154.3286206837745
-1155.728921824084
-1150.5017165137986
-1151.596692985696
-1153.0111768795202
-1154.390620608732
-1155.7868121696677
-1157.2287689715752
-1158.6890108850478
-1160.1209294411992
-1161.5447425006073
-1162.9843906617843
-1164.409356927028
-1165.4634541346093
-1166.507855860109
-1167.9656256761648
-1169.4281412089042
-1170.8824442017649
-1172.30096161743
-1173.7410254131091
-1175.1704199112091
-1176.6011560078803
-1171.737753971727
-1172.8290382272617
-1173.9309713336572
-1175.418138576716
-1176.8699686850196
-1178.3264722551617
-1179.7589569858803
-1181.2002650027334
-1182.6395884483713
-1184.1221404112127
-1185.5948973144993
-1186.7060565798934
-1187.7933777820704
-1189.2489746550375
-1190.7040916646238
-1192.1644363919809
-1193.60550894145
-1188.8063547636646
-1190.3022650983671
-1191.7970036861798
-1192.8891230771833
-1193.9921207338975
-1195.4303983407387
-1196.9096174536394
-1198.4068078160242
-1199.8981780368724
-1201.3816058237437
-1202.888668874186
-1203.9922302585992
-1205.1120201735262
-1206.564641950001
-1208.0374602449076
-1209.5524706258998
-1211.095892000792
-1206.3058889709412
-1207.7859413450083
-1208.8740198593887
-1210.0092354592343
-1211.5021952862915
-1212.9953711340231
-1214.5203378997435
-1216.0369288385473
-1217.5600459028683
-1218.6727395950252
-1219.7832046632682
-1221.2756893330275
-1222.8044941309229
-1224.3231631503972
-1225.8611494373079
-1227.3827951076469
-1228.890383120949
-1230.0233764299767
-1231.153833712464
-1232.6661265534299
-1227.915214127424
-1229.4651515370222
-1231.00938920148
-1232.1430191116237
-1233.2974842353078
-1234.8012489963955
-1236.3366965146183
-1237.8472345447772
-1239.4196538086694
-1240.9792017979444
-1242.1334500523647
-1243.2723215639392
-1244.8081921485668
-1246.3518684551393
-1247.9130076456333
-1249.456381867075
-1250.615909196089
-1251.7837820889436
-1253.3724456080163
-1248.6320698971135
-1250.1461642386612
-1251.6882751523274
-1253.2678923090762
-1254.4642524840976
-1255.6349291614051
-1257.1832777653303
-1258.741208226454
-1260.3173279727898
-1261.8719550329308
-1263.0370394906486
-1264.2031990254554
-1265.8125404155658
-1267.3990022604519
-1262.6842290389638
-1264.225157531242
-1271.6965265597164
-1266.5912888055525
-1268.1916283516887
-1269.7888015000492
-1271.3886097578418
-1272.569030849972
-1273.745839073433
-1275.3205766131427
-1276.9158839377171
-1278.5030821454106
-1280.109669535221
-1281.3147319488942
-1282.528997021581
-1284.123665530115
-1285.6877881311025
-1287.277819907571
-1288.484070460962
-1283.4304959100332
-1285.0499173261826
-1286.6592703918998
-1288.259577219778
-1289.4630830591695
-1290.649666625086
-1292.2614700971324
-1293.8842038537607
-1295.5173038557023
-1297.146384910726
-1298.3532273673118
-1299.5539386570765
-1301.1658264424298
-1302.7823647193238
-1304.423764037501
-1305.665728900711
-1306.9078492699132
-1308.519845529549
-1310.1310603161749
-1305.4773722367945
-1306.716701207848
-1307.9473958425351
-1309.5929092742565
-1311.2494577963964
-1312.901684256133
-1314.1397692117134
-1315.343981296435
-1316.973595606238
-1318.621822665396
-1319.884536772429
-1321.1459489482083
-1322.8034134645368
-1324.4258347457376
-1326.065590466572
-1327.3109978747184
-1328.5731429234506
-1330.2454146422115
-1325.6269199448411
-1333.5690221759335
-1328.5412563507828
-1336.0719003034496
-1331.4459449974204
-1333.1002871447806
-1334.3653227404945
-1335.6500623717154
-1337.3492105221355
-1339.0019651630575
-1340.6412173077892
-1341.9207640795705
-1343.1946639816613
-1344.9035590336114
-1346.5671637003427
-1347.846873180128
-1349.1098017695672
-1350.816337514828
-1346.1872562316705
-1347.8654649035745
-1349.1356401191986
-1350.4496004896935
-1352.156758138282
-1353.8440563863805
-1355.067403234748
-1356.370124551756
-1358.0782266117117
-1359.8019508486109
-1361.0886070745682
-1362.3753763623881
-1364.081011886126
-1365.7777107490258
-1367.0633125449474
-1368.3476026880314
-1370.066689158839
-1365.506584022824
-1367.2578278964193
-1368.5292017930876
-1369.8243521899647
-1371.5130404510087
-1373.2457815158164
-1374.5788529110891
-1375.8942000955496
-1377.6200085656449
-1379.3219543567536
-1380.6206095988548
-1381.9291091468485
-1383.6848705646682
-1385.4118500110396
-1386.7280512146292
-1381.7605874087901
-1383.5321940066679
-1385.2559692900375
-1386.5531216047793
-1387.844604973433
-1389.634135683452
-1391.4227793226505
-1392.7281407012945
-1394.023278169313
-1395.7502270193554
-1397.0770607342347
-1398.4166082519487
-1400.196132128366
-1401.9292164614733
-1403.2886578924035
-1404.6009527891488
-1406.3570050025805
-1401.8190375922925
-1403.141255163801
-1404.4807735893382
-1406.309858745061
-1408.0856446895855
-1409.4078570429733
-1410.695238248284
-1412.4893843857128
-1413.8633096090468
-1415.2248632225624
-1416.998507735099
-1418.7705849164868
-1420.1099687651354
-1421.4536044197532
-1416.9555961785848
-1418.7555248896324
-1420.1095601822783
-1421.4932287372794
-1423.2820474081655
-1424.6109085826245
-1425.93486591548
-1427.7586980773324
-1429.5743803077166
-1430.9358525770508
-1432.293630236971
-1434.0884155018477
-1435.4435238036872
-1430.537311125178
-1432.3631746080925
-1434.1720950094762
-1435.5617342435344
-1436.9236534860233
-1438.7527657071398
-1440.0796489555544
-1441.4658664172775
-1443.2813946337737
-1445.1286172030022
-1446.5078068144526
-1447.8554173094428
-1443.3876943841678
-1444.7669458910818
-1446.1512788228672
-1448.0012982397898
-1449.8600966184
-1451.2382631045018
-1452.644261822777
-1454.4371911495373
-1455.8257846652627
-1457.2124003054557
-1459.0587618194725
-1460.4557189541604
-1461.8816909351588
-1463.7093203551565
-1465.559165574106
-1466.9401240938907
-1462.0104658997516
-1463.9586896768194
-1465.340540450579
-1466.7405208056819
-1468.5782097924275
-1469.9319133930057
-1471.4129915784274
-1473.3120903964652
-1474.6787826878297
-1476.069654699729
-1477.9551378821363
-1479.8753235777178
-1481.2231497026014
-1482.5847236366674
-1484.4966929941124
-1479.6508845455417
-1480.860339787004
-1482.958834237036
-1484.3314599192609
-1485.7386690683434
-1487.688751462208
-1489.1626676937099
-1490.59367822367
-1492.4073715242182
-1493.838347686947
-1495.2889952000892
-1497.2030760338544
-1498.655139191779
-1500.0043132353783
-1495.7180284198453
-1497.6131608571332
-1498.9586598388814
-1500.4474012623982
-1502.3557606801041
-1503.8217193972066
-1505.3388916544852
-1507.1923539034499
-1508.599394240451
-1510.0285327476574
-1511.9734205070686
-1513.4388042315913
-1514.889296945188
-1516.8001950497564
-1518.2752850231495
-1513.4345985217064
-1515.3590583237183
-1516.7836931453646
-1518.234013266962
-1520.2099775647362
-1521.6828278918686
-1523.1655945331806
-1524.9905704658443
-1526.4597576207714
-1527.9538331332594
-1529.9510330864448
-1531.3854363567389
-1532.8297434517274
-1527.9879032436754
-1529.4708465279737
-1531.4535429948255
-1532.9308783746317
-1534.3731745945277
-1536.3238846155566
-1537.8078484187668
-1539.2941683856402
-1541.2655679161978
-1542.7298007705074
-1544.2044035102933
-1546.2023270901448
-1547.710675415364
-1549.1756674581552
-1551.1368907825113
-1552.62444088893
-1554.1197708341076
-1556.1254847687828
-1557.6219153198151
-1559.1091000789697
-1554.7655355674249
-1556.2840650941898
-1557.7682921236035
-1559.2436223863822
-1560.813188724479
-1562.7990091821196
-1564.264972940524
-1565.7397011609319
-1567.7736732687208
-1569.3281793065096
-1569.1925339355946
-1572.7784195953575
-1574.2694939898836
-1575.7890445479204
-1577.3367830297311
-1578.8531079982542
-1574.5667062885946
-1576.0721363536252
-1577.5655687896235
-1579.6274269218382
-1581.135245529645
-1582.646975028208
-1584.6481341053163
-1586.1945504863672
-1587.745557147601
-1589.2557988859753
-1590.751057558866
-1586.4973397437595
-1588.0377662657636
-1589.609875367043
-1591.6891886953636
-1593.2149450080346
-1594.662347010194
-1596.2187504466165
-1597.7601163343402
-1599.8242816275729
-1601.3484334220784
-1602.886705124608
-1604.9247384436087
-1606.4886161883194
-1608.0495144518395
-1603.3019962623612
-1604.8854076244338
-1606.9194401301027
-1608.4656848435193
-1610.0135955957908
-1611.5795629016498
-1613.1406616152094
-1615.2217792004146
-1616.7553490146113
-1618.3048671206807
-1620.358620526404
-1621.925263742227
-1623.4979734299745
-1618.7806418160512
-1620.3399213061286
-1622.3985333125884
-1623.963006891004
-1625.5238999887213
-1627.1136641188843
-1628.6749291962208
-1630.7801516085196
-1632.343705998248
-1633.9138781996103
-1635.4734941154172
-1637.033537985307
-1639.1441613829995
-1640.750718246344
-1642.3521599488495
-1637.6328197469802
-1639.203440949201
-1641.2999983644625
-1642.9129848494179
-1644.5320832145082
-1646.1158317831885
-1647.6992139712809
-1649.765888642159
-1651.3914625727825
-1652.9862238740586
-1654.629051027797
-1656.2276328164749
-1651.9758510884583
-1653.6293909699943
-1655.2022743342616
-1656.8700052308125
-1658.495177408753
-1660.6126565294371
-1662.199534045745
-1663.7628375219786
-1665.4188866481445
-1667.0668946079447
-1669.2284723829307
-1670.8018328446285
-1672.401906855988
-1674.0021918242253
-1669.3745777269276
-1670.9926698828103
-1672.5800954898436
-1674.7482879054405
-1676.3652956817907
-1677.9854723073097
-1679.6479788811598
-1681.2888918127371
-1683.4377423034612
-1685.0937039573862
-1686.731227038068
-1688.3645058099635
-1689.9833811161034
-1691.6356956134384
-1686.980485814216
-1689.184892150641
-1690.8340123489338
-1692.4516180889545
-1694.1086389076966
-1695.7235079693573
-1697.384166853098
-1699.0616564844506
-1701.2756731895015
-1702.898316727163
-1704.5201964107696
-1706.17775925413
-1707.8643227275595
-1709.5542385011656
-1704.8979086561983
-1707.0369171338382
-1708.7269310360907
-1710.4295529635842
-1712.1246223299
-1713.7876452134562
-1715.4482357193879
-1717.0925338661298
-1719.3192728570214
-1721.0199765708535
-1722.7164844657004
-1724.3843411311136
-1719.7551639568626
-1721.241452396377
-1723.1242131355302
-1725.3932747283216
-1727.0613501252933
-1728.7362934429812
-1730.412914898338
-1732.1308399347647
-1733.8049672578215
-1735.4987630726455
-1737.0345653329052
-1738.8698797736608
-1734.8747722233197
-1736.5592131047276
-1738.2160930095986
-1739.9006827399992
-1741.6253550842332
-1743.3529274998896
-1745.0943844443175
-1746.7246322426945
-1748.432762977431
-1750.1158431118129
-1751.7773796135652
-1754.0745147964199
-1749.563933515221
-1751.291727741691
-1753.0049244257386
-1754.7565984183273
-1756.459730711106
-1758.17678441884
-1759.8711332934936
-1761.5998007468222
-1763.3319616629524
-1764.9709491779204
-1767.359161932472
-1762.7717634691137
-1764.5309597817075
-1766.2729860062
-1768.0135194190184
-1769.7095687885778
-1771.4639289670629
-1773.084678914857
-1774.967520678641
-1776.7116214250686
-1778.4373324809214
-1780.7681010340964
-1782.5373141068474
-1784.2848640362938
-1779.759653214279
-1781.4922325870637
-1783.2263319772173
-1785.0267371149391
-1786.7703459651034
-1788.5123739410142
-1790.2649571373297
-1792.0404887932389
-1793.8168432448006
-1795.5004402547622
-1797.2560872745569
-1799.0934869555656
-1800.8278002709824
-1802.6548145748304
-1798.7334038025376
-1800.4788147617198
-1802.2634355014093
-1803.9157264799583
-1805.7396772407462
-1807.5830132715437
-1809.3730515906827
-1811.191966385577
-1812.8878959973142
-1814.7379670870214
-1816.5156809477794
-1812.1088018044552
-1813.8099742795746
-1815.6236668195047
-1817.431467651489
-1819.1973244635553
-1820.9777044625218
-1822.758073124933
-1824.5457499189113
-1826.3853017828828
-1828.1878121586947
-1829.9675907499868
-1831.7796519120577
-1833.6055269330998
-1835.3799954141236
-1831.5457411652314
-1833.341214366024
-1835.1301565336457
-1836.9402079571378
-1838.7856624661608
-1840.6342629873925
-1842.4412162434667
-1837.4970083862177
-1839.7513931538326
-1841.590745224553
-1843.418931307991
-1845.230086660166
-1847.0469058756548
-1848.8851544581948
-1850.7350359122408
-1852.5994995561355
-1854.4383017670289
-1856.2456693242505
-1858.0675070836883
-1853.6198251966612
-1855.5043781639026
-1857.3524329722127
-1859.2300181495082
-1861.0505742754094
-1862.9039671509272
-1864.7214090641673
-1866.5698030084689
-1868.4832595511791
-1864.0373975121654
-1865.9016735190164
-1867.6990948519692
-1869.5240760426757
-1871.4437998434144
-1873.3255847578562
-1875.1923952588868
-1877.0787097899167
-1878.89239669615
-1880.7655631038974
-1882.583484873101
-1878.2329978785842
-1880.1466828543712
-1882.0343510784974
-1883.8071195210239
-1885.6776549246579
-1887.5493456988377
-1889.5028383116398
-1891.4005596279378
-1893.2071326791925
-1895.074155327676
-1897.0158377498062
-1898.259125985246
-1893.842628202891
-1895.7211592522585
-1897.6107585036505
-1899.471901002052
-1901.4301307431379
-1903.2631745324647
-1905.1199196937769
-1906.9985653840633
-1909.0166861926914
-1910.8420133868703
-1912.7556055840337
-1908.3564073626658
-1910.2835104027201
-1912.0933949787534
-1914.0547789792981
-1916.0047030683907
-1917.8730487492628
-1919.7317918659694
-1921.5970877409559
-1923.5371641581646
-1919.2218431010758
-1921.106364131925
-1923.0212186338476
-1924.9048689460772
-1926.2204101825548
-1928.1186450397302
-1930.018293687193
-1931.95031566579
-1933.924329651436
-1935.7999909694186
-1937.6787404263187
-1939.6886135355846
-1941.5518574173493
-1937.2375595441863
-1939.1637841504978
-1941.0186661168004
-1942.9540079631295
-1944.9176283458821
-1946.8853906880204
-1948.1088431087455
-1950.052752408132
-1951.9804222708576
-1953.9474762185362
-1955.9198259148068
-1957.8029978721165
-1953.4707333251138
-1955.4466697431374
-1957.4203067070446
-1959.2957895867394
-1961.235917922337
-1963.1909556105793
-1965.1908175113235
-1966.4375367889586
-1968.3819424261994
-1970.3338795405082
-1972.3258026015233
-1968.0123619668643
-1969.9028302859483
-1971.8737069509616
-1973.844295193207
-1975.8161408068374
-1977.7147851370198
-1979.7337657935775
-1981.0244655413856
-1982.9793271045583
-1984.9799207173737
-1986.954209129571
-1988.9347375451812
-1984.5882592523471
-1986.5593538863586
-1988.5940305013085
-1990.533884608591
-1992.5145709143624
-1994.4597977644064
-1995.7882196435382
-1997.7718605724535
-1999.7752602727749
-2001.748739019351
-1997.445381243639
-1999.4691519475093
-2001.4454338483356
-2003.445462407189
-2005.434635125068
-2006.7553482684248
-2008.7409678265976
-2010.734904187823
-2012.7371176283937
-2014.7380677367303
-2016.7584289372694
-2018.7750215634062
-2014.469813899006
-2016.476478657589
-2017.8125705830173
-2019.8227373110094
-2021.8379547152206
-2023.8848427348023
-2025.866792834499
-2027.8833875583464
-2029.9062677350464
-2031.2401139491728
-2033.2760636182109
-2028.9788938587776
-2031.0028671765958
-2033.0495301091437
-2035.097331717941
-2037.138949633083
-2039.2058810516485
-2041.1570634433317
-2042.5389244092435
-2044.5562606247822
-2046.6092839906303
-2048.582602615474
-2044.3339495136254
-2046.4036207678955
-2048.4793056870035
-2049.8115076511617
-2051.846680348712
-2053.871835490432
-2055.894230849054
-2057.9466368419808
-2059.3139491290735
-2061.3877011968093
-2057.162222703324
-2059.228131815405
-2061.2726106534938
-2063.311655848428
-2065.3586570421617
-2066.6994654374444
-2068.7600040428956
-2070.833835338342
-2072.9296542398824
-2075.014008921525
-2070.779095706385
-2072.821715735796
-2074.179005819868
-2076.2458682545007
-2078.323007920041
-2080.4318507517955
-2082.496556468948
-2083.8772225712555
-2085.96176017851
-2088.038952647886
-2090.1094017510486
-2092.182541368951
-2087.9599261902895
-2090.040812795728
-2091.4560334819253
-2093.569619634385
-2095.6561451366933
-2097.718643778535
-2099.7994741765683
-2101.1913316446244
-2103.2729561419756
-2105.3847523638983
-2107.474851547456
-2109.592863781945
-2104.7371391815946
-2106.850008572112
-2108.947570406188
-2111.008691773346
-2113.092154049458
-2114.4854780167057
-2116.619565329238
-2118.7898375843615
-2120.915574170192
-2116.7400819404925
-2118.8483730585626
-2120.9463929439107
-2122.3601834654205
-2124.4624129635317
-2126.5828234440905
-2128.706504078159
-2130.83346642211
-2132.3233897744176
-2128.165526680621
-2130.2668368403647
-2138.648208378616
-2134.5070906633455
-2135.9526476399387
-2138.090388649381
-2140.2339261911643
-2141.6445046461895
-2143.7784154095716
-2145.913963848553
-2148.0834800952925
-2150.2204591536
-2145.3817954974397
-2147.5430636221604
-2149.707852932884
-2151.8501564111775
-2154.0822825731225
-2155.408058811522
-2157.5219555248264
-2159.749097658298
-2155.6446244285194
-2157.816982055673
-2159.27211919741
-2161.3957289979276
-2163.5720838204343
-2165.7460007694194
-2167.923129866574
-2169.3696346775523
-2171.5414943987757
-2173.715645578426
-2175.1629233565322
-2177.3312647620664
-2173.2522324033744
-2175.4155979842194
-2177.5895068264545
-2179.044499118045
-2181.2606220689945
-2183.4193835013516
-2185.595343762742
-2187.8120531336112
-2189.2720248287856
-2191.4943544823573
-2187.4050415455345
-2188.8923479777313
-2197.27820035492
-2193.240269554111
-2195.4334037128356
-2197.6385895139215
-2199.1158835191623
-2201.3216909089288
-2203.5777432199725
-2205.06268193377
-2207.332811682715
-2203.2236018717986
-2205.391945841392
-2207.5624897648904
-2209.0369241602925
-2211.243650718596
-2213.4582558672287
-2214.969162087665
-2217.2494915922457
-2219.523460285096
-2215.491856240617
-2217.678022232406
-2219.1498045640355
-2221.315934929133
-2223.5396729352797
-2225.039359383099
-2227.2517058595113
-2229.571492578556
-2225.564905560988
-2227.8234984764536
-2229.3342239769017
-2231.55541594606
-2233.7601603964054
-2235.2463531539
-2237.480033944693
-2239.758955307586
-2241.2575589777016
-2237.254817493666
-2245.8314743494007
-2241.811063379829
-2244.0506191149047
-2245.539893100588
-2247.761266292354
-2250.00934604559
-2251.5361693670884
-2253.8109781293215
-2256.1483740807525
-2257.6370970767134
-2253.711570370238
-2255.96896428325
-2257.470422114172
-2259.7197901439704
-2261.904646687805
-2264.125487310949
-2266.475498880973
-2268.0355377863684
-2270.355865230198
-2266.396826436839
-2267.9610477564916
-2270.2953832261446
-2272.568768364689
-2274.0273159964772
-2276.2838069747686
-2278.5280695037222
-2280.0666395135404
-2282.3942977406164
-2278.485013998883
-2286.3444682975673
-2282.391264868952
-2284.7012687467036
-2286.9823803299537
-2289.2368619337
-2290.7796832830377
-2293.08725107638
-2295.43555536162
-2296.973046397564
-2299.349863281858
-2295.4041084194246
-2296.9780756054624
-2299.3032893577524
-2301.6015292201314
-2303.117997225115
-2305.424626861144
-2307.737222051668
-2309.293581520504
-2305.3434466527574
-2307.7074376475243
-2309.311622353427
-2311.6405856680767
-2314.045327717798
-2315.5931843725516
-2317.9377616564484
-2320.273600499195
-2321.8304445811627
-2317.866112762543
-2320.212424327659
-2321.7894513661586
-2324.167944605353
-2326.536701626316
-2328.073783794983
-2330.42911889033
-2332.8067732586605
-2334.4454450636367
-2336.805706485268
-2339.157447399588
-2334.4913962139244
-2336.8699040917577
-2339.2222481168333
-2340.7724711376777
-2343.127281962443
-2345.511063568744
-2347.1118986860865
-2349.4877258652186
-2345.5891454621456
-2347.1997445146153
-2355.8778725154257
-2352.002854856363
-2353.571967208411
-2355.9482455282046
-2358.343096365036
-2359.951694521081
-2362.3756063408905
-2358.498271347159
-2366.376293905553
-2362.523815346076
-2364.935167081198
-2366.517547338441
-2368.9075968456195
-2371.277455313662
-2372.891447196329
-2375.273445393
-2377.690984404729
-2379.2899284374284
-2375.4314999622356
-2377.8913352765776
-2379.5335176427106
-2381.98186753649
-2384.3909436390986
-2386.0275901487776
-2388.4820789646346
-2390.9105449702724
-2386.2304470532454
-2394.130778442249
-2396.5289326686
-2392.677585058098
-2394.283416094448
-2396.713051217475
-2399.1517197604417
-2400.7676519510815
-2396.9158357375854
-2405.6813648354646
-2407.330681149404
-2403.5278328882923
-2406.004028222908
-2407.633518895708
-2410.136621291276
-2412.582173998318
-2414.221841969805
-2416.655557832678
-2419.083048449384
-2414.437130384375
-2416.0787256792737
-2424.7916035237436
-2420.9794872968837
-2422.6446301663764
-2425.133390439007
-2427.587576387949
-2429.2116891075475
-2425.4206521931646
-2427.9318438090963
-2435.889985731214
-2432.065744282654
-2434.532091362845
-2436.181876006718
-2437.8762677713453
-2440.3782347517185
-2442.8658305675704
-2444.541755171278
-2447.0270319047177
-2443.242234309282
-2444.8925824283606
-2447.3771603871373
-2449.875332826815
-2451.499958660917
-2453.2127299679782
-2455.751767515374
-2458.255025296857
-2459.9032257177673
-2456.147342444899
-2458.66047485545
-2460.344116579525
-2462.858614268555
-2465.3570302359667
-2467.037178322523
-2468.733569585697
-2464.9819079443414
-2467.5052546082884
-2475.4938240094234
-2471.7979401151424
-2474.3642287224566
-2476.00453419759
-2478.5402214901815
-2481.066773211661
-2476.460749615759
-2484.3818427616397
-2486.86010504145
-2483.0888049645414
-2484.7773318107343
-2493.5643442830897
-2489.840115034352
-2491.5549906036704
-2493.294227782627
-2495.909487041921
-2492.2214340313203
-2493.977247583873
-2496.5959144869976
-2499.145084404974
-2500.836519976377
-2502.5463119789365
-2505.034385756862
-2507.538783093238
-2502.955510851815
-2505.484507403789
-2508.04018314146
-2509.7381883644016
-2511.464137457236
-2514.04209078405
-2516.6450660321902
-2518.3837985230857
-2514.6704489636877
-2517.2584164444297
-2525.3072011105755
-2520.6998987488746
-2523.316499600915
-2525.883033051068
-2527.6245776634096
-2530.2438798041035
-2526.535947031319
-2528.2311515974893
-2536.22541005435
-2532.525213313799
-2535.132740194449
-2536.8483306254952
-2539.473398920343
-2542.0385886450435
-2537.4772538406737
-2545.483830678047
-2541.845449578623
-2544.4529188069596
-2546.2285534998236
-2548.0069531705967
-2550.658780220872
-2553.2966230566562
-2555.0741416871956
-2557.709887078404
-2554.0191234798403
-2555.7636328400004
-2563.7924342359884
-2560.100985540768
-2562.6633762719507
-2564.3668330916003
-2566.173632629289
-2568.760476271553
-2565.051510176008
-2566.8113004484494
-2575.78067014293
-2572.1359741751257
-2573.9337041071713
-2575.7242576092244
-2578.385984120406
-2581.074676214039
-2576.5656025074663
-2584.584863890168
-2587.225933118478
-2583.5493464772617
-2585.284176294303
-2587.0074018889336
-2589.6088384213026
-2592.256809391748
-2593.9655754974183
-2596.673458087225
-2592.9457694439966
-2594.6932145342334
-2602.7479604420027
-2599.1413639014568
-2601.794100135255
-2603.5562929145653
-2605.333579186685
-2607.9841567924127
-2604.3605874782415
-2606.1025947426056
-2614.0722677383924
-2610.38060164906
-2612.9724318472818
-2614.716057173787
-2616.4470491645193
-2618.9872607309117
-2615.4033675524365
-2623.337408573232
