1.169466035530728
-1.3907677660772324
-2.576195880975827
-0.9337550439178948
-1.2441851854981207
-1.9455787138309015
-2.0090594641355546
-2.0655457516906353
-2.04456094259081
-2.0470961846455786
-2.044914307418451
-1.9557007484781346
-1.9946861151805841
-2.025059385261847
-2.019695618479947
-2.0139206299723904
-2.0481741029501626
-2.078228680138381
-2.1122892773666506
-2.13942034025254
-2.1461705426628406
-2.1320478627287045
-2.1276934784962127
-2.151757029594448
-2.15637310844213
-2.1529660652578997
-2.169192797079856
-2.202781152328503
-2.216143382136168
-2.2167455750437224
-2.2377719971112904
-2.252247026322427
-2.2655765302396205
-2.279039442426699
-2.2883535940220754
-2.2436317420871013
-2.2651107573901776
-2.3391025690556866
-2.3585358161197796
-2.368337623051177
-2.37033464311795
-2.3775798986917955
-2.400549313233984
-2.397669163226975
-2.42225553922794
-2.443937125147932
-2.474507517937077
-2.494095308451977
-2.502535200934752
-2.51522559548562
-2.577179215562645
-2.6102741428842706
-2.623676942662753
-2.6315347199610115
-2.655563456988157
-2.695894992931592
-2.6997109306817766
-2.7049132239617943
-2.720604316142115
-2.7521625457905743
-2.7895599276228005
-2.8006832801583053
-2.8215968537565095
-2.890507144370541
-2.9274803576775903
-2.9443831344097666
-2.9593571566476395
-2.994449376184939
-3.0321195204028024
-3.0422312920075134
-3.059639584410218
-3.0843724919585007
-3.122240859042127
-3.165770692752734
-3.200641533894673
-3.241146117173126
-3.276362839648033
-3.3091674285783377
-3.3386951420340134
-3.369298258177148
-3.404675593171118
-3.435761785432627
-3.450928711892033
-3.4998971629409197
-3.5412588052021055
-3.5690883708807397
-3.6029944895929344
-3.643750860930266
-3.691267686798471
-3.727198415396747
-3.7614568223177574
-3.7976629817768313
-3.8440134224442826
-3.8931535352128934
-3.931578503132303
-3.9485072276991193
-3.9877522962585004
-4.033350048604192
-4.076984888636766
-4.11501911760068
-4.15536662785222
-4.232209283787891
-4.2568708451464214
-4.2923089975880115
-4.324607830233624
-4.374743188732457
-4.430404621156831
-4.484162097250725
-4.51961218815303
-4.5641552867289805
-4.617256788678315
-4.66895096480587
-4.718205642769093
-4.75982516965018
-4.788244172847947
-4.840580827517768
-4.897011185779605
-4.944723200853235
-4.996917217311735
-5.053819091539675
-5.114436652012662
-5.154730727877912
-5.1954463494978675
-5.249577267059963
-5.31283762361037
-5.3761168931833865
-5.3952115462288175
-5.469307781712724
-5.512537438177433
-5.5628120429442856
-5.623257753803928
-5.682634346071324
-5.73329752340625
-5.79779003056306
-5.861754420451319
-5.927508902634538
-5.976438066845569
-6.023090431790933
-6.04811133191799
-6.113216699690869
-6.194258563070855
-6.25241495890072
-6.319878139789698
-6.380419027075716
-6.437214095970998
-6.503256974483505
-6.533823630805028
-6.631307267951477
-6.689385002643945
-6.755913515865005
-6.8112799337069765
-6.8731402913560595
-6.950421664221308
-7.020494660327064
-7.045076110503698
-7.108765558797793
-7.176021322633881
-7.244796500332184
-7.3115641237136115
-7.402140924000481
-7.462630004097724
-7.5331289594461
-7.605996722723138
-7.677244027765515
-7.748232451600363
-7.825235402255354
-7.892411890280829
-7.9642887855157865
-8.040482727417196
-8.10984132015526
-8.172669925378328
-8.20510497647411
-8.306488209225007
-8.37988662835318
-8.452475165579214
-8.532189874231127
-8.612321075860423
-8.690866407713065
-8.736558928824458
-8.802206379223868
-8.876769982199837
-8.972073639470242
-9.051967093714183
-9.119745534264528
-9.187944547366273
-9.270793618530062
-9.351452508927807
-9.433026779804377
-9.50795041309385
-9.590122345080434
-9.674139476657437
-9.775743701262254
-9.854871507909722
-9.930980414896338
-10.013808929696099
-10.09914907900965
-10.183802805463948
-10.244010305667231
-10.329223829512927
-10.41897661234853
-10.504863520940633
-10.5826254662213
-10.669619013927653
-10.759834517744395
-10.856553821616851
-10.940100576498605
-11.032465533202537
-11.121054118588484
-11.20881558083487
-11.301716122287885
-11.28064396600944
-11.460573933009206
-11.548229596079272
-11.638429962301592
-11.727259699219141
-11.814252098072277
-11.906389449677723
-12.002452525954814
-12.0924753963834
-12.185362764820328
-12.278160656283571
-12.369635278942074
-12.464366846863557
-12.577829625787054
-12.672362809791531
-12.765809659356373
-12.860609621420876
-12.957909359390746
-13.055018987027866
-13.148721822928483
-13.225565704912377
-13.328257337594
-13.427966082983225
-13.525584671413933
-13.630810356810281
-13.736234887185283
-13.82962806605225
-13.939371464176398
-14.041265277399228
-14.145900914030307
-14.250416231117185
-14.3510750694452
-14.44949282925107
-14.55133517579532
-14.655218190287256
-14.760930503386053
-14.856882175221456
-14.95587580746306
-15.07092386849712
-15.167570281898563
-15.266931510251874
-15.365022955481065
-15.474807937799575
-15.588558411462262
-15.703922896176909
-15.806452377596163
-15.929347941140408
-16.040403320267625
-16.151313635958896
-16.257102837676943
-16.359623227734325
-16.47085093012129
-16.574972681861873
-16.691772640157073
-16.795271765547177
-16.90309962269763
-17.033564742014878
-17.152757677057817
-17.25696646157693
-17.364772415505502
-17.47547755634836
-17.591769793657445
-17.714529595284525
-17.827821830558115
-17.93844610304906
-18.06898550447535
-18.188286654168014
-18.303447474047065
-18.42179198334423
-18.543980590384958
-18.660664411281076
-18.779445919302002
-18.883914372558717
-18.997912206360848
-19.11949249800527
-19.245488052807847
-19.36963079174077
-19.486737198651063
-19.606999289747595
-19.72898290637424
-19.855426610201924
-20.00504650479343
-20.11564483253735
-20.257167394622606
-20.369734699802557
-20.496428486788965
-20.616707234214992
-20.737444851248114
-20.865416083900914
-20.9948530532685
-21.118003497739497
-21.223873741906345
-21.352499979376912
-21.491156576437547
-21.628940004547328
-21.755946840285592
-21.880971194867627
-22.012831689438926
-22.144373712486075
-22.27623788225114
-22.404982967619436
-22.53568862810091
-22.664795718131373
-22.794732550362294
-22.945968099697676
-23.082836516679297
-23.214775828481418
-23.350657613834695
-23.491585530100178
-23.632128433671
-23.77413830217621
-23.904801123262015
-24.019182284814473
-24.160095642949965
-24.29275878957162
-24.425479432496434
-24.56432301613125
-24.709501754859158
-24.855365923686836
-24.987548204416765
-25.126861745575994
-25.27865963426001
-25.418104277428473
-25.564206663645496
-25.70003889955421
-25.842818376921237
-25.990702328604684
-26.136279160307755
-26.275345482433245
-26.408388328766115
-26.549044575498616
-26.702402476029988
-26.841602993468292
-26.98132847731657
-27.130314611527353
-27.287586550953325
-27.437206660638452
-27.60729375314427
-27.72867618846946
-27.876961999492565
-28.030045522669884
-28.181943792411374
-28.3237259200381
-28.479450694589204
-28.631155598254896
-28.785991952169717
-28.942587495946825
-29.090057513143154
-29.238748964951697
-29.39895604152759
-29.50888464748235
-29.700164309184412
-36.082010509466485
-36.28619667796416
-36.44587333116974
-36.59736712782721
-36.74040414293819
-36.90181671448289
-37.06249485297061
-37.2162957708321
-37.37664743884664
-37.53749173017446
-37.69584209864732
-37.86522352805331
-38.02662388493466
-38.18625004163012
-38.34472554504099
-38.508199842927894
-38.671443535808415
-38.82722940377265
-38.985686994750516
-39.14496365834778
-39.31037913088315
-39.47994637568149
-39.6465720178125
-39.809337732771255
-39.955744679278936
-40.11866516018591
-40.287863697131435
-40.45702853957829
-40.626853184621474
-40.78907357834504
-40.95347026206773
-41.1228737576236
-41.282995246375
-41.45194919455265
-41.626188770437956
-41.79718899521187
-41.97117311790516
-42.14197233333209
-42.27339768033016
-42.490006778645
-42.66299565027855
-42.829044452423446
-43.00784804447462
-43.18837284759257
-43.34366399181311
-43.51608424878467
-43.69897869640879
-43.88716091438357
-44.059891397111315
-44.229219547885876
-44.40938422541068
-44.586127309502004
-44.765348188873084
-44.945520986676755
-45.124477594455286
-45.300956465552396
-45.482725317924015
-45.6619381209459
-45.843382399988826
-46.02720932687888
-46.207499954409904
-46.383984948105464
-46.57261777598024
-46.756115283966054
-46.93197967430277
-47.1183197305059
-47.31043123446267
-47.50576103960788
-47.6872603577795
-47.85988654325574
-48.04970534478188
-48.23323365663031
-48.42075106028352
-48.61388193681151
-48.799325364191766
-48.99381713985806
-49.18745855041386
-49.37762781029456
-49.56376338552312
-49.7576233010446
-49.94724293117425
-50.14404719711281
-50.340390313386365
-50.53994192100668
-50.72738093669668
-50.91140646902221
-51.11569464667842
-51.32075930856207
-51.50978788131944
-51.69109453876306
-51.892356744184085
-52.10849453419517
-52.303214482162375
-52.490788684799334
-52.700910394829116
-52.9182470890769
-53.10349593188594
-53.29578266273275
-53.49859553934577
-53.70167484467261
-53.91159488162867
-54.11931072999407
-54.32231168381484
-54.52680724586334
-54.73675173808368
-54.94504669206579
-55.15854686918239
-55.37797958332359
-55.583311591330684
-55.79649687309567
-56.020523313287136
-56.23111631675193
-56.43174733049652
-56.65028719637389
-56.877143617465016
-57.0981439496101
-57.30730279931769
-57.51915430393579
-57.730115079835016
-57.985330987326314
-58.19311910964736
-58.401629708540206
-58.621436336856156
-58.858747807683244
-59.08575222296749
-59.295620988078156
-59.532440932856396
-59.77810685137663
-60.01640962051549
-60.23817031993336
-60.46419338440055
-60.710860125159705
-60.96359597314466
-61.190994675725335
-61.422031050515955
-61.66472137589305
-61.90995349311066
-62.1588446885755
-62.38983809891723
-62.62043343886669
-62.855628847802365
-63.10260439064409
-63.37277149170383
-63.627392933227085
-63.85990108624363
-64.10326727796306
-64.37996940876103
-64.65552675547742
-64.89410529147777
-65.13747122196756
-65.3974372735503
-65.65119796876434
-65.91667507639492
-66.16110000230333
-66.40855310487012
-66.66762112641085
-66.92834388631289
-67.18462445589455
-67.43955880527184
-67.69775186701632
-67.94786879864431
-68.1899549012004
-68.45136871159283
-68.71912124759436
-68.96638932716773
-69.22862067407128
-69.48172358072846
-69.74364163989198
-69.99532580958157
-70.24906513081774
-70.51549499105708
-70.76317814086609
-71.01583976338054
-71.26383877052855
-71.50573088303214
-71.7763266083742
-72.01700837982642
-72.2565327215559
-72.51649035308101
-72.76889879809706
-73.00413712127869
-73.25178888284188
-73.52225478327126
-73.77032275546706
-74.01949657743697
-74.28188360127665
-74.5185301765392
-74.7641434381511
-75.03878451141946
-75.29312452653737
-75.54040892843332
-75.7846435058182
-76.02563370168897
-76.27979336141314
-76.54034539859107
-76.79102835020618
-77.03633284729976
-77.28354329673171
-77.54475405605909
-77.80448963080562
-78.05396922785607
-78.30362950950708
-78.56655553531408
-78.83800181742099
-79.07651164089529
-79.32146868969433
-79.582051341126
-79.85410433085872
-80.11523527022933
-80.35516827317478
-80.6096136398442
-80.87966960922775
-81.13367397440557
-81.38071902270019
-81.64197401433368
-81.9074125565256
-82.158605062945
-82.40911894722778
-82.68310938517553
-82.9528053837515
-83.19947541546482
-83.44854091623371
-83.7045184288533
-83.96313404903196
-84.24462776917093
-84.52297996471687
-84.77693159262388
-85.03580893926704
-85.29215403371087
-85.55300745895751
-85.82296029460124
-86.08968361119325
-86.34595133431351
-86.61454473301146
-86.88450064311483
-87.14907550734871
-87.42033959435355
-87.69231561098894
-87.97152889622842
-88.25274907211214
-88.516663032785
-88.78883728012099
-89.0635694312577
-89.34830641569262
-89.62366542725783
-89.90155971487863
-90.18937545696629
-90.47779703816863
-90.74748414870538
-91.01286714587789
-91.30051984219499
-91.59955083619955
-91.89956971356847
-92.19303209663953
-92.47209403470777
-92.75238381457253
-93.04742790552571
-93.35080683148274
-93.63785012332809
-93.92656423376228
-94.24444905147475
-94.5648170530887
-94.8952429543652
-95.138515966922
-95.50271044012216
-95.76140107760463
-96.13844050780268
-96.47516082590312
-96.72167292078888
-97.02324815345337
-97.35438922178204
-97.73634677181133
-98.06931137915213
-98.37647292520266
-98.6510522812775
-98.97536537535828
-99.27637789326793
-99.67890994470109
-99.94200812908963
-100.26763481877632
-100.57788814753017
-100.9004247176082
-101.24867564998603
-101.5982479111169
-101.90237381291696
-102.2107321301661
-102.55295722379248
-102.84594965775123
-103.20998808031288
-103.48791378186435
-103.80022342677123
-104.12969479177397
-104.44718401023155
-104.7616873930419
-105.05122985644756
-105.36775237640775
-105.69304575400542
-105.9831854117164
-106.29386243227749
-106.60286109121603
-106.89584120621792
-107.21519724089232
-107.53892944036791
-107.82924066175384
-108.14184911617984
-108.46792937077555
-108.77266730869158
-109.06476793195019
-109.37428901361444
-109.69881344024293
-110.02610575652442
-110.33202494351582
-110.62659669183756
-110.93941164967606
-111.24673037795743
-111.55056147159488
-111.86696920270326
-112.1846034014417
-112.49086304915811
-112.8115447116457
-113.14763568484938
-113.46240138842084
-113.77612689520859
-114.083224517385
-114.39257444134046
-114.70730146029727
-115.02490792114388
-115.33976110582223
-115.66614933262622
-116.01590756797397
-116.34577884558276
-116.67330374702247
-116.99204068266735
-117.29203752921795
-117.63759194642647
-117.97469921050202
-118.31742977988478
-118.64319211640212
-118.9479609086418
-119.28591537174381
-119.66326459998267
-107.40483029370465
-120.36976131042715
-120.61506841324825
-120.95646012263543
-121.33656718064536
-121.70030327973396
-122.04637848893076
-122.40528452856822
-122.77412309037113
-123.14790861372607
-123.51744808852132
-123.86555041706083
-124.2056857170051
-124.57661059483158
-124.9462018870469
-125.32733561847765
-125.71529463517194
-126.06754016168573
-126.39547135797525
-126.77333677967641
-127.16892919212155
-127.55987645167946
-127.91689241306739
-128.24179760713878
-128.6206190014121
-129.002559773857
-129.359843144118
-129.69878957649314
-130.07887472015648
-130.44619568704317
-130.79376522278287
-131.1355239117593
-131.50635104096258
-131.85237550227077
-132.19234356050026
-132.56618205474734
-132.91709943890032
-133.25722513996794
-133.66647575433205
-133.96415239305935
-134.3500204666442
-134.69251853028803
-135.0471458477937
-135.38703934303638
-135.71571285846787
-136.07783188988225
-136.48122266635312
-136.84248058057116
-137.1427437144307
-137.48795621792948
-137.8391728528654
-138.1850347050603
-138.5382764149571
-138.88891791664108
-139.2781496243658
-139.59424027510084
-140.00230649917538
-140.40303021379572
-140.71079853282703
-141.1168595119207
-141.48366563501335
-141.76442378155812
-142.1840340490009
-142.5086677378704
-142.88059746691874
-143.25897495639163
-143.69028809347398
-144.0404312797241
-144.39065806134207
-144.81046514871676
-145.12372125290395
-145.51041290836497
-145.93927800226712
-146.29061741632898
-146.69120656783286
-147.09850418246097
-147.4480894459095
-147.84686115258617
-148.2586106402672
-148.72415383420326
-149.0328608086151
-149.4317216359827
-143.5550213285215
-150.21559828007457
-150.58605375915448
-151.02728931541014
-151.41093791372415
-151.78740308125433
-152.18279499407555
-152.58817466233953
-152.96632572180428
-153.47052889397207
-153.8937334383503
-154.16119145421627
-154.54987061037392
-154.94814315055004
-155.4516354753467
-155.82083549754475
-156.10745206934052
-156.47340805889885
-156.87977077950748
-157.32138310607934
-157.70450904155538
-158.06626080863387
-158.46106514197328
-158.82796527649384
-159.25112026977038
-159.6560741716341
-160.03491458417454
-160.41375556733712
-160.796264239566
-161.19977904871183
-161.62627973014688
-162.02203009355674
-162.4291610017041
-162.81826436950016
-163.1710416304437
-163.60018065312573
-163.9850211372218
-164.38005716582995
-164.87594377008196
-165.2719377066384
-165.6275558131794
-166.0212595781586
-166.4704892835254
-166.8753346779042
-167.34107538116893
-167.6507306120348
-168.0673038180134
-168.48051062804356
-168.90034056359102
-169.2616672095761
-169.6660318985284
-170.19182594522488
-170.51553812051827
-170.96127653980778
-171.37163939882217
-171.79037097743532
-172.20993811459962
-172.62379654015317
-173.04738711555694
-173.45190977800132
-173.85386422754186
-174.31765542594354
-174.73829227139984
-175.15677683546107
-175.57960803272996
-175.93558357609285
-176.34869300927264
-176.78657894629336
-177.20515209688853
-177.62581630210937
-178.060741006956
-178.49930261291462
-178.93438341265437
-179.35598336225044
-179.82503183957434
-180.2392141413366
-180.62223750158964
-181.05500302427356
-181.50418745325422
-181.92110010813906
-182.38593981580226
-182.7787679013378
-183.21546020499565
-183.6809802116067
-184.1306857553387
-184.57460714831066
-185.0287043033059
-185.52992533550318
-185.82995012113324
-186.30855110828145
-186.75511977769602
-187.1729714642943
-187.57151762698783
-188.00526217681218
-188.46715561437887
-188.92263548895951
-189.3584176293536
-189.7734630597332
-190.22692741285627
-190.67886730759832
-191.0762201756153
-191.4824152987507
-191.93929811257942
-192.38024347114836
-192.78140733086963
-193.25902741072946
-193.697205098667
-194.074487454486
-194.5332034790756
-195.00981434245762
-195.4529338381434
-195.90429318959548
-196.3665462304283
-196.7764198851966
-197.226314348878
-197.7148550390997
-198.1545755043185
-198.59226096626557
-199.04637995323895
-199.50014976933258
-200.09087938663131
-200.44852514155292
-200.9092712506743
-201.4130722115709
-201.86260102006113
-202.31183771099782
-202.78507407539212
-203.24774237353805
-191.13748781039925
-204.23606324848325
-204.6957553304729
-205.1204818948831
-205.56974413700098
-206.01509858009516
-206.53646079298335
-206.92089267247707
-207.37395211138914
-207.9477320923969
-208.3244728481726
-208.7715985549852
-209.22722976901125
-209.73971101753108
-210.11515687781372
-210.62388128047706
-211.02506208425638
-211.54120495951102
-211.92634803657748
-212.43349904010728
-212.82822866968698
-213.36060059345982
-213.84841714211447
-214.28314297658554
-214.67646131785844
-215.10587609661468
-215.65405524625035
-216.0544510695616
-216.5554273800098
-217.09641763079858
-217.58248730403668
-217.99129166781276
-218.4834473007621
-218.99892603376594
-219.44604468938422
-220.04598148968768
-220.45750908123694
-220.95609198408022
-221.4824194642725
-221.94206726497825
-222.44367426784532
-222.95128362315197
-223.44834805391153
-223.95871925538128
-224.4321401539852
-224.91149830281316
-225.41077141258842
-225.85367065746513
-226.32810997129585
-226.81985152926077
-227.26504288100276
-227.7467992551193
-228.24494999280532
-228.6677326611866
-229.15096469973977
-229.6479376362948
-230.08004697720636
-230.55678796442928
-231.04747795112465
-231.48845434882475
-231.9886998758681
-232.4791776025169
-232.91422863735028
-233.42252790956724
-233.9451102213506
-234.4092491074557
-234.8663987120035
-235.38246707397036
-235.93272698083516
-236.41655313713377
-236.90203983568398
-237.46126823076156
-238.02438842726568
-238.53286131550234
-239.04577920601136
-239.6063647479815
-240.1843653754504
-240.68330994378417
-241.18137056687283
-241.73431720376104
-242.2769367149432
-242.74600973447318
-243.2390130116999
-243.71095782922805
-244.24666068667867
-244.76687095005065
-245.23202040770246
-245.69234742106033
-246.15206074802887
-246.69556589763982
-247.18308950344468
-247.64104541508993
-248.1028222591857
-248.56509641141665
-249.02596888709542
-249.4871578522022
-250.00642692020602
-250.53864613274416
-251.02168861718022
-251.50317600075556
-251.98882040763513
-252.48102114630575
-252.97347403286057
-253.55791189771938
-254.16900621269912
-254.71247235344364
-255.25350653823705
-255.80320112360698
-256.36884651674063
-256.93824043186015
-257.4903097952393
-258.04895584766825
-258.62928651235165
-259.22802952216045
-259.8026855450989
-260.3583526541688
-260.86932007020823
-261.3522182970704
-261.852536605249
-262.3557311626998
-262.84873375653
-263.32469369338907
-263.8010137110364
-264.28919702199465
-264.7903978914881
-265.2930170363375
-265.7789061565549
-266.25938629284263
-266.74151034683183
-267.2382515095691
-267.75630816772207
-268.28032286445426
-268.7917163366799
-269.3140476071823
-269.8460449187323
-270.37477222665984
-270.9294533722979
-271.500566359953
-272.10423806530974
-272.70882528864007
-273.33234905612426
-273.902811992372
-274.5083985566998
-275.11043561826165
-275.68545087052667
-276.24896562207914
-276.81946827572216
-277.3746899924959
-277.9165945777926
-278.45024455276683
-278.9760130281956
-279.4982725293368
-280.03399460679265
-280.4947045129656
-274.67452641769864
-275.1927204133793
-281.98658876737875
-282.50725656237574
-283.0234386976414
-283.5823127617362
-277.82313912415515
-278.3743767074169
-278.9241830903948
-285.75843125706075
-286.28593198350165
-286.804550567751
-287.39627094580146
-288.01567904653905
-288.6653956664401
-289.3104026411685
-289.9342458287217
-290.5463297620393
-291.0863300836213
-291.64773529804586
-292.24172117524864
-292.83072618905
-293.4188130787449
-294.00054352220536
-294.50229993844357
-294.9832333445242
-295.52901199032857
-296.0813657652489
-296.636269679544
-297.19005269241217
-297.66934552684785
-298.1588765816918
-298.72725555188026
-299.2963864860047
-299.858524758697
-300.3646724897975
-300.8747162357619
-301.48699350093307
-302.0877044337065
-302.7139103326061
-303.2462509626479
-303.88091813264447
-304.54041914800683
-305.19308720336136
-305.79835405918226
-306.36659721374383
-307.0014640502434
-307.64995426620527
-308.1864569655303
-308.74624706728196
-309.35881033540386
-309.95758997647016
-310.4665709172974
-310.9763801875879
-311.5505640783281
-312.14557099946313
-312.6622050011818
-313.1757880541267
-313.77114110731515
-314.36737680263053
-314.88973614794503
-315.40828687984936
-316.0207359634622
-316.5824489716425
-317.13103528274553
-317.7696811980327
-318.3661613143903
-318.9679970866401
-319.6604472493827
-314.0581364985463
-314.6565874368119
-315.26157825955625
-315.94910961760644
-316.53641859347783
-317.1320383201317
-317.7844824865832
-318.34644203549465
-318.8951015690512
-319.51151161545897
-320.0555126483332
-320.6079696165414
-321.1529483194476
-321.69408388263
-322.3075481742956
-322.86552909636305
-323.42978496416526
-324.0682583091633
-324.63655185618063
-325.2133216211686
-325.8882812769123
-326.4691583690447
-327.0703896181615
-327.7078605072223
-328.3505210703356
-329.0686119300552
-329.68680450647696
-330.30905061304736
-330.9270316875367
-331.5182086943367
-332.1902401481756
-332.7792300579305
-333.3810777567262
-333.9675551019557
-334.5417811597799
-335.1071182517105
-335.6835326584923
-336.3403156500271
-336.92560259409964
-337.50049159821697
-338.0794815831563
-338.6807968589499
-339.29081365129315
-339.90946407128666
-340.52951987072373
-341.1569760153482
-341.88732947679557
-342.5315991411742
-343.1751205967746
-343.8408035313642
-344.4851261497597
-345.122833401591
-345.76071070444294
-346.3951449837964
-347.01526640690804
-347.61653905898476
-348.217264066472
-348.8108907959145
-349.4147937382614
-350.01981466890805
-350.6228079174677
-351.2301179118299
-351.83625088070755
-352.4664379129282
-353.094219476322
-353.711769279158
-354.35014324019335
-355.00830622843165
-355.6832432504006
-356.3512640592475
-357.0297242107482
-357.7249260062854
-358.4094655280498
-359.07000920879995
-359.7284197564915
-360.36567290002154
-360.91277735339247
-361.5196678782355
-362.168586964357
-362.78504677620543
-363.439724900782
-364.05473399862456
-364.6903038219651
-365.28796097597
-365.9100600470099
-366.4738096175327
-367.1264602075032
-367.79350084943025
-368.45505831700683
-369.167108928105
-369.77694828980714
-370.48656142093284
-371.2034345999458
-371.9297172604032
-372.6279718407595
-373.2081542401109
-373.8898452526362
-374.56453595827975
-375.2306757909356
-375.8776347615891
-376.43748540346775
-377.0863629743492
-377.72844170461644
-378.3644456293578
-379.00817422942845
-379.5694671613744
-380.2252386251468
-380.9062202057683
-381.4982495591056
-382.1978860207988
-382.92489170288326
-383.6755397646144
-384.4316670979048
-385.0513537258194
-385.79889393494796
-386.5562451150325
-387.15243688732386
-387.8653586639172
-388.55135668294736
-389.13464163267
-389.8084217418191
-390.4531853077404
-391.01383210884774
-391.67470852626036
-392.3225061162962
-392.89229227804276
-393.55222797163094
-394.27773900060686
-394.88743383402345
-395.508129245041
-396.2653472516587
-397.0401433521549
-397.71943902101305
-398.52360371806935
-399.3004585003762
-399.9600144883412
-400.7081220983281
-401.4459187592109
-402.0844849341089
-402.64555175110104
-403.3319471219089
-404.02548711963084
-404.584322533479
-405.2558765181208
-405.92847054890916
-406.52316612612515
-407.1174006520688
-407.8271162164011
-408.5632567411051
-409.2184391572156
-409.9145104970203
-410.72569813584033
-411.56701811283574
-412.28592066144427
-412.9825998151335
-413.775204701694
-414.5328578558301
-415.1789280835679
-409.5201261196151
-410.2335029271028
-410.91811354369713
-411.50806970438396
-412.1027714642404
-412.7027145092085
-413.3983428696841
-414.0972365131315
-414.71970294082905
-415.37423525002674
-416.0567421439668
-429.4439602496302
-417.7194453219781
-418.4622447089311
-419.2102262883602
-419.93695125059565
-420.75672091246366
-421.5500686908762
-422.20874143230316
-422.85521916546895
-423.4854049103689
-424.210635354743
-424.92831428186895
-425.5422104206251
-426.1523595551181
-426.76252874660224
-427.50213695141
-428.26273215202
-428.9296803334254
-429.62669878322714
-430.3853642924885
-431.13321421154365
-431.9079946718582
-432.7831286696
-433.6544523104669
-434.3710771612162
-435.0648775770469
-435.72987193326577
-436.3802378034642
-437.107174293433
-437.8922356823065
-438.5274173531301
-439.11087819667824
-439.791543830031
-440.45128618299026
-441.11554471777424
-441.79263210884545
-442.6221322127358
-443.48148653482735
-444.2650321677663
-445.0514963611518
-445.84256801960305
-446.6324184425511
-447.3621105853202
-448.06739851088065
-448.7464569545119
-449.4913766211871
-450.3203957663967
-450.983198824761
-451.6453839563883
-452.31141869689174
-452.99001915278484
-453.66739297709665
-454.3663735683858
-455.07889884685227
-455.81477569815036
-456.58652420886096
-457.36773259019054
-451.9999334773415
-452.90898809068136
-453.6901799797165
-454.439096550393
-455.15538445937483
-455.8786893666985
-456.57575650293523
-457.26345814326424
-457.9395091831158
-458.6245000412199
-459.3333156582044
-460.0506929327444
-460.7582314988593
-461.4964214006361
-462.2591422248332
-463.0408889130033
-463.8222840701481
-464.6048978511811
-465.44583762965175
-466.18499334530213
-467.09240278049396
-467.9506872785808
-468.685101438885
-469.43658693327507
-470.16586388254217
-470.8840608420184
-471.595123197261
-472.3171308551806
-473.0569323182209
-473.8047955700125
-474.5533286595552
-475.3372566458447
-476.1266325646657
-476.935815582669
-477.7393916434789
-478.54244775920597
-479.39690791343776
-480.120823141982
-480.9246423554082
-481.6299573111462
-482.38097179172655
-483.13740630381943
-483.87386415387346
-484.62348006810697
-485.38693835359163
-486.15800819982195
-486.94535852455033
-493.8861566873308
-488.27823595649517
-489.09306089083003
-489.89814506351763
-490.7246875995863
-491.5359660774933
-492.3323206361675
-493.13256931764886
-493.91712729086424
-494.67443005708515
-495.4287366475419
-496.14956330158503
-496.9256146504845
-497.7008638538035
-498.5599777302161
-499.38256256481105
-500.2102802830043
-501.05181547173237
-501.89071143036125
-502.6997208180575
-503.36335350567805
-504.04822650412217
-504.85572734762405
-505.65027302636867
-506.43879238762975
-507.2383053156095
-508.0428060056654
-502.5178992410946
-503.39165569807477
-504.21833963656144
-505.04667485887086
-505.87547837688226
-506.5725811096934
-507.2893042340964
-508.1459251906461
-508.9805246240819
-509.7927196020878
-510.6266274689722
-511.44986229120826
-512.2607475601382
-513.0616719542824
-513.734773565463
-514.4539841045089
-515.2887657288942
-516.1391677800532
-516.9883557524163
-517.8637639432227
-518.7386293441842
-519.6007702604857
-520.3031777124544
-520.9879203356575
-521.8331328240434
-522.6591800669253
-523.4868812259245
-524.3266542769089
-525.1865166459617
-526.0510468825241
-526.7520082705153
-527.5072179838969
-528.384919636319
-529.2515213970041
-530.1169254822777
-530.9823137503056
-531.7063179614553
-532.4491619776708
-533.319052823174
-534.1584149098413
-535.0201096926202
-535.8942364135355
-536.6056437386703
-537.3249980910576
-538.180061409645
-539.0575952315221
-539.9555591785053
-540.8664503469229
-541.5969899743842
-542.3689017610567
-543.2811508256344
-544.1743298998007
-545.0506920995326
-545.92658847148
-546.6519513008268
-547.3581417486346
-548.232802122897
-542.8285461118936
-543.7230631994149
-544.4706316797092
-545.2517270819277
-546.1737082418571
-547.1088309280891
-547.9438229185148
-554.9503615714112
-555.8276281351534
-550.3636206553824
-551.3535864307746
-552.1033636298334
-552.8261970755109
-553.7073513224633
-554.6204798387156
-555.539917358048
-556.2761431169264
-557.0470275461797
-557.992115685485
-558.8822535556332
-559.6300501613778
-560.4516950766301
-561.4053192713226
-562.3441985702185
-563.1738158546779
-563.9280818926597
-564.8178312008051
-565.6937442110228
-566.4387767138076
-567.2287065066575
-568.1753218826841
-569.1389613904649
-569.9509580513004
-570.8063011574056
-571.7980732849394
-572.738106014359
-573.5191786400443
-574.2262066851629
-575.1330755390561
-576.0320972374093
-576.8826187375059
-577.6575965888686
-578.6008712523852
-579.3723842810707
-580.3823578371076
-574.9605329557778
-575.9366165595168
-576.7617948095318
-577.5037122391893
-578.4753606937686
-579.4325333561648
-580.2952681476588
-581.097204746407
-582.0422315146543
-582.8030471612609
-583.6170518767716
-584.5762480373633
-585.5473922061888
-586.3615984027812
-587.24556312587
-588.2771700854436
-589.0992488966575
-589.8955652580412
-590.9057573514673
-591.6796153064213
-592.4866701360528
-593.4169284869635
-594.273953468534
-595.0592808634796
-596.0379020436205
-596.8752577321306
-597.7886629765228
-598.8608873337326
-599.720423225238
-600.6272359328439
-601.6273177113029
-602.323605233675
-603.1550154545067
-604.114413840306
-604.8879814592134
-605.7311563235177
-606.7894204633842
-607.6896312958642
-608.5421989242276
-609.6167017408163
-610.4905353811639
-611.389418694572
-612.4133617293152
-613.2696203772044
-614.1130049746654
-615.0952350142961
-615.904668577209
-616.7388996256892
-617.7610438011654
-618.5847086163691
-619.4605666892728
-620.3351653568636
-621.2755696839633
-622.37422398444
-616.9640094805699
-617.7936017460294
-618.913357956554
-619.7505677533628
-620.5164193458639
-621.4081883729575
-622.1756223229085
-623.1937437995247
-624.1275065600585
-625.0547403681809
-626.1792270613904
-627.1046440191658
-628.0564886828621
-628.970142293263
-629.8361764838568
-630.8484441891601
-631.6804563993028
-632.5173874839569
-633.3674167641108
-634.2415024901921
-635.3492018678995
-636.2616127059727
-637.2549538167623
-638.1913397971399
-639.1368467584294
-640.2102579002801
-641.0594068361794
-641.8780903799121
-642.7906846294882
-643.6671018599875
-644.5641939963789
-645.4759456232007
-646.6115900970864
-647.5844505438181
-648.521473778029
-649.4338841451155
-650.3610526392433
-645.1763047927578
-646.0629447064883
-646.9786831101778
-654.1427685361631
-655.0567507937801
-655.9773643580955
-656.820026353729
-651.5610500737347
-652.488081408089
-653.6502228526625
-654.5963464578298
-655.5605982031135
-656.4705386822308
-657.3971985977264
-658.3253672897287
-659.2325901470576
-660.1239368709116
-661.0256304133392
-661.9685260517963
-662.9584718558311
-664.1318735980476
-665.1133929580611
-666.1263456632671
-667.0794854111325
-668.0160440943403
-668.9216753396806
-669.8263339321467
-670.735392810785
-671.659741141438
-672.612654073285
-673.6095435121205
-674.6339493876511
-675.6446488785563
-676.6364091504639
-677.6232250622703
-672.2650042796472
-673.1904885962009
-680.3962905682976
-675.0486951604703
-682.2799209129498
-683.2603777529757
-678.1223421293004
-679.2463846935489
-680.2557983486122
-681.2310707866268
-682.20803901118
-683.1383034263025
-684.0755810559864
-685.0075504610743
-685.9948952167783
-686.9864568136602
-687.7952221410812
-688.8435888974283
-689.8945059541494
-690.9126741097507
-691.8872396845973
-692.8652477008054
-693.8239621462799
-694.7932736976949
-695.7431408168701
-696.7422022779432
-697.7598843706581
-698.8037645346777
-699.8409744144737
-700.870624534027
-701.872937039431
-702.884945502494
-703.8769601736635
-704.865404862003
-705.8505679889853
-706.8500641739308
-707.872532237058
-708.707624075148
-709.7053474850783
-710.7662660926071
-711.7885004932801
-712.8591228400737
-713.8813070081667
-714.8816589049353
-715.8974737320871
-710.6346234445929
-717.9247461916376
-718.9054887208016
-719.6963087772621
-720.8180182496155
-715.6046755806518
-716.662110083497
-717.7195683016749
-718.7569058853159
-719.7944172856827
-720.79913746865
-721.8139138922471
-722.6430065873866
-723.6515351156899
-724.7182845374266
-725.8236280104915
-726.9397726863783
-728.02141211809
-729.0842903527847
-729.9125349967643
-730.9101540715147
-731.9065102686855
-732.9198421393131
-733.9732026655812
-734.8483727401298
-735.9734483091311
-730.8473277873965
-731.9662700893566
-733.0066266108734
-734.0364307844857
-735.0663202524213
-735.8403910431351
-736.8706344090067
-737.9144861232691
-739.0790696875946
-740.2530138757891
-741.155275327956
-742.2602671337598
-743.3358120302494
-744.3557761486105
-745.342086056182
-746.1657057958413
-747.256782657453
-748.3357016559576
-749.2593511468339
-750.4712872366644
-751.6285945407523
-752.7077388320403
-753.7570240361562
-754.5825661043438
-755.6220641368969
-756.6129232264645
-751.4279139107094
-752.6128871351029
-753.5659475078932
-754.7498482171897
-755.9223737756085
-756.7945819053431
-757.8189016360802
-758.8359924881652
-759.6651185476651
-760.7538884669832
-761.8718946007174
-763.0542464821425
-764.2855266118386
-765.259792297818
-766.359881491907
-767.4375775426682
-768.2724165613379
-769.3121276403571
-770.3906309909768
-771.2799318748282
-772.4539260753257
-773.6481815064443
-774.6272290059682
-775.8169572195313
-776.9424566910021
-777.7819224716793
-778.843530523568
-779.9532034600711
-781.0573254410325
-782.2661958964818
-776.868872848026
-778.1181656687645
-779.2970693673797
-780.2658472118949
-781.309579603379
-782.4145680568347
-783.2853255866519
-784.3805924851949
-785.534899069927
-786.504970102537
-787.4823328135494
-788.7095463575248
-789.8890101178581
-790.8095736253193
-791.9025576995793
-793.0244981114017
-793.9232443136219
-795.0494334581768
-796.2223613437401
-797.2187010407134
-798.4680669300027
-799.6456855772506
-800.565356512428
-801.7157162243772
-802.8521127104715
-803.7482222543299
-804.8836435495158
-806.1022791313915
-807.0826123018822
-808.0728675215724
-809.3291676735314
-810.4713058521138
-811.3899534512702
-812.5257442321105
-813.6763388932593
-814.6145001159399
-815.5713054831124
-816.8275885196755
-811.8314429851868
-812.8157740715029
-813.9737003579838
-815.1324809966118
-816.0185242545942
-816.955354040388
-818.1055830995883
-819.3244669557102
-820.3476017240486
-821.6125341847659
-822.837036845052
-823.7977864226939
-824.7472182893049
-825.9083602309295
-827.0734080037199
-828.0243409999449
-829.0066344204408
-830.2743412742888
-831.5546464469955
-832.5536742975337
-833.7718405436709
-834.9520316098311
-835.8845287158235
-836.8417613287677
-838.0361525936306
-839.2944354028411
-840.3196835628793
-841.3528776746246
-836.3530693862567
-837.579722437489
-838.537024546743
-839.4812328262548
-840.7484555708171
-841.9506047268984
-842.9751054681955
-844.0217488678909
-845.3122664244912
-846.5270573482196
-847.5099466754552
-848.4694155011164
-849.6615759521258
-850.8778925399613
-851.849972134187
-852.8732198922431
-854.1949516919016
-855.5025489503131
-856.5268627185056
-857.5243980800296
-858.5048708733856
-859.7124030147336
-860.9262380448145
-861.9282950846451
-862.9744962469704
-864.3361517306713
-859.3111951290554
-860.3676272720162
-861.3733880503004
-862.3584264909239
-863.567621591673
-864.8211709416495
-865.8596164696576
-866.9013304958331
-868.2298011942738
-869.5652821201054
-870.6030899028154
-871.5994716574677
-872.598864335963
-873.8468738573688
-875.1106192004305
-876.1484131255467
-877.2102113169507
-878.2710674339129
-879.5955743396584
-880.884676502852
-881.9299203666359
-882.9504930576097
-883.957812335844
-885.2358872858606
-886.5671967948017
-887.6415196391587
-888.7167297281025
-889.7805368693732
-891.0916384718407
-892.3708910292183
-893.3895554731403
-888.1395243849908
-889.1834410280471
-890.2785351076716
-891.6011497082651
-892.9662811332963
-894.0371715346869
-895.0841504501183
-896.1122181081369
-897.4174627757241
-898.7322803804656
-899.796597223547
-900.8690904231286
-901.9702911513663
-903.0667229360557
-904.3999670572755
-905.7325898008564
-906.7846357204528
-907.8353447062655
-908.8960486025418
-909.9755136328174
-911.3412379470467
-912.7098687476671
-913.8125170951342
-914.9040427823751
-915.9670422393814
-917.01560667707
-912.0730427196829
-913.4443557196961
-920.8194257183859
-915.6340985029489
-916.7368920444128
-917.8519674694363
-919.2030533750548
-920.5309546569873
-921.6106703858995
-922.7049351998234
-923.8082721381501
-924.9198517963255
-926.03582682001
-927.4303305117385
-928.8237571267548
-929.9158327271002
-931.0145361339141
-932.100898430417
-933.1880577534197
-934.3119778565778
-935.7263806301785
-937.1260858181988
-931.9582347016432
-933.0774692233143
-934.1841716320608
-935.2595412838813
-936.3561077786171
-937.4940229651519
-938.9280071800495
-940.3424091138985
-941.4703906146399
-942.5828675027713
-943.7153889054607
-944.8268065648848
-945.9337482099248
-947.061102738449
-948.4787569689748
-949.9154733847789
-951.0586724734152
-952.2123913674529
-953.3426414047569
-954.4554278985834
-955.5933470054786
-956.7284110398366
-957.8644955302472
-959.2807638271297
-960.740179918346
-955.6408412084127
-956.7900751164815
-957.9107361896894
-959.0468228604709
-960.1975131693017
-961.3500996383932
-962.4911860947598
-963.658802230154
-965.1232766522464
-966.5810374104678
-967.7282961090057
-968.8724941443556
-970.009391643929
-971.1580792672872
-972.3398175607422
-973.5234309987688
-974.7025710312068
-975.8788253589416
-977.0651931635009
-978.5241710766152
-979.9604393294333
-981.1106375822183
-982.2903953828071
-983.4894576269007
-984.6648558600828
-985.8636795191989
-980.7668805701338
-981.9684607479463
-983.1320205305792
-984.2929090680084
-985.4477087893716
-986.9490131494254
-988.4663898325475
-989.6588877505199
-990.8787983951345
-992.0673634538351
-993.2492768381362
-994.4174479691566
-995.5887628287905
-996.7792830759015
-997.9913020153217
-999.2028573650598
-1000.4286105675436
-1001.6494594587039
-1002.8487519533898
-1004.027604112395
-1005.5230367881767
-1007.0285583838988
-1001.9499617826315
-1003.1660819141069
-1004.4146486514707
-1005.6509473504022
-1006.8552955349463
-1008.0441254811901
-1009.2541428712206
-1010.4732225651737
-1011.6888183388486
-1012.8947702623868
-1014.1430367246567
-1015.4102366957472
-1016.6468506000514
-1017.8467195192045
-1019.0565160019687
-1020.287289905051
-1021.512527301346
-1022.7326690362395
-1023.9638400274137
-1019.2736981194844
-1027.112774056948
-1028.3352797581847
-1023.2815560963986
-1024.5204527217813
-1025.747801612485
-1026.9779108310006
-1028.2459878356324
-1029.52423452805
-1030.7745274732063
-1032.0057230650332
-1033.2553429796076
-1034.511037378925
-1035.7385318290064
-1036.9586613679298
-1038.2378799309777
-1039.5433337451334
-1040.8225356879684
-1042.0509960903023
-1043.3082965090664
-1044.5968000077362
-1045.8425822495478
-1047.0650510514058
-1048.3262678786589
-1049.6364217897512
-1050.9388174105447
-1052.195098481739
-1047.1733315813503
-1048.4547850038714
-1049.7188646241846
-1050.9647888917088
-1052.2453876623688
-1053.5585858378925
-1054.8639687657128
-1056.1407875398822
-1057.424318928032
-1058.710835226348
-1059.9696613425647
-1061.2245165670074
-1062.5275542388983
-1063.8512966675426
-1065.1534232576992
-1066.4344449131618
-1067.742250294633
-1069.0510837817271
-1070.3197239931837
-1071.5750431754618
-1072.873791832937
-1067.9362131745977
-1069.2669481500604
-1070.558714075238
-1071.8650406517231
-1073.1801351655754
-1074.4736298240537
-1075.7571061699775
-1077.0602521307103
-1078.3857928884206
-1079.7259074666463
-1081.0516258592984
-1082.376606108923
-1083.681548698434
-1084.9726974111156
-1086.288611558522
-1087.6221459301767
-1088.9438237183654
-1090.277920044345
-1091.624937751159
-1092.971478113796
-1094.2862697683124
-1095.5927792293905
-1096.9252419803436
-1091.9730744791507
-1093.3339680829777
-1094.6728712291035
-1096.019035207267
-1097.3731663973679
-1098.677503098012
-1100.0006815303254
-1101.0110615738415
-1102.019877199649
-1103.3652311200767
-1104.7244924834622
-1106.108194644564
-1107.4740004003775
-1108.8024712728236
-1110.121393135404
-1111.478529100351
-1112.844231081769
-1107.911399055334
-1115.5512354054529
-1110.6798782756937
-1112.0533590504322
-1113.3866596417856
-1114.7070302584862
-1116.0726350571297
-1117.4508424900619
-1118.8288999412548
-1120.2137053237388
-1121.597520372223
-1122.9815105323164
-1123.9940738449131
-1125.0130953594378
-1126.3744720121936
-1127.7555093638257
-1129.1324006407597
-1130.5316228136394
-1131.9471753438527
-1133.3292223877613
-1128.4004460081715
-1129.7650455117882
-1131.163941447279
-1132.5512305787408
-1133.942657287576
-1135.3747110058348
-1136.8167817434291
-1138.1727398349935
-1139.2038521187353
-1140.2161577768823
-1141.6204668673467
-1143.030083418633
-1144.4401075293642
-1145.8483064521095
-1147.287827835581
-1148.6918750933187
-1150.0689337418653
-1151.4554565617796
-1152.8792510962724
-1154.3222199602726
-1155.728103341626
-1150.5053786092765
-1151.590723410726
-1153.010329423709
-1154.3905836942126
-1155.7840967378547
-1157.2264117093987
-1158.6855030160127
-1160.1120825400772
-1161.5318746862517
-1162.981994833108
-1164.4145796670953
-1165.468406183582
-1166.5116356071594
-1167.9601392894067
-1169.422628633598
-1170.8797082357041
-1172.2967349391097
-1173.7346855602455
-1175.1707675886678
-1176.600390704201
-1171.7403483563814
-1172.8282956006447
-1173.927525617613
-1175.4112373876173
-1176.8650309775537
-1178.3185541362848
-1179.7573000130362
-1181.2000720067913
-1182.632671851076
-1184.1219329771566
-1185.595544067698
-1186.701248556965
-1187.7875704825904
-1189.2459583776886
-1190.6925082981493
-1192.151335264346
-1193.6089092394302
-1188.8060464892126
-1190.305490980264
-1191.7960791193498
-1192.8832898188102
-1193.9798827843408
-1195.4304806212733
-1196.9108425962243
-1198.4087309761915
-1199.8992070948173
-1201.3864382753216
-1202.8820894108205
-1203.9952095525675
-1205.100006053757
-1206.5646384455983
-1208.0388740499561
-1209.5537480489788
-1211.0776642073845
-1206.296783546667
-1207.7763777233974
-1208.8792109545786
-1210.001966062149
-1211.4995174407045
-1212.9976833435287
-1214.5122719680976
-1216.0261324512187
-1217.5512314712428
-1218.6723450773488
-1219.7835616392576
-1221.2722348210273
-1222.798422867171
-1224.3264376667146
-1225.8580137586926
-1227.3811867028282
-1228.893363745426
-1230.0240568597133
-1231.1536548640713
-1232.6664177114676
-1227.9181599893195
-1229.4613997972676
-1231.001963442239
-1232.1459547274528
-1233.2991610919155
-1234.805898774688
-1236.3271625322827
-1237.845876115171
-1239.418810976645
-1240.98119018247
-1242.1345836012229
-1243.2742108529694
-1244.8066143582291
-1246.3520592187333
-1247.9062092733832
-1249.4486037303038
-1250.6181220963729
-1251.7866445752659
-1253.368765759843
-1248.625098097771
-1250.143522823922
-1251.6859645267798
-1253.2613844767516
-1254.4625496880046
-1255.6354411869254
-1257.1889449143687
-1258.743604530525
-1260.3162330573673
-1261.8699193357797
-1263.038992344123
-1264.2054474595732
-1265.8105499693008
-1267.3988841923676
-1262.687503494023
-1264.2311803366981
-1271.696196991817
-1266.5882532261055
-1268.1914981884822
-1269.7900213552539
-1271.3878851314414
-1272.5703043162491
-1273.7459643908933
-1275.3207658047957
-1276.912903223575
-1278.5040313828677
-1280.109257440154
-1281.3142984827377
-1282.5284209004315
-1284.123666101371
-1285.6888821478897
-1287.2790484643594
-1288.484200679165
-1283.430244542381
-1285.0524123935636
-1286.6592753382295
-1288.2576454616253
-1289.4621856777503
-1290.651391863666
-1292.2625891601388
-1293.8842169629654
-1295.5181079162048
-1297.1472076329371
-1298.3569142610772
-1299.5543645231085
-1301.167289329749
-1302.7827677270093
-1304.423958776631
-1305.6657900620876
-1306.9066498484692
-1308.522656029289
-1310.1353482752775
-1305.4796172071383
-1306.7168423279297
-1307.9475969430862
-1309.5981682090653
-1311.2519600851663
-1312.9003865976874
-1314.1347053376192
-1315.3466814279411
-1316.9752585708384
-1318.6235539332017
-1319.881543827477
-1321.1447120964483
-1322.8030327472034
-1324.4252703633085
-1326.0648534689117
-1327.3130766351549
-1328.5673714080797
-1330.2422808137098
-1325.6242939516028
-1333.5720122395016
-1328.5425055691212
-1336.0764134650767
-1331.447944778793
-1333.100733054716
-1334.3635192125757
-1335.647127208545
-1337.3493058145402
-1339.0051321429835
-1340.6501171659472
-1341.9166585403536
-1343.1910891142338
-1344.9021617675348
-1346.570622232917
-1347.841124206078
-1349.1081054863137
-1350.8068144323843
-1346.185638221147
-1347.865817747475
-1349.1362671568183
-1350.4465331214215
-1352.1564068619389
-1353.839676250568
-1355.070086913726
-1356.3616200415113
-1358.076838759567
-1359.801559199634
-1361.0886473613855
-1362.368167748844
-1364.0740589745615
-1365.7776361459364
-1367.0647446956982
-1368.3490182739222
-1370.0665470629817
-1365.5055996284252
-1367.2529540408252
-1368.530826933239
-1369.8261078346088
-1371.5120836098629
-1373.243994490037
-1374.562957957753
-1375.8928668140975
-1377.6200104672478
-1379.320855621099
-1380.6204074565298
-1381.9274685169908
-1383.6842952983855
-1385.4091012473368
-1386.727643646508
-1381.7604607354665
-1383.5321133074647
-1385.2526313207684
-1386.5499059977892
-1387.8407810726471
-1389.6327293830052
-1391.4183889910032
-1392.7255427217267
-1394.0226559943826
-1395.75012172756
-1397.0769887345432
-1398.4146032732924
-1400.1909987608121
-1401.9299147634522
-1403.28551409703
-1404.5989382893526
-1406.3511844828397
-1401.8169570622542
-1403.1425891785236
-1404.4811015889613
-1406.3018041234773
-1408.0818054786846
-1409.4036992221845
-1410.699437363784
-1412.485450268969
-1413.8568988995312
-1415.2208918492397
-1416.998894370632
-1418.7646943768484
-1420.1037009574875
-1421.450200165555
-1416.9590044291938
-1418.7575297023882
-1420.1102394506781
-1421.4863400841375
-1423.281294919085
-1424.6121112195774
-1425.9373612706875
-1427.7473044956155
-1429.5736803960351
-1430.9396573922438
-1432.2978426322777
-1434.0888401873672
-1435.4494808457414
-1430.5325379851909
-1432.3567955237513
-1434.1744242977118
-1435.5541506238485
-1436.9203061207138
-1438.7453520159181
-1440.086685307049
-1441.4618229034093
-1443.2847152679935
-1445.126450290711
-1446.5104830473676
-1447.8751114791305
-1443.4191655139214
-1444.777928051081
-1446.153049615731
-1448.0015977712626
-1449.869055277472
-1451.2511319541732
-1452.6354703296743
-1454.443305025016
-1455.8263163246068
-1457.223321212236
-1459.0760035827182
-1460.4661867475202
-1461.8744723001187
-1463.722375227856
-1465.573131396505
-1466.9503982603162
-1462.0454986913903
-1463.9518878168872
-1465.3618958530524
-1466.7548181381824
-1468.5892853845658
-1469.974555684353
-1471.4069473029447
-1473.3036911693382
-1474.7024823116512
-1476.0846168791056
-1477.9644262851607
-1479.8705564342977
-1481.2419309417844
-1482.6363855513675
-1484.5153573844516
-1479.6945548823767
-1481.1166764336267
-1482.989309299566
-1484.3615778219626
-1485.7736188080928
-1487.706787928456
-1489.164799563834
-1490.5889267256875
-1492.4357844109688
-1493.8641191770885
-1495.304777928305
-1497.2144361261437
-1498.632580201414
-1500.045149695349
-1495.7144557557453
-1497.628061491138
-1499.051708484262
-1500.4526102585367
-1502.3707039956475
-1503.84188453422
-1505.3305010505696
-1507.1985835743005
-1508.6251689198214
-1510.0417511625217
-1512.0008887377862
-1513.4531588253312
-1514.8981528034144
-1516.813265044833
-1518.2806044110591
-1513.4454060781397
-1515.3584164951308
-1516.7932820083233
-1518.2471814428527
-1520.2245870149104
-1521.689285645774
-1523.1511524280454
-1525.0252935448493
-1526.4871440037691
-1527.9702593693655
-1529.9576717850732
-1531.4039215442644
-1532.8509933538014
-1528.0121824494795
-1529.4877666289533
-1531.4646399738583
-1532.939088310283
-1534.4000058158515
-1536.3520479636954
-1537.8316817226791
-1539.3038971219944
-1541.2736112543523
-1542.7466897759869
-1544.2410131156707
-1546.2273886282073
-1547.7201235815398
-1549.1863855139513
-1551.1475763831695
-1552.6361130741277
-1554.1222865746695
-1556.1356221355732
-1557.632621783417
-1559.118381316559
-1554.7944859057561
-1556.2914739280154
-1557.7855973316737
-1559.3232613135967
-1560.8265225903076
-1562.8075421477874
-1564.2764732375394
-1565.7542175516644
-1567.7892730785923
-1569.3213237482985
-1570.833478258393
-1572.8016977354466
-1574.2928618212895
-1575.803591476363
-1577.34373642805
-1578.8619901972438
-1574.576492103466
-1576.0860393166759
-1577.5909963751797
-1579.6341489156937
-1581.1450794748625
-1582.660519919819
-1584.6793964906726
-1586.2134331915504
-1587.748640843905
-1589.2614952574654
-1590.7626657229068
-1586.5040518965686
-1588.0495099460056
-1589.6082785655815
-1591.6797692594296
-1593.205634692312
-1594.6639302884369
-1596.2137367097828
-1597.7587014491764
-1599.8240916723244
-1601.3523376263918
-1602.887376166445
-1604.926650306909
-1606.4846327695586
-1608.044588795128
-1603.3015579991884
-1604.8790512900791
-1606.919823552132
-1608.4651166239353
-1610.011226451092
-1611.5768989840785
-1613.1399390646075
-1615.22084054988
-1616.7551823405804
-1618.3040683863883
-1620.3585992981614
-1621.9250662323795
-1623.4987277695384
-1618.782873258817
-1620.3455897399983
-1622.3998360899182
-1623.966875927199
-1625.5275317290484
-1627.1190582847912
-1628.67548904305
-1630.7862133631627
-1632.3515353791868
-1633.9219368638358
-1635.4779107316333
-1637.0346011266934
-1639.1446845863725
-1640.7620743143002
-1642.360348554575
-1637.6437072256551
-1639.2110573576128
-1641.31362220232
-1642.9299204630304
-1644.5426329447605
-1646.1242379618623
-1647.7052048377016
-1649.789170710499
-1651.4018621630182
-1653.0053858894894
-1654.641264397937
-1656.2352917443504
-1651.9910939303757
-1653.639754269568
-1655.226962953747
-1656.8859083338716
-1658.506243606012
-1660.6248240007333
-1662.213664763439
-1663.7852601007648
-1665.440932505725
-1667.0817076358417
-1669.2350356574646
-1670.8169294836664
-1672.4253257631808
-1674.0254274182623
-1669.391015682688
-1671.0047376125863
-1672.611535985425
-1674.791757200558
-1676.3901136305142
-1678.0455802510942
-1679.6640612484525
-1681.3159965248553
-1683.4786189882527
-1685.1107003668624
-1686.7508473201437
-1688.3770007904113
-1690.0247418691995
-1691.6509190234956
-1687.009955301781
-1689.2034585415174
-1690.8491884772077
-1692.4937733490804
-1694.1271249723043
-1695.756958179541
-1697.4084236083904
-1699.0780123489562
-1701.2911766838204
-1702.9179382926384
-1704.545061937604
-1706.197204392201
-1707.881064777394
-1709.5640582645315
-1704.933364119357
-1707.079793684175
-1708.7575254263108
-1710.4471540920063
-1712.1344258282834
-1713.814986489358
-1715.4671852400575
-1717.114970049769
-1719.3379115935163
-1721.0301349720603
-1722.7230654665168
-1724.3960152914553
-1719.7744430135422
-1721.437613411978
-1723.133873610594
-1725.3866853735708
-1727.0685988833202
-1728.7545293632406
-1730.4260196889888
-1732.1286093283222
-1733.8074086996342
-1735.4966585011443
-1737.2079895741747
-1738.8841801811927
-1734.8777017616414
-1736.5627429943713
-1738.2377833713467
-1739.921048270519
-1741.6464905834932
-1743.3662958164712
-1745.077115014716
-1746.7378084904958
-1748.4489558452617
-1750.137934522692
-1751.830935360476
-1754.1234007514006
-1749.5781897226007
-1751.3025568656433
-1752.997283965349
-1754.7523003983251
-1756.4735925372784
-1758.1933734733527
-1759.8849947379056
-1761.613347399893
-1763.338116138637
-1765.01711950707
-1767.383503299375
-1762.8022331903135
-1764.5467233078678
-1766.278602840169
-1768.016714468229
-1769.7344447392302
-1771.485591869414
-1773.1296348777526
-1774.9687985673077
-1776.714491327405
-1778.4436595380002
-1780.7818251691651
-1782.5474232629354
-1784.2936797393227
-1779.761474560294
-1781.4941232789054
-1783.2428627875997
-1785.022233710257
-1786.773961763198
-1788.5249321142064
-1790.263542401187
-1792.0414776099794
-1793.8075471713557
-1795.5360198319365
-1797.3462571295631
-1799.0950797961618
-1800.8397403364183
-1802.6267712208155
-1798.7162813749724
-1800.4706607368323
-1802.2629963745758
-1803.9445487282158
-1805.7675216190278
-1807.587593424481
-1809.3662235642112
-1811.1551669194519
-1812.9152155363024
-1814.7297764314194
-1816.5069900463986
-1811.9990687442933
-1813.810802892698
-1815.6088788753714
-1817.4168747589747
-1819.1847339795393
-1820.9729694378582
-1822.7566766829566
-1824.5560408760477
-1826.385440068984
-1828.1807948615915
-1829.9661304645842
-1831.7694599651957
-1833.5982547817814
-1835.3892277505074
-1831.5406055448366
-1833.3399600232353
-1835.1336468157824
-1836.9503796797285
-1838.7875283167039
-1840.625454006092
-1842.4362195458887
-1837.9500918661176
-1839.7536087723581
-1841.5921438731605
-1843.4191030781888
-1845.231112301928
-1847.0474691710072
-1848.885321747754
-1850.7352611425404
-1852.5998932579048
-1854.439254771469
-1856.2470919997124
-1858.0676792577722
-1853.6204714975256
-1855.5025278261387
-1857.3604960441241
-1859.2315659690714
-1861.0545484194872
-1862.900775553271
-1864.7132214638877
-1866.5640301652707
-1868.47899664214
-1864.0439171565872
-1865.8997206722504
-1867.6865838908277
-1869.526684454441
-1871.4336143431624
-1873.3196887577087
-1875.1946214353102
-1877.0697069710136
-1878.879773768677
-1880.7533825146763
-1882.572239679746
-1878.2194350722514
-1880.1347908682756
-1882.022674227332
-1883.8006845370867
-1885.666280707683
-1887.53844884945
-1889.490690157217
-1891.3845540414147
-1893.1852278368128
-1895.0680406790336
-1897.0016435616883
-1898.245799825678
-1893.8275698865755
-1895.7030366040792
-1897.5937318744445
-1899.4608371182067
-1901.4099522371203
-1903.2439592039068
-1905.1138362077786
-1907.0038449172976
-1908.990191558509
-1910.8215610564132
-1912.7329370415996
-1908.33711543885
-1910.2623372945611
-1912.0906078615506
-1914.0318906683242
-1915.971328336928
-1917.84891932794
-1919.717631941266
-1921.5940311433533
-1923.5093435572262
-1919.1866153899698
-1921.0941967853223
-1922.995946166773
-1924.891429179901
-1926.191524814514
-1928.0911376771767
-1930.0069795809109
-1931.9397701184282
-1933.8969709826733
-1935.7759491747208
-1937.6675697142155
-1939.660909301934
-1941.5339655101504
-1937.2079599597803
-1939.1352844273122
-1941.0055636128404
-1942.936929782642
-1944.893313245957
-1946.8556254680736
-1948.1115617054163
-1950.0339059707362
-1951.9723913783992
-1953.9209842751181
-1955.8929728320736
-1957.7951347346268
-1953.4621263553474
-1955.4204276201854
-1957.391218923704
-1959.2840997386788
-1961.2329162875403
-1963.1775112707076
-1965.1663825122114
-1966.4145095580475
-1968.3717794012643
-1970.328989718568
-1972.3062943551276
-1967.9863726304568
-1969.8911575462057
-1971.8706499139548
-1973.8364040559468
-1975.8071889530304
-1977.7616715054255
-1979.7294439157724
-1981.0272927480205
-1982.988807234929
-1984.9748759221025
-1986.949572167623
-1988.9294802750228
-1984.5876285585155
-1986.5612016641614
-1988.5767434251998
-1990.5309158094187
-1992.506924343936
-1994.4620997346801
-1995.782431718043
-1997.7678138001904
-1999.7692419111593
-2001.7615442013532
-1997.453216413038
-1999.4637204391995
-2001.4362586499724
-2003.435844256423
-2005.4329719639697
-2006.7555436324433
-2008.7411376270654
-2010.7405418156795
-2012.7325247884614
-2014.7448402498953
-2016.7564941321114
-2018.76558457144
-2014.4668900266047
-2016.4691905236716
-2017.8136713177362
-2019.8216732426342
-2021.8370876333177
-2023.8602228350942
-2025.852903971018
-2027.8812902767106
-2029.9055695370555
-2031.239595440853
-2033.2536791300756
-2028.9699120663256
-2030.9943717041972
-2033.0408031500358
-2035.0891500718626
-2037.1223605516632
-2039.186274464424
-2041.1529138593737
-2042.5264947822072
-2044.5492704708001
-2046.6065465675915
-2048.5808375268234
-2044.3296878640015
-2046.3927762311746
-2048.465629905844
-2049.804194844197
-2051.844001197329
-2053.8683303014227
-2055.8935306838994
-2057.9451085566666
-2059.3091301447093
-2061.3750601545335
-2057.150728187041
-2059.2180284382434
-2061.2695792284485
-2063.3166174501466
-2065.3602366583104
-2066.6997690879
-2068.7559199998614
-2070.8303263570547
-2072.917297134157
-2075.0042896923756
-2070.779077282692
-2072.8222078386366
-2074.1790541790233
-2076.2484388120597
-2078.3263248974463
-2080.4095775642872
-2082.4930313607892
-2083.8730450924413
-2085.9597079966807
-2088.0401092552647
-2090.1129672996426
-2092.1842964233033
-2087.9636483112254
-2090.058164272634
-2091.46946609349
-2093.5700049342963
-2095.653842186761
-2097.7234275893998
-2099.7956476640375
-2101.1837242210604
-2103.2804044606537
-2105.393778068952
-2107.4864628181695
-2109.604834189789
-2104.736938649621
-2106.841427779167
-2108.929480142215
-2111.002280206802
-2113.0932123134367
-2114.5037446946876
-2116.6421512631528
-2118.7941577524234
-2120.9236174495686
-2116.7365592955452
-2118.8417424091526
-2120.9524664121927
-2122.361379682891
-2124.466313191823
-2126.586364100182
-2128.716604141955
-2130.8491089200375
-2132.3184382006493
-2128.1690976004597
-2130.2718363195327
-2138.6580884043246
-2134.5109303881773
-2135.9530562760488
-2138.0990683088958
-2140.23590051544
-2141.64341883485
-2143.7817822445923
-2145.933234636263
-2148.099983163929
-2150.2295764100068
-2145.38503165857
-2147.542125554615
-2149.705228689658
-2151.8562627942706
-2153.992308725944
-2155.4204750907975
-2157.547189673172
-2159.745324450745
-2155.6406279346975
-2157.815901407286
-2159.2729901444363
-2161.409964238619
-2163.5819782419458
-2165.7568183873764
-2167.9212189776495
-2169.3710962664436
-2171.5316053387073
-2173.7137741026067
-2175.160516026009
-2177.3457887521604
-2173.2578403140424
-2175.423186022957
-2177.600650216567
-2179.0537821659054
-2181.2514036926577
-2183.4258304674877
-2185.592353862393
-2187.802250794672
-2189.2703683973873
-2191.4931275915073
-2187.4126044609543
-2188.8914007460426
-2197.2857403324488
-2193.254134027786
-2195.445179242569
-2197.6425862587985
-2199.11170079501
-2201.322874364222
-2203.5728552982673
-2205.0557567818464
-2207.323328641701
-2203.225429097107
-2205.402982660402
-2207.5819142338823
-2209.0486966149588
-2211.2569974412095
-2213.4703778404623
-2214.97701149187
-2217.2563455733193
-2219.520922541034
-2215.494759954602
-2217.68730079869
-2219.1493479331757
-2221.327579968881
-2223.5503408094255
-2225.0489433780635
-2227.2765061356768
-2229.5785937059754
-2225.5760741019903
-2227.8347684802957
-2229.3408983380054
-2231.564965656085
-2233.7637382734515
-2235.246252363256
-2237.4787516194774
-2239.7591078097084
-2241.2621798602427
-2237.2667532211703
-2245.841291909592
-2241.82523328512
-2244.0512383609903
-2245.543813882111
-2247.7667654036195
-2250.0102354949818
-2251.538901134575
-2253.820628095547
-2256.155660153218
-2257.656122252746
-2253.7231438320537
-2255.974582232144
-2257.4781585212845
-2259.724027569796
-2261.9072738463647
-2264.1358560327963
-2266.48008789501
-2268.046817454794
-2270.3722230986154
-2266.3976754555456
-2267.961120641532
-2270.2968281840117
-2272.5713577447314
-2274.0328087329062
-2276.291536830276
-2278.5312332287854
-2280.0698560101832
-2282.401457824622
-2278.4852609285217
-2286.3452522378097
-2282.3985598016056
-2284.7037510245004
-2286.9901013929507
-2289.240361662712
-2290.7915314534475
-2293.09126852267
-2295.434319674896
-2296.979094337887
-2299.3499046304973
-2295.403983895467
-2296.9783422484265
-2299.304589435425
-2301.6102251158522
-2303.1239337397037
-2305.4297995084544
-2307.7478372224305
-2309.29963840972
-2305.3473899235887
-2307.710486627672
-2309.3157227942734
-2311.644165302783
-2314.0359742628384
-2315.58947807403
-2317.9365741857528
-2320.271544298943
-2321.8309197172184
-2317.865337982353
-2320.2236316377907
-2321.7995280870246
-2324.172904175502
-2326.5424503517897
-2328.0797849844066
-2330.4327734416106
-2332.8141120759014
-2334.4366705813495
-2336.8028125628457
-2339.158264004467
-2334.4800421829977
-2336.8684769987362
-2339.221330386633
-2340.7747747274984
-2343.131534329471
-2345.5137263744136
-2347.1239944498507
-2349.488787207612
-2345.591785350006
-2347.2046627405452
-2355.881826502728
-2352.0056227591476
-2353.5676974057624
-2355.9394310879998
-2358.3447249070564
-2359.9536159469767
-2362.3764207031745
-2358.499995268464
-2366.3788927828414
-2362.5266193266284
-2364.9385466751264
-2366.521400192447
-2368.909373729596
-2371.2822493978006
-2372.898044702578
-2375.276666770487
-2377.6899606399543
-2379.285104460303
-2375.4299436370043
-2377.8914835898886
-2379.5338647196168
-2381.9833936216423
-2384.390983725699
-2386.03304707383
-2388.48622799461
-2390.915412810922
-2386.228274505753
-2394.1353567848505
-2396.530417827211
-2392.672596610751
-2394.280163061638
-2396.7139079072567
-2399.1533213849557
-2400.7756655005
-2396.921963249233
-2405.68367102004
-2407.337651220047
-2403.5296108456505
-2406.0046348320748
-2407.6300807460807
-2410.1286852753833
-2412.5812030807383
-2414.221245918141
-2416.6554778334494
-2419.0839799629425
-2414.437560958874
-2416.0828226927147
-2424.801000476272
-2420.987027905042
-2422.648755106646
-2425.1348082465706
-2427.5896943966645
-2429.213298327863
-2425.421221496835
-2427.9367830342753
-2435.8934493569277
-2432.0673212352613
-2434.5338568386524
-2436.182348696488
-2437.8758841147474
-2440.3743067992486
-2442.8625720041937
-2444.5345567223167
-2447.0236844878987
-2443.241323906357
-2444.890475136356
-2447.376655390514
-2449.881759519177
-2451.5084203979186
-2453.222042243663
-2455.74570068083
-2458.253342550258
-2459.90649593455
-2456.143083771564
-2458.662923068215
-2460.3437737387057
-2462.8575186086737
-2465.3554101338405
-2467.034911227233
-2468.7306711336514
-2464.981670967462
-2467.5038190567075
-2475.4921077788094
-2471.791392507241
-2474.3534956692506
-2476.0064005794316
-2478.538568146812
-2481.0560201827843
-2476.455197080113
-2484.3869753237077
-2486.8632631118544
-2483.092841135553
-2484.7846163602862
-2493.572388387049
-2489.845975246483
-2491.560297335559
-2493.291063785345
-2495.9034240976234
-2492.215978508793
-2493.9690692007475
-2496.5880158394093
-2499.1397779596705
-2500.834810568218
-2502.543943043017
-2505.0349783180286
-2507.543558006497
-2502.9563311174156
-2505.487276945307
-2508.0437335518327
-2509.742050147692
-2511.4613420027745
-2514.0384615295607
-2516.6416437283474
-2518.380150218467
-2514.664774110121
-2517.2531314902617
-2525.301113087956
-2520.7036231357492
-2523.312324188281
-2525.887616300924
-2527.62810669807
-2530.2405581054436
-2526.5308921117253
-2528.230955251043
-2536.225413827938
-2532.5203971893748
-2535.1253581086726
-2536.8421913818192
-2539.464555674902
-2542.030648578951
-2537.4716202627783
-2545.480137441896
-2541.835967228418
-2544.442595193597
-2546.2203726491907
-2547.9991591970247
-2550.6481554011757
-2553.286443840438
-2555.0673119613134
-2557.704128766133
-2554.013859506236
-2555.7572193529404
-2563.7846711084403
-2560.0899343930355
-2562.6526705195542
-2564.355567356732
-2566.158514507784
-2568.7421595440333
-2565.029086404848
-2566.7873866401846
-2575.7620407437807
-2572.114554853078
-2573.911338982605
-2575.712174826161
-2578.3647698115224
-2581.064196603556
-2576.5628746263333
-2584.572726350508
-2587.212965470327
-2583.5371712175165
-2585.2753528312987
-2587.0020839683493
-2589.601700802553
-2592.2420433689203
-2593.9595200783365
-2596.6512459931178
-2592.92774952695
-2594.677075833199
-2602.737051358922
-2599.1219734765705
-2601.7754126793243
-2603.5339827279267
-2605.3128755158928
-2607.9661610177286
-2604.332762671121
-2606.0739302968427
-2614.0639137741878
-2610.372958861168
-2612.9745313968924
-2614.712535538122
-2616.4426538270077
-2618.982228804776
-2615.362244153922
-2623.3551012267594
