1.0567237233991509
-1.318580377358749
-2.536578356494179
-0.38770181232766543
-0.573032912372104
-1.447503340694627
-1.56195937597805
-1.6737709144652972
-1.754255010283949
-1.8008242378455936
-1.801104726508801
-1.2251637936693192
-1.3330513447597092
-1.368442873173781
-1.4136797276924715
-1.4990588651851553
-1.5812002975875585
-1.599951038358612
-1.911043943287629
-1.9450394596327922
-1.962571050369404
-1.952489427547897
-1.9440528275716016
-1.9577852891565608
-1.8279932215941377
-1.856737298080921
-1.886771087103191
-1.9162477243073064
-1.933174447486308
-1.957134540664052
-2.060624674641973
-2.083827248406695
-2.1031356178221
-2.1067474357116525
-2.1075321361263417
-2.1143756930131294
-2.1360751021556266
-2.1194074968408523
-2.145177438842615
-2.152013964735836
-2.1567763773966395
-2.175430931520461
-2.2059538466570396
-2.268739123730539
-2.286374019826435
-2.3109878317522363
-2.3411118616790483
-2.3626628175707034
-2.3769006539940807
-2.392612451481435
-2.3987869225288736
-2.429491412814069
-2.44123777776141
-2.441589503654363
-2.4622009513849683
-2.505143365085504
-2.559863885462621
-2.5682431013312543
-2.5896606458052807
-2.6206050504140506
-2.6499767803478687
-2.65853034257577
-2.678770983262747
-2.6982835903250244
-2.74078314887295
-2.767121052637144
-2.786541723092713
-2.81966303298658
-2.8618968387535326
-2.9093955773097684
-2.9208509562030445
-2.94054199382417
-2.9758724762287594
-3.0212833041398794
-3.0608295723299848
-3.0668086560263403
-3.0996285943433652
-3.133392235163602
-3.1672360516657356
-3.1960146493489243
-3.223694467830709
-3.2515673406438808
-3.304370979226977
-3.3553709426775438
-3.3971266004540133
-3.4251420202896834
-3.4619952672285286
-3.5048178538710206
-3.518609635037596
-3.5483591282929243
-3.578392703741576
-3.6185647400697163
-3.6679157831248546
-3.7199110750381497
-3.7560351733929465
-3.800971176751948
-3.840261725053303
-3.8836974927965113
-3.9255400235726388
-3.96712352924508
-4.009374791758185
-4.062756257751399
-4.1107432191951645
-4.1443779140788495
-4.178111103621511
-4.22576289351555
-4.280050985038021
-4.305055311312569
-4.344389180155417
-4.389216235691824
-4.442198205118208
-4.492758260294539
-4.538966441431659
-4.581076377058624
-4.60440213783691
-4.690440354165479
-4.747238344227827
-4.795919321020027
-4.8470721298532675
-4.904381844888165
-4.9393233072095315
-4.982205131343412
-5.023346878361699
-5.073593134302394
-5.132851794968183
-5.19396213620735
-5.262636484723697
-5.288908662967348
-5.365504267529846
-5.413530054816096
-5.473764733655706
-5.4834427051281525
-5.534959305180901
-5.621940982626839
-5.685875892288823
-5.750884752815865
-5.802633603997899
-5.854014607083024
-5.919910088669932
-5.983626326631172
-6.009699071673174
-6.051684594257216
-6.162311614596831
-6.179232215479683
-6.243310572994702
-6.30846784911805
-6.395090007643907
-6.453800041642138
-6.536125802977929
-6.56895658255896
-6.628112134290531
-6.686363579713275
-6.773290789827122
-6.841025681170187
-6.900368374490825
-6.964894166218244
-7.036459295005209
-7.10444786657182
-7.169695040105744
-7.212723908031506
-7.274970008949322
-7.346684890413195
-7.418959290138842
-7.482507892198197
-7.547318834459881
-7.644297645151531
-7.716384543117152
-7.78942280341207
-7.866715888619562
-7.938840731795221
-8.000985599450711
-8.063981502444102
-8.115941972736843
-8.188421326592973
-8.259807608227966
-8.337253262848604
-8.41497803716539
-8.496666019976297
-8.493679404096769
-8.561871515697028
-8.632887767458158
-8.731246710723177
-8.906592844347884
-8.882139051019665
-8.945768241431203
-9.030689277720887
-9.111947559289984
-9.194527001591151
-9.267292598629005
-9.350079790480118
-9.438190073670294
-9.588414535638252
-9.665404260462534
-9.73929996099221
-9.824898579913539
-9.91284485053047
-9.997699147737583
-10.00944441073466
-10.094892664437166
-10.184611518890772
-10.268529510419846
-10.346188377933851
-10.437930615667906
-10.532308157898695
-10.67441855366192
-10.757559140788743
-10.846291533347083
-10.934987970208264
-11.02306215942091
-11.112412945076574
-11.067694178259188
-11.236215264294863
-11.323313679789827
-11.41458129655448
-11.505474826961986
-11.592390965342679
-11.68236717410083
-11.77873405825169
-11.865240874642597
-11.956909551662259
-12.050980013955334
-12.142580305951224
-12.238921204173762
-12.392092241718899
-12.487821757006333
-12.580288376140295
-12.678781767165026
-12.775869154831717
-12.873153524840092
-12.967186049019437
-13.081927898476891
-13.181267787972256
-13.280944447366776
-13.381217128388416
-13.481410492151825
-13.585662503490116
-13.613504460479355
-13.761838415966109
-13.860239805988284
-13.965292048961313
-14.072251852974883
-14.17057213118495
-14.270515923361927
-14.371595039531197
-14.471449596211125
-14.578675594770838
-14.677217662713154
-14.780640124961321
-14.894706257632743
-15.02258720148436
-15.121662248222846
-15.221190354287582
-15.33094599340856
-15.442617135503237
-15.55359150659115
-15.661464007033702
-15.75170489709886
-15.860862688293594
-15.976455196877998
-16.083897577370454
-16.186379524309512
-16.297441467514357
-16.434872777576377
-16.549400313537586
-16.650945648436082
-16.760355229958023
-16.860625801857942
-16.976341125628437
-17.112607550040003
-17.22293706341007
-17.333581681295154
-17.453433857349943
-17.5736199578231
-17.685128643707486
-17.794528364358197
-17.893912535017762
-18.0132354881491
-18.131272914744848
-18.250190292268197
-18.371005281729488
-18.48667028455943
-18.606369358497755
-18.740955442045124
-18.85892434468806
-18.980869089362933
-19.104954482432202
-19.228275683110787
-19.34899590720599
-19.467883748587262
-19.587988372327104
-19.71319437839259
-19.840214893855762
-19.968412942071026
-20.09334545326467
-20.202994889571666
-20.33065491544963
-20.453115865540383
-20.573656432414104
-20.699537648793665
-20.831708914792895
-20.957440962248835
-21.08773329237283
-21.212564085016773
-21.34754673840151
-21.482782215202143
-21.60911332587766
-21.736329180316137
-21.8697899761649
-22.006950360820685
-22.14127241268574
-22.267136213666095
-22.394416939724106
-22.52699036891226
-22.65391361346831
-22.775296855614336
-22.912975795964797
-23.04554880521642
-23.182993570160978
-23.325244310367662
-23.469020982565524
-23.613605753525913
-23.74589814863188
-23.885505514957856
-24.02656141084499
-24.15956978528523
-24.289342168166357
-24.426819475853588
-24.56930976935055
-24.71302524889334
-24.845171965261226
-24.985280459149738
-25.13765865776175
-25.278409745254955
-25.404777011564857
-25.542439453433367
-25.684996804763802
-25.83205069594121
-25.97982956083708
-26.116843225728953
-26.248573721302467
-26.411075713616796
-26.565387403625817
-26.66363093975798
-26.842130015872378
-26.990157910751897
-27.10977964098833
-27.301855732510333
-27.44635331181199
-27.591693705647256
-27.74131842868975
-27.894848887027823
-28.046796752464346
-28.140315542760252
-28.320661694760325
-28.472344619372613
-28.627170772602664
-28.78529275080056
-28.935146838541755
-29.08544038883091
-29.24284259635043
-29.567665260576845
-29.54611473136874
-35.96318454214414
-36.13608513537287
-36.29966974080966
-36.45344375438997
-36.57406446292773
-36.733705424214435
-36.888056799231755
-37.038869791403954
-37.204545112627976
-37.36564740591628
-37.52243204842639
-37.71231996218458
-37.87494996488183
-38.03215165968166
-38.18996804480799
-38.35522804832907
-38.52021733984151
-38.678612679195695
-38.83514530327011
-38.995925576041124
-39.16376022396655
-39.33121207426172
-39.49576556576251
-39.66136225864557
-39.78940655672048
-39.96586235568685
-40.15687708261597
-40.32747096102779
-40.47837648669903
-40.64329217240502
-40.80516384240596
-40.97484614979056
-41.13747643536896
-41.30573882438294
-41.50252101158716
-41.64801720202804
-41.825780908162436
-41.99469284261834
-42.145586940575974
-42.344119420677906
-42.51730970275316
-42.68726186624754
-42.87035178809155
-43.050395134165164
-43.19849163446275
-43.372209444709796
-43.557849482372085
-43.75334972849662
-43.927578406699325
-44.09185090550293
-44.266789549818164
-44.442328479422194
-44.62574875415426
-44.80881506421504
-44.98750138491223
-45.16334936577859
-45.35328080197608
-45.53558223389651
-45.717985929004506
-45.90145314853268
-46.08548324275595
-46.263645707569005
-46.44833491852332
-46.626077759861424
-46.803952057727095
-46.994871572914974
-47.18807156448854
-47.37901174883727
-47.56177186448661
-47.732136110998496
-47.91978902321869
-48.105151649790436
-48.297501963354044
-48.4938096067859
-48.68308925112953
-48.87757473384068
-49.070642563817565
-49.263645129307335
-49.45190884947443
-49.64385457228365
-49.834544630088565
-50.03125694750351
-50.23002560254518
-50.437451388458186
-50.62836547903446
-50.812685987640556
-51.01621192536707
-51.221784971476886
-51.412928999682194
-51.596014173107044
-51.796640157608266
-52.01220259156308
-52.20962954409393
-52.39802640055113
-52.60805273534351
-52.82229277775839
-53.006563487279536
-53.20483009562056
-53.40827245078474
-53.610680077208855
-53.82225493720915
-54.037350690987516
-54.241507222495464
-54.43930106164475
-54.661069719524114
-54.859760221762016
-55.07658228764645
-55.29505244219789
-55.50186796043935
-55.7191824061151
-55.94359867020229
-56.156750256367985
-56.36356274513915
-56.582490276051104
-56.8037599025333
-57.025021172002454
-57.24060393867297
-57.462018061606756
-57.69767988299781
-57.93368211125765
-58.141041770786984
-58.3490717020399
-58.567158414646386
-58.801387259473096
-59.033827923086825
-59.25146090960326
-59.48926932734169
-59.73450418967779
-59.97760849092471
-60.212818367744916
-60.43317318976434
-60.678027794953856
-60.93793105735825
-61.16577089766648
-61.39426305823085
-61.546881878306166
-61.89716463292332
-62.14825888673595
-62.38231337010907
-62.61367348001937
-62.849361301830676
-63.095768308818414
-63.36318348464604
-63.62331954512841
-63.86525503255903
-64.10639889925953
-64.38247948763365
-64.65616965683836
-64.89549562396122
-65.14007385268705
-65.39985454229077
-65.67568534274815
-65.94616131671532
-66.1903011569797
-66.44018660458724
-66.69774918944674
-66.96062773310904
-67.21586247491835
-67.46851497029854
-67.71911225691281
-67.96647368061205
-68.21025110045993
-68.48021222707398
-68.7479637387143
-68.99946552348933
-69.26028747562309
-69.50145696617321
-69.75830461536208
-70.01341335605075
-70.27237499068777
-70.53608002742375
-70.78027997709472
-71.02330304948512
-71.27134964430866
-71.5205838924004
-71.7800614124897
-72.02431606148333
-72.26793518400827
-72.52297911787387
-72.77108061442969
-73.00417519242367
-73.22339262292833
-73.52198598980284
-73.77307089961234
-74.01967165822926
-74.2767884502913
-74.51755715863133
-74.76270416294327
-75.03345537355463
-75.29071950451133
-75.54012030078016
-75.7812756564909
-76.0256831090009
-76.27957809418184
-76.54042017792906
-76.79103716283714
-77.03756243792999
-77.29019727457403
-77.54913652009708
-77.80564416721607
-78.0542995984997
-78.31078643233006
-78.57205328216395
-78.8409446486305
-79.07942087070691
-79.32944457880238
-79.5914391106766
-79.85811178532337
-80.1215068855477
-80.36234699256974
-80.62123324086664
-80.89036460842648
-81.14273011480213
-81.39111661654613
-81.65125325750964
-81.91649690813313
-82.17212050196969
-82.42682685284775
-82.69879013897815
-82.96693698801411
-83.21432545343262
-83.47039998109693
-83.71501006441505
-83.95573919275601
-84.2525149517107
-84.54098478044183
-84.79570253872247
-85.05153449013447
-85.30206404563401
-85.56623606905222
-85.84056009206881
-86.11599277223702
-86.37279712287152
-86.63820418486502
-86.91231830626927
-87.1721874708305
-87.44815474483855
-87.7239633720436
-88.01219359427996
-88.29464644800669
-88.55685811987453
-88.79681635529667
-89.14420240453964
-89.39680485179517
-89.67433727801094
-89.9612197682232
-90.2476635289594
-90.5329295141468
-90.80860664224548
-91.07928706611312
-91.37441156865118
-91.67525981875798
-91.97364693048178
-92.27087569622422
-92.53781202039345
-92.83947389127282
-93.14309864652157
-93.45453709082037
-93.72511068513889
-94.01553178926626
-94.34312477660718
-94.67145041484193
-94.9594162672227
-95.28698396494875
-95.57371332570484
-95.89890231477058
-96.21634015751002
-96.54534753989434
-96.89564906780551
-97.20738523702988
-97.51271967784697
-97.82042191771653
-98.15997744187241
-98.48887039425071
-98.81620975202888
-99.1449749032081
-99.47450593252545
-99.76765047651604
-100.15424885865978
-100.46831770472355
-100.78354417740502
-101.10132852610359
-101.44987488692608
-101.75629407067767
-102.06009018445013
-102.36825110003733
-102.70208219829183
-103.03306933248346
-103.33950414489001
-103.62827884490459
-103.9608479367382
-104.26502033073965
-104.60227234674794
-104.89376079772946
-105.17690216097766
-105.50433318287574
-105.82841915551998
-106.11686686609329
-106.42197907594372
-106.73363300516888
-107.02236666249249
-107.33312883714633
-107.65517205950997
-107.94407664414409
-108.25558946405157
-108.58691052772818
-108.88521707482859
-109.17440740302523
-109.48037466457555
-109.80865054302814
-110.05697118136675
-110.44475231852729
-110.73772330611735
-111.05628061247606
-111.34406613752478
-111.64610015942513
-111.95633563633521
-112.29554682849282
-112.51924072386575
-112.93387958720639
-113.26530729757125
-113.5756666662677
-113.89302041892847
-114.19038204945494
-114.49538329587587
-114.82160571563058
-115.14279017101444
-115.4613950459861
-115.76468912262851
-116.0711768148396
-116.46784099742806
-116.79629216432696
-117.06495522592076
-117.41067117638308
-117.70024172939641
-118.02859648100029
-118.39332043962436
-118.77396107851344
-119.08562257709303
-119.42844925746621
-119.78521785736929
-120.13762575124198
-120.45720733977481
-120.78541174680768
-121.13050909002806
-121.51943512459782
-121.89914914977471
-122.2524265325605
-122.61502659725495
-122.99469648756944
-123.37141188752902
-123.74599316458341
-124.09747063732273
-124.45048659214572
-124.82929946119735
-125.20058430180879
-125.5854140980631
-125.9741194817303
-126.32031079507955
-126.65461492362795
-127.0304580994236
-127.42381061972193
-127.81149834542948
-128.15533017977032
-128.48291812716027
-128.8546080913499
-129.22835840039843
-129.57742643595944
-129.92299555073615
-130.29729930370559
-130.65689245795417
-130.9898696806538
-131.33234590850518
-131.70576843975093
-132.04482227944757
-132.3832220824552
-132.75344128583404
-133.09425509582633
-133.43020347890265
-133.82014884729023
-134.16541000622985
-134.49490360005646
-134.84959028611846
-135.19623793079057
-135.542388164556
-135.9162868012227
-136.14400937583557
-136.63740262753015
-136.9123799195631
-137.31407472749513
-137.67082196036907
-137.98410957247148
-138.3589601931899
-138.7043871026493
-139.0674658299952
-139.43087282512758
-139.7678140424895
-140.1503493207879
-140.58745563880535
-140.89589514004007
-141.28253715001654
-141.58433656258987
-141.96002930299917
-142.34197786526295
-142.67923010896612
-143.09364217209998
-143.48917565475807
-143.8679439475052
-144.21254779610175
-144.6314045551284
-144.9957438957977
-145.389298394411
-145.77918682647055
-146.15108990029879
-146.59338330522343
-147.0029316581389
-147.32927152647255
-147.77059019128748
-148.13448783154874
-148.5116003041942
-148.98290050037556
-149.38811212577286
-149.7837831118342
-150.14596663604922
-150.5668373105857
-150.92945261159383
-151.2822773001939
-151.695939164474
-152.12591670214576
-152.49866981339093
-152.90846293760433
-153.2225752990087
-153.71183164801718
-154.10742134497954
-154.4674743452151
-154.79171343508258
-155.23398169429623
-155.66179412107502
-156.0238460787525
-156.37717844529107
-156.7441002163201
-157.14091538630487
-157.53727178200572
-157.9196100033922
-158.3281308840709
-158.59993417997825
-159.07063257319118
-159.51267319136275
-159.8591259066582
-160.23671635367143
-160.61511242940205
-160.99934363748633
-161.44474441436623
-161.87406268995682
-162.2819659623909
-162.63502499393934
-163.02363038453765
-163.41613387313816
-163.81268438424402
-164.24492008526528
-164.6530741017174
-165.11209035781593
-165.49807430387202
-165.9027326653098
-166.30335193172087
-166.71158005838396
-167.12450371905032
-167.50914327039706
-167.9680175670556
-168.32457713617566
-168.74081817284934
-169.163218775245
-169.57582506798002
-169.98071180085293
-170.37825044674483
-170.85057592503637
-171.2360502328867
-171.81172548201445
-172.07172431691458
-172.4891967923374
-172.90654671242507
-173.33175742891365
-173.79033390490486
-174.17987072962794
-174.73909858511198
-175.15293994124764
-175.57091368769642
-175.8513725034914
-176.24008416899113
-176.62442550741804
-177.0544667856861
-177.60731282859223
-178.02939327688924
-178.4638526679873
-178.76664559286218
-179.20102655956467
-179.67105408318554
-180.0890975824057
-180.66554698519056
-181.0104320057016
-181.44056939191069
-181.88929995278085
-182.21088470885505
-182.68717878032217
-183.06421061577439
-183.6218094334308
-183.9400379641634
-184.38271224134357
-184.82664711021428
-185.28461236422257
-185.69033305356703
-186.150716309596
-186.72391200734592
-187.1708570824891
-187.4373484534771
-187.9728188779546
-188.31841605294116
-188.78232431146074
-189.2384910015651
-189.79706187293937
-190.17627697717765
-190.62346534649484
-191.07259843285453
-191.40064288526213
-191.80148219605832
-192.26122381199923
-192.8021095131743
-193.176088290052
-193.65811832015063
-194.1227363101291
-194.39691644687318
-194.8515403640625
-195.3291236996075
-195.78023699696445
-196.29087388590017
-196.7523254085254
-197.10632705468967
-197.5501655997647
-198.0332029439354
-198.4719131228525
-198.90252018973803
-199.36564296422202
-199.80717133427487
-200.32248453454378
-200.7611601489226
-201.21608312747114
-201.71751852261173
-202.17175133419028
-202.611671067331
-203.08598215964696
-203.54066830678502
-203.9652654076544
-204.47678752519715
-204.87682086945946
-205.4129467555801
-205.84856038965773
-206.29356213451845
-206.7502450735374
-207.19540026928655
-207.64085266951224
-208.19706487045818
-208.58675959534457
-209.02177857142703
-209.45160679402392
-209.9793325889797
-210.3647150383947
-210.80935348313807
-211.27757235210208
-211.75485840224
-212.17426544487225
-212.65208979939698
-213.07703948765547
-213.54555635338778
-214.0318793607429
-214.52239260575035
-214.9417474600061
-215.37373317722887
-215.88162881328046
-216.33937771093358
-216.7042144909189
-217.25377255673666
-217.8002786721678
-218.28573466444584
-218.78262528234393
-219.3122360281736
-219.76054219601795
-220.27753187700506
-220.7655737502406
-221.25315344261702
-221.7821998351513
-222.23235306338725
-222.71896239780497
-223.2236069545699
-223.713324536519
-224.22378539246495
-224.6371857150657
-225.10827715333224
-225.60274659974985
-226.0422027562172
-226.54103675000977
-227.02775181769422
-227.47832812067537
-227.9538252046117
-228.44538408666637
-228.86545526500393
-229.3452569666858
-229.84067193852417
-230.2648912744148
-230.7391190438007
-231.23477457196682
-231.68131979854164
-232.1875499015098
-232.6865803660335
-233.12900867191348
-233.63976077897803
-234.11944822329428
-234.59734513202685
-235.06718675112774
-235.65659742284492
-236.15604998850708
-236.6550261284834
-237.1567733029084
-237.7957732046276
-238.28615401557306
-238.79589496829107
-239.30302644836917
-239.91066189087337
-240.47501432266668
-240.9614532238859
-241.44676623753276
-241.9807520934863
-242.50686193823765
-242.9573678654846
-243.42545507200379
-243.88285042472614
-244.4130617021822
-244.92802478692627
-245.38801962010015
-245.838561082094
-246.29671572737374
-246.80199806989486
-247.32017308766055
-247.77649029890864
-248.24149518600777
-248.7058643982676
-249.16960975518884
-249.64342218934794
-250.17354330128347
-250.72273707919982
-251.2144042724963
-251.70996775950044
-252.2134717293683
-252.7185385630888
-253.23082306769172
-253.8386114952891
-254.47765929687955
-255.02807608599497
-255.57223915959247
-256.11501882142926
-256.6631467666505
-257.2076668906136
-257.7375776938002
-258.276578761118
-258.7939929055991
-259.42035510001693
-259.9611991691538
-260.4530834568352
-260.951030114532
-261.4772512126749
-261.9324707519665
-262.43412127908863
-262.9258591146287
-263.40471360238735
-263.88509585205907
-264.37361490775464
-264.8753661859825
-265.3838705489468
-265.8774105702167
-266.36242643107414
-266.850518960957
-267.35748430447023
-267.8947533340933
-268.431857660023
-268.95741844642606
-269.49596784954593
-270.04373946374415
-270.6046034854234
-271.17286816262174
-271.75681393234913
-272.3661911835273
-272.95867905422347
-273.53266127499563
-274.1241366277783
-274.7010131446109
-275.26845772605526
-275.81519241782684
-276.3570943165679
-276.90651984718494
-277.44715682638355
-277.98118854886434
-278.50984306799154
-279.0266677853731
-279.54547233150083
-280.0662770069405
-280.5274762565017
-274.75389397764434
-275.23172584829626
-282.0483026851404
-282.5771244019367
-283.10002684687646
-283.67854401668427
-277.9362720820224
-278.5041392652255
-279.07053492274923
-285.91933151265397
-286.4305791608585
-286.96566702573097
-287.56636303818294
-288.27573595661113
-288.8490333308881
-289.48169755233977
-290.0818598245703
-290.67261388714365
-291.21047012305263
-291.7671102170183
-292.3394120282252
-292.90873604118536
-293.47600450122894
-294.0359888739906
-294.5296526563015
-295.0047669200868
-295.54820494609027
-296.1006583207337
-296.6536888686236
-297.2111217279586
-297.6970312033116
-298.1990538645986
-298.7730450766762
-299.3464613392161
-299.918673716323
-300.43816507680555
-300.96154114362577
-301.59042425286935
-302.19995130061943
-302.82937822599496
-303.36049797341536
-304.0017705540082
-304.6628352280792
-305.30350416910784
-305.8861315384083
-306.4598186372297
-307.0460677931622
-307.7175779644814
-308.2300748978787
-308.75297167024723
-309.37970488299044
-309.9584531197853
-310.46521624435667
-310.9726673191903
-311.5475085277932
-312.145164216603
-312.6621672704397
-313.1721414161491
-313.7711032814185
-314.36547808679256
-314.8974152651936
-315.42356319905764
-316.0415110677788
-316.6204948019306
-317.1749831524103
-317.8257624643873
-318.4363887578845
-319.04225590526323
-319.74164366433257
-314.1083185653956
-314.7045863556494
-315.2999538556205
-315.96499551399626
-316.5523953600707
-317.13650877599054
-317.80400070439515
-318.35906652448307
-318.8994457846885
-319.51151031867676
-320.0516273013859
-320.59312838408084
-321.13334236346844
-321.6796822273478
-322.295188959328
-322.84945010052655
-323.42144035968937
-324.0664871262747
-324.63672264360406
-325.21422756097667
-325.8895901645031
-326.47226584119096
-327.07150630624614
-327.70733036578184
-328.33791761563873
-329.04875533767154
-329.66642901689255
-330.2869696763909
-330.91061980370614
-331.49635250264146
-332.16494793649156
-332.7576496362394
-333.3423801854914
-333.92727007962037
-334.5004314860852
-335.0632334053926
-335.6440167647932
-336.30031553568165
-336.88423337133474
-337.47097430250886
-338.04247241612387
-338.6522111879974
-339.2545994073861
-339.87683206893604
-340.5029027922813
-341.098731366677
-341.8205373434173
-342.4752004930684
-343.1348905739366
-343.7886145112984
-344.4393599401063
-345.0790749577322
-345.71396526542316
-346.3470840162144
-346.96776254759226
-347.56290186311224
-348.15951791807896
-348.7512518167957
-349.3579359919749
-349.9695344482765
-350.5766345427531
-351.18964574874224
-351.7901987217842
-352.4135908117697
-353.0395859713763
-353.6411765167438
-354.27847871703904
-354.90912856620713
-355.5767203328576
-356.2189929552575
-356.9002323265869
-357.57786548455016
-358.2726325114653
-358.9297641351691
-359.59936625127796
-360.23320194081
-360.7853424426371
-361.3870735847888
-362.0624431217328
-362.7029663287743
-363.3401304066051
-363.98402831442826
-364.60661901922873
-365.22563411356253
-365.8054482261389
-366.4222194205799
-367.0739434279784
-367.7161187522697
-368.3551561804993
-369.0369666516581
-369.6539261303602
-370.34693707679514
-371.0140383788527
-371.7653541606801
-372.4250626157788
-373.0079768971333
-373.7192931459924
-374.3980146979889
-375.1160699361563
-375.7274350435711
-376.29319162964305
-376.9860889322416
-377.6169200007961
-378.2575589770507
-378.90756072959334
-379.47186769740625
-380.1252183454561
-380.8072924131935
-381.40104917188074
-382.09306004011427
-382.79502081995713
-383.5363468316403
-384.2775612686632
-384.9133006004668
-385.63967958578246
-386.38562211225707
-387.0034958645784
-387.7128687827578
-388.412512908504
-389.00718221428957
-389.6824628802709
-390.3307374469687
-390.8991689529441
-391.54586801797234
-392.18886547049624
-392.75538862103224
-393.4546187575409
-394.1621585293167
-394.75943285556275
-395.3634053111887
-396.1098291999453
-396.86490732671814
-397.51648426759874
-398.3110118618699
-399.08822446757455
-399.74886074624453
-400.46686315822035
-401.2825315684843
-401.9090230177462
-402.49906534930176
-403.14717498824007
-403.8729863165572
-404.4160152243331
-405.09558631993093
-405.760045316683
-406.35995799225054
-406.9573329766119
-407.67063514881283
-408.4407947595558
-409.09773457986785
-409.7527453367476
-410.5353452993265
-411.3508410673855
-412.0674314242958
-412.75858121109985
-413.5583931874734
-414.3332118505068
-414.9913191727051
-409.33720261568544
-410.06119754090395
-410.77875375132163
-411.3753286757451
-411.9715248922425
-412.5368954003479
-413.28183688324424
-413.98212329514206
-414.5961267621692
-415.24126162012715
-415.9094585689101
-429.2457146765328
-417.48279265141974
-418.21434189402237
-418.95776773649646
-419.6860872362069
-420.521145048602
-421.3307704274192
-422.0044806627603
-422.6563126932932
-423.29351401256224
-424.00947106320797
-424.7213930187574
-425.3394782940066
-425.95282401265194
-426.56347234919923
-427.3080438062338
-428.04237810893824
-428.7022469166744
-429.4536770811518
-430.17058963066467
-430.82469939076094
-431.58611970201974
-432.4940495838992
-433.39965164269466
-434.12211443158486
-434.82755859484905
-435.50000533372497
-436.1551904552123
-436.9349572779947
-437.6860785518832
-438.3313176116503
-438.9324223482462
-439.63061331915435
-440.29508863368767
-440.9623836401282
-441.6394016298991
-442.42398353888785
-443.31366202092596
-444.0594919263141
-444.8231216676728
-445.6142850703871
-446.3629978757814
-447.0962131648556
-447.8122082372836
-448.50417347002156
-449.26006392644
-450.10518019040205
-450.77910494087223
-451.4496773558236
-452.11665323524693
-452.798630222226
-453.49418910185193
-454.19534626858007
-454.9009796736514
-455.62113573624754
-456.3746638971801
-457.08113408052066
-451.7516047543042
-452.6642580270799
-453.42922597155047
-454.185006221127
-454.90449314203624
-455.62001849346433
-456.33123495337276
-457.031925898246
-457.7239854070964
-458.4220763966566
-459.141263215338
-459.86242403654205
-460.5354313131944
-461.267890784399
-462.01816694766455
-462.782085223648
-463.54367961730827
-464.30128423487207
-465.15214597981736
-465.9272691039221
-466.815078362832
-467.7048744074118
-468.45110271700713
-469.1929825459111
-469.94067376602965
-470.6736821802688
-471.39232200651384
-472.1212087360847
-472.869014842927
-473.6147335016574
-474.3524909301219
-475.1128601633807
-475.91326464075684
-476.6983603314673
-477.47853637999583
-478.2682056676893
-479.0734808706298
-479.8599116550832
-480.6311444271352
-481.4046010181378
-482.1742052257182
-482.92210607123235
-483.6738789644175
-484.43445448687305
-485.20059086388534
-485.963185942016
-486.73503266605866
-487.3943827746784
-488.0360606251723
-488.8230816312054
-489.63571913598884
-490.44003232861536
-491.2534147473699
-492.00997339389426
-492.8217249972591
-493.6365466127774
-494.41897178235416
-495.1906683040683
-496.00629899610885
-496.7905472795013
-497.56724086486366
-498.3513711343519
-499.15426173402307
-499.9634458909938
-500.7786820091754
-501.60731299296805
-502.38812028060056
-503.044396265416
-503.75335659451196
-504.5671479189588
-505.38165814921365
-506.1763827207449
-506.9780981729573
-507.7848353618271
-502.4108529400866
-503.16414395245226
-503.98467784596073
-504.8177997519484
-505.6435097805463
-506.3277393317863
-507.0375374268082
-507.88650734214946
-508.72150338896995
-509.50909206257165
-510.35108303744335
-511.19180085258944
-512.0168540761363
-512.8236545974441
-513.4962515295316
-514.2339922452587
-515.0619852401264
-515.9020943438517
-516.7461479062688
-517.6158086951508
-518.4837867383719
-519.3458240868734
-520.0470234658692
-520.7177726231232
-521.5653813448678
-522.398019798811
-523.2296554458972
-524.0668616917052
-524.9219706570403
-525.7906512310374
-526.4817558772559
-527.2557836139291
-528.1359430118813
-529.0127551170277
-529.8763813458029
-530.7326107755241
-531.4484675471851
-532.184750263678
-533.0496950313877
-533.9165765000234
-534.7841079299656
-535.6190220748921
-536.3860868709315
-537.0687157516156
-537.9328442275404
-538.8107815496669
-539.7022071178365
-540.6220885740332
-541.350596793262
-542.1122545507667
-543.0291657184889
-543.9307410642929
-544.813191862794
-545.6843107800598
-546.4143589974472
-547.121207679737
-547.9838833406576
-542.5741145233468
-543.4649045724592
-544.2118424934126
-544.9694149111057
-545.8831622933302
-546.8369159141532
-547.6685816417698
-554.7059912501683
-555.5726084377385
-550.1254745058587
-551.1087348623715
-551.8508632089529
-552.5736572791127
-553.4580440868656
-554.3623794377667
-555.2811013596764
-556.029125275805
-556.7993639328793
-557.7272211003769
-558.6461671430732
-559.4310084537049
-560.2272179463765
-561.1684378133428
-562.115814701796
-562.9387315398607
-563.6901083572877
-564.5752178931658
-565.4605612086589
-566.2094984896892
-566.9721555399918
-567.897743906294
-568.8617400699596
-569.6596380854979
-570.5029304434705
-571.5164364517022
-572.4807977661297
-573.2707894264048
-573.987402048821
-574.9139929709029
-575.8213754739937
-576.6375311981253
-577.3892587254892
-578.3323458884199
-579.2286177597559
-580.0625709152588
-574.6828591077438
-575.68718197168
-576.5145514219648
-577.2841462427485
-578.2541288408815
-579.2218791951018
-580.0427104989717
-580.8377033527039
-581.7931565461932
-582.5946837478263
-583.3694291312361
-584.3197576929012
-585.3076889643903
-586.0953347146641
-586.9790424387755
-588.0103543691511
-588.811791445891
-589.6438682305351
-590.6598769094763
-591.4763306391285
-592.2730851498218
-593.202652447948
-594.0283782736652
-594.8024754767683
-595.759628505612
-596.5683930390668
-597.4534145201146
-598.5276754004209
-599.3982733352484
-600.3408412665028
-601.3770241648024
-602.1120091698641
-602.9365431770669
-603.8978155346845
-604.6827235529993
-605.496834351872
-606.5078816983747
-607.3818095523919
-608.2224342732768
-609.297569226677
-610.1891450419614
-611.1055167351097
-612.1499373413598
-613.014993856488
-613.8606661096954
-614.8413322040262
-615.6435606860794
-616.4671019055487
-617.4780825622732
-618.2924589333102
-619.1561106713175
-620.0132494943214
-620.9451426457252
-622.0463012588672
-616.6494288445733
-617.5742386519456
-618.6261611848317
-619.4744038525563
-620.3191184657743
-621.1423999019349
-621.9109271158412
-622.9828753878377
-623.7997806216791
-624.7018516493732
-625.8011563648403
-626.7188659881427
-627.7010311135253
-628.6615342465618
-629.5559576975107
-630.5886889481745
-631.4271318028399
-632.2609533408635
-633.0931780713598
-633.9468683882047
-635.0186046266878
-635.8803064145284
-636.8611149484482
-637.905465138149
-638.8481041598262
-639.9208170788016
-640.8183635899175
-641.5954715738894
-642.5351045471609
-643.3959103905229
-644.2739815956872
-645.1631740202967
-646.2657643394491
-647.2405084923141
-648.1806358312766
-649.0891555381472
-650.0483595174366
-644.8849509731194
-645.7802581484148
-646.6959090406295
-653.8431578470754
-654.7497249385493
-655.6600757302608
-656.5621275539496
-651.2317725577597
-652.1460707610044
-653.3188522889083
-654.2462608486412
-655.2273830555412
-656.1362219880474
-657.0747738474919
-658.0154925343509
-658.9384091069339
-659.8328267036222
-660.7299977772692
-661.65211060206
-662.629357727344
-663.761600843476
-664.6925799688105
-665.7455028543183
-666.7165477898892
-667.6938683334129
-668.6308380865581
-669.5540758416231
-670.461911177976
-671.3749270025019
-672.3019080644098
-673.2771255611608
-674.2783680272422
-675.2542499271726
-676.2341743133447
-677.2865021070845
-671.960921574942
-672.9193408792801
-680.157074006059
-674.7902495267269
-681.9943025385087
-682.9581132899345
-677.8189002318409
-678.9239571780992
-679.9301287705769
-680.953365636597
-681.9540733982535
-682.8799564229695
-683.8308867413034
-684.7422531863182
-685.7461807412806
-686.7157847149418
-687.5177125444085
-688.5766112106555
-689.6330176864271
-690.6555208703387
-691.6509420211526
-692.6539181468926
-693.5966083212074
-694.576501828849
-695.5154990256623
-696.5408656835428
-697.5532745128177
-698.6133538503016
-699.6607825222408
-700.6975360227719
-701.6744516057627
-702.7058782159498
-703.6885081054355
-704.6828169305013
-705.6637486623875
-706.6816268321387
-707.7086230395355
-708.5835776716403
-709.632347044538
-710.6629345296749
-711.71202255348
-712.721716357385
-713.7674741556351
-714.7404549990688
-715.773042224459
-710.5350787965565
-717.8477759898961
-718.8437405027919
-719.6855369035444
-720.7860292300444
-715.5817515362013
-716.6367148129327
-717.6890513912527
-718.754039193548
-719.7883120965189
-720.7994945228234
-721.8146732947716
-722.6472348183721
-723.6871441785938
-724.7781146517622
-725.8775262377981
-726.9878194182519
-728.0634068590409
-729.1235874213327
-729.954832265494
-730.9641069862753
-731.9662542375983
-733.0002119698082
-734.0791939057845
-734.9499363219836
-736.1050506546591
-731.0130978080155
-732.0892371851344
-733.1524737549255
-734.1374240911707
-735.1611391346385
-735.9669209922487
-736.9834048595711
-738.0801354312525
-739.2666250799645
-740.4124155109803
-741.318621657067
-742.4503139273073
-743.4906372183054
-744.5306390104984
-745.5167924147979
-746.3464793272466
-747.4109669122854
-748.5581815816352
-749.5036632583824
-750.7495505182499
-751.9142380649517
-752.924045763208
-754.0007405042488
-754.7791892856038
-755.8856669347781
-756.8261223017154
-751.6576085682265
-752.8661798803098
-753.8271000225373
-755.0164133637395
-756.1544062563269
-757.0119236333878
-758.0331195879447
-759.0454916178113
-759.8715122278663
-760.9701012159885
-762.121890499092
-763.3097651038738
-764.5448352711841
-765.5171205708093
-766.611503137836
-767.6862769197024
-768.5142770570758
-769.5409084802155
-770.6616959501976
-771.5048496405689
-772.6869739888448
-773.9078624197051
-774.8782366796797
-776.041991917283
-777.165401864132
-778.0077652599708
-779.0651183904379
-780.2018071495502
-781.301965506868
-782.4068918484484
-777.1182547769193
-778.3603541044525
-779.5329361752011
-780.4315408771737
-781.531494481548
-782.6345973527427
-783.512117263373
-784.6124565690944
-785.764199596515
-786.7475225861843
-787.7313106913163
-788.9452404041035
-790.1089876181231
-791.0372335750843
-792.1237517261478
-793.2604545967329
-794.1675234918798
-795.2948911600666
-796.4665244508022
-797.470777869047
-798.7084296131113
-799.8720354677029
-800.7791457102925
-801.9258880166691
-803.0659651813373
-803.9559551772891
-805.0878490788913
-806.3325387953684
-807.2852755539695
-808.2706198169093
-809.5864432303285
-810.6434205124488
-811.5524190439297
-812.6858587129834
-813.8404240849092
-814.7824355385363
-815.7496677994533
-816.3224608130336
-811.9380799637739
-812.9184392329162
-814.1489142650261
-815.219256775283
-816.1442063302133
-817.0942108505631
-818.2396558020023
-819.4797911239235
-820.5208036165428
-821.7606831918354
-822.9812063039502
-823.9315194627736
-824.8729551368327
-826.026748373895
-827.2047225249289
-828.1550018274534
-829.1372656285744
-830.426788899579
-831.7132793513596
-832.6835891479558
-833.8940842619664
-835.07002665917
-835.9944073415452
-836.9494415856655
-838.1449199496924
-839.4140305747513
-840.4392011860127
-841.4729745262615
-836.4793789625593
-837.691248069736
-838.6364863939434
-839.5740519369723
-840.7813278054888
-842.0033522135357
-843.0252432060602
-844.0805123671636
-845.3891837414611
-846.6137919579203
-847.5968413611349
-848.55812869681
-849.7485770036826
-850.960367027203
-851.9349055905659
-852.9635480077636
-854.2838426768516
-855.580505017088
-856.6008029609942
-857.5906898075593
-858.564953480009
-859.770429047133
-860.982513713014
-861.9932968681405
-863.034903942072
-864.3748225224359
-859.3604725838899
-860.4000605381086
-861.3979472807919
-862.3779512996658
-863.5943995708652
-864.8512152147189
-865.8704804309464
-866.912883900913
-868.2375342057259
-869.570021603804
-870.6031083228586
-871.613205332014
-872.6189399868789
-873.8764662330054
-875.141783021092
-876.1702867742498
-877.2303159446684
-878.3068314667099
-879.6235314897448
-880.9000766751992
-881.9301758593805
-882.9507854068358
-883.9666390500971
-885.2360707794547
-886.5682825400228
-887.6497151568354
-888.7221682875471
-889.7812214299119
-891.096781418861
-892.3750570538573
-893.3935306686226
-888.1433765907143
-889.2001733278105
-890.281273259867
-891.6235487605846
-892.9742918005747
-894.0463170219739
-895.0863523720446
-896.1128798601114
-897.4148623013277
-898.7323860280663
-899.797260476262
-900.8677437218957
-901.9628954583716
-903.0587804968848
-904.3959797004468
-905.7096300615497
-906.7668152610293
-907.8245306580501
-908.8898928185538
-909.9740365770471
-911.3397454850634
-912.7083622139157
-913.7931736649808
-914.8835411559453
-915.9506629798643
-917.0129484354236
-912.0754425463139
-913.4510921640709
-920.8223860661833
-915.6370278375676
-916.7348722038238
-917.849793103131
-919.1932521637804
-920.5228329086701
-921.6046926463051
-922.7013068548865
-923.8038637551194
-924.9099360128703
-926.0316998579955
-927.4236743148894
-928.7976950652636
-929.8908343603825
-930.9975930291964
-932.0902736864277
-933.1879952156866
-934.3026103463466
-935.7088065206623
-937.10817861329
-931.9426367313657
-933.0479770421761
-934.1569450186984
-935.2401708828149
-936.3370210019847
-937.4599178911977
-938.9022188810327
-940.3257585570826
-941.4558384549815
-942.5683461875527
-943.7131316909902
-944.8282984239727
-945.9343962609853
-947.0403416264006
-948.4781940331917
-949.915861144393
-951.0575461051017
-952.194671627331
-953.3191820575628
-954.4448912833327
-955.5710653394138
-956.6945675345302
-957.8272643286164
-959.2752670764818
-960.739860055044
-955.6217749134795
-956.7685832843517
-957.9055434768762
-959.0462800200013
-960.1755499828384
-961.3403701506121
-962.4830368617737
-963.658713993806
-965.113016579979
-966.5706194026816
-967.7253269421245
-968.8721191609088
-970.0057459442671
-971.1535437749358
-972.340947610683
-973.5354889576494
-974.7064223211087
-975.8742016503608
-977.0652431906854
-978.5279524093224
-979.933038932
-981.0747544328825
-982.2806571273708
-983.4845938216068
-984.6643886018956
-985.8410222727377
-980.7623686940751
-981.9705497210774
-983.1283665970948
-984.2635248405795
-985.4456087315008
-986.9590085878485
-988.467393629749
-989.6567275571051
-990.8844149525431
-992.0864186265125
-993.2492468834424
-994.396685521035
-995.5847400643327
-996.7831022950483
-997.989639899934
-999.1986518128714
-1000.4339086340674
-1001.6670465514986
-1002.8500352818802
-1004.0265571223409
-1005.5246968038713
-1007.0410834651125
-1001.9607188218081
-1003.1660089785545
-1004.4202436739666
-1005.6638312281004
-1006.8546408329078
-1008.0332827427799
-1009.2541671519482
-1010.4830922363573
-1011.7020974544876
-1012.9027197717572
-1014.1483106810103
-1015.4230788291297
-1016.6615603753165
-1017.8429399700592
-1019.0480167602241
-1020.2898338697651
-1021.5172554107593
-1022.7386869674755
-1023.9614590309201
-1019.2956199415397
-1027.1242746164874
-1028.3331225358957
-1023.2857274796428
-1024.5416368656147
-1025.7756593505017
-1026.9922598829028
-1028.2628927571038
-1029.5501060685656
-1030.7908046694
-1032.0009061615858
-1033.2617145299696
-1034.520858872132
-1035.7651750518817
-1036.972257554457
-1038.2667848534352
-1039.5699633180975
-1040.8435117132926
-1042.0509937418697
-1043.3070866902576
-1044.598973301616
-1045.8596069986281
-1047.066186323749
-1048.3306810868887
-1049.6618911788948
-1050.9619253891833
-1052.2018743019412
-1047.1759619953552
-1048.466342327908
-1049.7440449878802
-1050.9780509523973
-1052.2545031857105
-1053.5779138124367
-1054.8803845103491
-1056.1394244882329
-1057.4221555926472
-1058.7141135350269
-1059.980225511945
-1061.2279534704157
-1062.5363484068398
-1063.8738762180396
-1065.1756961515846
-1066.4497419287416
-1067.748096920194
-1069.0696309416483
-1070.3283272167928
-1071.5770212708169
-1072.8808296791562
-1067.9457990338344
-1069.269576569224
-1070.568644619826
-1071.8699677622042
-1073.1931226921515
-1074.4740429518563
-1075.7632508155255
-1077.0721676771075
-1078.3981311698103
-1079.727210751424
-1081.0625977632994
-1082.392190117546
-1083.6896951184435
-1084.977850666128
-1086.303333235553
-1087.646714726326
-1088.9581965375105
-1090.2768998418178
-1091.634262186455
-1092.9857072179007
-1094.2821466956793
-1095.5869953679485
-1096.9410582254789
-1092.0040340369922
-1093.3401854734593
-1094.6761909604543
-1096.0412864174173
-1097.3746950386733
-1098.676455731181
-1100.0001359033322
-1101.0165818575638
-1102.0379876531533
-1103.3786695644549
-1104.731253340313
-1106.1227004496295
-1107.4920695508195
-1108.808317815936
-1110.117606337277
-1111.491303844089
-1112.8653164480986
-1107.9235692620168
-1115.5632658432764
-1110.69975423664
-1112.0704882889463
-1113.3967677767532
-1114.7238036088963
-1116.1045316917596
-1117.4738831058082
-1118.834016940481
-1120.2259453486254
-1121.6194036638506
-1122.9956621322663
-1124.0121309602046
-1125.016991032653
-1126.4038203399564
-1127.7868249039577
-1129.161320090056
-1130.5564536342574
-1131.9726426677814
-1133.3525841543842
-1128.4030360790439
-1129.7792236069713
-1131.1906438279082
-1132.577002340328
-1133.9724491792326
-1135.3977943637
-1136.8248960230467
-1138.1861856376315
-1139.2186263143662
-1140.2362278440617
-1141.6498206439387
-1143.0594766777451
-1144.473039811564
-1145.8808419035217
-1147.3240219076592
-1148.713943906872
-1150.0836240803048
-1151.4783030269534
-1152.9140123219809
-1154.3473799945498
-1155.7737145065614
-1150.5439401707774
-1151.630013214058
-1153.0447590048254
-1154.4139318102557
-1155.8091147493217
-1157.2592264437874
-1158.7267886019908
-1160.1319380002972
-1161.5653595500758
-1163.0173274455665
-1164.4463315009523
-1165.5048955262735
-1166.5470533894488
-1168.0015221137471
-1169.4595357295705
-1170.924327255624
-1172.340188746586
-1173.7703232278777
-1175.2042854070623
-1176.6366958035321
-1171.7827751979376
-1172.8667313284361
-1173.9621229206282
-1175.4486487667748
-1176.9083200426464
-1178.353429527638
-1179.7913516100161
-1181.2440305776224
-1182.6761983421832
-1184.1879794404856
-1185.6295279504482
-1186.734717348439
-1187.8236987407329
-1189.2943559078967
-1190.7162768019675
-1192.1884591050089
-1193.6706143221065
-1188.8616435141405
-1190.3525617829105
-1191.839683852301
-1192.925056735924
-1194.0076738164214
-1195.4829438653358
-1196.9557920580535
-1198.4650940375618
-1199.9470841748623
-1201.4277636983109
-1202.9036849059883
-1204.0292846004165
-1205.1306738348883
-1206.6056304200279
-1208.0898643985256
-1209.6185867127967
-1211.125768951713
-1206.335968978629
-1207.8015866281496
-1208.915654284927
-1210.0371695129393
-1211.5288935948918
-1213.0425864239078
-1214.5489877719874
-1216.0621134973483
-1217.585448420432
-1218.703610311639
-1219.824765707071
-1221.306579018664
-1222.8211162922066
-1224.3665531366705
-1225.9053819113883
-1227.414160589366
-1228.915856446816
-1230.0521776255346
-1231.1909500431677
-1232.6924699232354
-1227.9422722673592
-1229.492428680795
-1231.0409489323788
-1232.1911071773354
-1233.3201920118274
-1234.8189199202438
-1236.3503700135407
-1237.880324507604
-1239.4377130645296
-1241.0097078453884
-1242.174541827362
-1243.313504625323
-1244.8199674064867
-1246.3614362300575
-1247.9174870792046
-1249.4824429759626
-1250.6478654551483
-1251.8049502725205
-1253.3768234958093
-1248.6397586137778
-1250.1606281949848
-1251.694974185806
-1253.2796802456912
-1254.4895959205091
-1255.6643621246888
-1257.2209466667448
-1258.75831073111
-1260.3121478115088
-1261.8723666903975
-1263.0541462723363
-1264.224125009099
-1265.8182499537836
-1267.4057055223268
-1262.701005743967
-1264.243104686386
-1271.6963185153372
-1266.5853680740065
-1268.1915444075685
-1269.8036195202965
-1271.3913140503435
-1272.5701698726007
-1273.7456111286579
-1275.3201586195157
-1276.9186646623475
-1278.5111942456176
-1280.1135238781228
-1281.3186020088854
-1282.5340479142908
-1284.1241544008262
-1285.6857005295096
-1287.268663818364
-1288.4835876255024
-1283.430753702169
-1285.0527328291648
-1286.6592596488774
-1288.2499309731897
-1289.454181465853
-1290.650120441066
-1292.2616752508204
-1293.8838899509158
-1295.5135361757282
-1297.1443499504746
-1298.35616946105
-1299.5533276732938
-1301.1572324329804
-1302.782139917251
-1304.424931339568
-1305.6658668890784
-1306.8997880059092
-1308.507051821599
-1310.116285405811
-1305.4701450578902
-1306.704061416813
-1307.9396453294487
-1309.5884557036065
-1311.2485938505342
-1312.8835788507783
-1314.107948860068
-1315.3198661651118
-1316.9531080123334
-1318.6061747225829
-1319.868714131925
-1321.1302517454687
-1322.7867552563512
-1324.3946388514928
-1326.03755118841
-1327.2930922363023
-1328.5397795716055
-1330.226962777383
-1325.6057970567213
-1333.5548660392528
-1328.5220706545776
-1336.058662024608
-1331.4332539560987
-1333.0888034327438
-1334.3339666323582
-1335.6283628454692
-1337.3287914387283
-1338.9884506559295
-1340.6241990614576
-1341.8847234955133
-1343.1671455693418
-1344.8910654128651
-1346.5536666442656
-1347.8119327815361
-1349.0779750626637
-1350.7811439143431
-1346.173181833428
-1347.8467839443513
-1349.121236089895
-1350.4350987556513
-1352.1498355383183
-1353.8190358022205
-1355.0606852236992
-1356.3392247941247
-1358.0718391082091
-1359.798459154065
-1361.0779329936738
-1362.3496928262487
-1364.0625472021782
-1365.7781347760374
-1367.062710972999
-1368.3453684874876
-1370.0606672526314
-1365.5040844334249
-1367.2425994220357
-1368.5253790654324
-1369.8191226418367
-1371.5174364919505
-1373.2481530227371
-1374.523061861564
-1375.8878151812305
-1377.6202167075762
-1379.3248736190026
-1380.6197414495762
-1381.9196777979323
-1383.6839437994074
-1385.4220011341372
-1386.728194094565
-1381.7603086233037
-1383.5319105883816
-1385.262948872998
-1386.5603038595332
-1387.8493672266623
-1389.6360650845845
-1391.4275319014755
-1392.7329143414154
-1394.0242641406833
-1395.7503865392594
-1397.0770530082498
-1398.4179534851248
-1400.20780300531
-1401.951031842988
-1403.2957549685023
-1404.6034006398013
-1406.3769099144477
-1401.8441564286786
-1403.1799413387075
-1404.5194482882655
-1406.3389636208858
-1408.1156099784027
-1409.4357434268156
-1410.7332795938116
-1412.5240812599166
-1413.9049431277895
-1415.269924163145
-1417.0589462418131
-1418.7898424552013
-1420.1481376261897
-1421.488508276891
-1417.0150185659909
-1418.8421664994978
-1420.164294676745
-1421.530047620578
-1423.326506442445
-1424.674438717488
-1425.999832548668
-1427.7910048574406
-1429.6315988853853
-1431.004343342309
-1432.3689527698873
-1434.1544868198205
-1435.4968497388832
-1430.606541888924
-1432.4445758328998
-1434.2529715986457
-1435.615244364418
-1436.9860935674355
-1438.8325233339401
-1440.1651161086015
-1441.5647456962283
-1443.3640403693562
-1445.2090612366605
-1446.6237525918837
-1447.9551176214673
-1443.4928243281718
-1444.8593968527393
-1446.2429647594022
-1448.098267621876
-1449.9643245051604
-1451.336211697444
-1452.7062818353158
-1454.5425188431032
-1455.9270558782341
-1457.3164201584905
-1459.1676441195445
-1460.5672053408107
-1461.9537596434197
-1463.8175603373525
-1465.6679664165467
-1467.0805555081815
-1462.155748650339
-1464.0372033485621
-1465.4612021471069
-1466.8544665636632
-1468.695760779022
-1470.0643016029524
-1471.4906735580287
-1473.389065480271
-1474.8875903915346
-1476.2024995458453
-1478.0774258622887
-1479.952528622738
-1481.353379962321
-1482.756416638951
-1484.6426205526539
-1479.7887202100694
-1481.208617794337
-1483.0945434068763
-1484.4765815749938
-1485.8876829447338
-1487.8283801469222
-1489.2578503045854
-1490.6777759242855
-1492.548161017561
-1493.9825567087735
-1495.4199361582107
-1497.3336445620102
-1498.7287106069186
-1500.1624339860882
-1495.8030637400198
-1497.728130416145
-1499.136867923636
-1500.5660712303784
-1502.4794235577806
-1503.9628973579138
-1505.4204036893532
-1507.3118000242341
-1508.7147128482493
-1510.160706415855
-1512.1169172017617
-1513.5722246444634
-1515.008354661593
-1516.9314606784133
-1518.4108174361388
-1513.564699276464
-1515.4663457723545
-1516.9084068364918
-1518.3736985093935
-1520.3558774701248
-1521.8449449527611
-1523.2329635297044
-1525.1327080485069
-1526.6081614859036
-1528.1084748805788
-1530.0803186449346
-1531.514673270244
-1532.950606460799
-1528.130558009596
-1529.6231500477575
-1531.5996656639502
-1533.0837289461401
-1534.5016732562863
-1536.4579784676007
-1537.9462601076207
-1539.4277310551065
-1541.3855351349755
-1542.8543646902835
-1544.3433445451312
-1546.332592401973
-1547.8035205504798
-1549.292989615098
-1551.2522138199772
-1552.7403713696128
-1554.2176046784402
-1556.2438035337993
-1557.7605468226159
-1559.2205347751799
-1554.8800270203262
-1556.374414196211
-1557.8735889237578
-1559.403584491729
-1560.9344345810598
-1562.8922148423628
-1564.3482213356046
-1565.8229824343434
-1567.896193976993
-1569.4037991434313
-1570.9036681424054
-1572.860312467236
-1574.3579590145525
-1575.8920897573032
-1577.4221152451323
-1578.9575790010965
-1574.6390879174044
-1576.1451224382001
-1577.65090198592
-1579.7187498188728
-1581.243840368289
-1582.7378482073177
-1584.7327271353636
-1586.268477538758
-1587.8110699418514
-1589.3375751499111
-1590.8329701011141
-1586.5953260362735
-1588.1013733108796
-1589.6705175904626
-1591.725415974324
-1593.2466515549997
-1594.7329848615814
-1596.2727643160697
-1597.8059688349147
-1599.8664696042492
-1601.4047756530695
-1602.9454726666247
-1604.9756323827298
-1606.5200948425806
-1608.0646970828682
-1603.338191770159
-1604.906136742395
-1606.949008034412
-1608.4902465765495
-1610.0289827320616
-1611.586423377294
-1613.1417924592536
-1615.2229490103591
-1616.7612587248504
-1618.304048001205
-1620.358574730307
-1621.923697389969
-1623.5001169636128
-1618.7861608770604
-1620.3490155159711
-1622.3968643044377
-1623.9544792870424
-1625.520548098955
-1627.1032991023726
-1628.674641659939
-1630.760509798866
-1632.3271382376001
-1633.886349383091
-1635.4698143383746
-1637.0328483813548
-1639.1435339779425
-1640.7195024490293
-1642.2994955158902
-1637.5974134682428
-1639.1653445225
-1641.2761502367678
-1642.8753551472994
-1644.4976863285028
-1646.0562039989243
-1647.6439400094794
-1649.728388961082
-1651.3368946581552
-1652.9427902516666
-1654.5600958466957
-1656.1536643915128
-1651.9504162253172
-1653.5590614350936
-1655.1603822363772
-1656.7945372536133
-1658.4068567629613
-1660.5166886131328
-1662.1055386051182
-1663.6778542599177
-1665.334004148655
-1666.9690466897125
-1669.103896201446
-1670.6916245085372
-1672.304938141684
-1673.9066318149435
-1669.2682049115458
-1670.8613087498309
-1672.5068182348439
-1674.661365246092
-1676.256445799141
-1677.925927069485
-1679.510532642033
-1681.1651996175951
-1683.3316281165746
-1684.9578284538622
-1686.5913208381376
-1688.195012878813
-1689.8620143129676
-1691.483700794879
-1686.8426860092027
-1689.025466770581
-1690.6527280670355
-1692.3266981971851
-1693.9539186030718
-1695.5852137153047
-1697.2165934291404
-1698.8831383899965
-1701.1096817205184
-1702.7370917189962
-1704.3591788379495
-1705.9784945692115
-1707.6722230333555
-1709.3596501301715
-1704.746902697956
-1706.942789962706
-1708.5733334871193
-1710.219611656285
-1711.9100331372047
-1713.600212862389
-1715.256423955473
-1716.9007359514494
-1719.1054279536718
-1720.792256731939
-1722.4850584807075
-1724.1616262213988
-1719.5441446521752
-1721.252464129373
-1722.9073523838028
-1725.1392297578086
-1726.8151361347745
-1728.501388588235
-1730.1528788902451
-1731.8960317527578
-1733.5554705920579
-1735.243694195812
-1736.9562134644814
-1738.6130914188218
-1734.6379509266635
-1736.3137170497696
-1737.9794599948032
-1739.6281673556814
-1741.3670219958062
-1743.1017138240275
-1744.8270359280427
-1746.4476188948165
-1748.1870642211923
-1749.9247664362513
-1751.6049569909173
-1753.879523285973
-1749.3677464983455
-1751.0381040648028
-1752.7865644404906
-1754.4980910992492
-1756.2104530122726
-1757.9277243015363
-1759.579828820253
-1761.3555006828599
-1763.0853124473617
-1764.7635030440472
-1767.117037353904
-1762.5445366936679
-1764.3004564778305
-1766.0351178075575
-1767.774658210076
-1769.4709586199056
-1771.229042938346
-1772.853442637362
-1774.7332359496604
-1776.470601170738
-1778.1633581897256
-1780.5225649271554
-1782.3175417905256
-1784.0684330034214
-1779.5251970386946
-1781.2333755903796
-1782.9924791997203
-1784.8017599852267
-1786.5603665756985
-1788.2856989937266
-1789.9680473991978
-1791.7811538814212
-1793.5766896345958
-1795.335218273005
-1797.139631304441
-1798.877764796301
-1800.6181944966822
-1802.4220841153538
-1798.514113445836
-1800.3014077997284
-1802.0435007696
-1803.6497147099192
-1805.6244689386378
-1807.4003990629358
-1809.1604293344524
-1811.0034804542686
-1812.7755633110069
-1814.546848852386
-1816.3513507320656
-1811.8749006721112
-1813.647729789886
-1815.442889162618
-1817.2493100217378
-1819.0307419872406
-1820.8170727392337
-1822.6248513276848
-1824.4626429803404
-1826.2520279164692
-1828.0298927067747
-1829.824579913307
-1831.6469889787386
-1833.4878278411788
-1835.2904968985688
-1831.4295756726667
-1833.2369426891512
-1835.0541856440407
-1836.8821012874191
-1838.709312469134
-1840.5300265024673
-1842.359498257638
-1839.1415136868734
-1839.7460532656798
-1841.5877291497063
-1843.4186547634201
-1845.2284544055578
-1847.0459983221283
-1848.8848004153524
-1850.734609165064
-1852.6003344145638
-1854.4398826949237
-1856.2443043558735
-1858.067230958446
-1853.6118171672524
-1855.5082567757604
-1857.3954476152558
-1859.242503113778
-1861.0874061056695
-1862.9120164243427
-1864.7464626509577
-1866.5984726950542
-1868.4977822796334
-1864.0832424154446
-1865.9058152660566
-1867.704677508596
-1869.613861566745
-1871.465672253906
-1873.3791316242257
-1875.2538987022601
-1877.1081681393207
-1878.9335704864127
-1880.7934981857875
-1882.6521824706078
-1878.2704678422958
-1880.1889048510623
-1882.0695459966803
-1883.893745775802
-1885.7567323586009
-1887.6191247275576
-1889.534453117935
-1891.448782319561
-1893.27215190702
-1895.1802465041646
-1897.0556560002901
-1898.2979818282051
-1893.8901213468462
-1895.783554240476
-1897.7178413341662
-1899.5918735327302
-1901.4943833687164
-1903.3008142742106
-1905.2229798483154
-1907.1877101745335
-1909.0772728670095
-1910.9646088110621
-1912.8623408625308
-1908.4012495546026
-1910.349265504558
-1912.239459283242
-1914.188989518174
-1916.0931610369544
-1917.9922881272378
-1919.8573592017049
-1921.7249248076455
-1923.6388055462899
-1919.299129733142
-1921.2659058423453
-1923.1483552540956
-1925.0411515455453
-1926.278666146902
-1928.2210916046383
-1930.179942959139
-1932.1182011961591
-1933.9948035087975
-1935.9056549259492
-1937.7979728662403
-1939.693266284286
-1941.676481193024
-1937.3495586985057
-1939.2319592992476
-1941.1569030161022
-1943.064660435579
-1945.0372862401266
-1946.9644219332524
-1948.347504159083
-1950.201854789715
-1952.1440605321059
-1954.0514140213165
-1955.9905311374812
-1957.9808376278138
-1953.655947384253
-1955.5751302430665
-1957.5531984416002
-1959.4478145606365
-1961.4089797632475
-1963.3484878750712
-1965.282046765365
-1966.582366222093
-1968.564294321262
-1970.509762170764
-1972.416439173079
-1968.1347456348226
-1970.0560202652573
-1972.0536006442542
-1974.0147634609314
-1975.9586505045168
-1977.9045444335152
-1979.8880769368084
-1981.2165544539869
-1983.134643625717
-1985.1309618654643
-1987.1221861051179
-1989.096628487914
-1984.7546129925881
-1986.7093651986086
-1988.6880601023663
-1990.6940402084913
-1992.6677178142356
-1994.624586658036
-1995.9442253817137
-1997.9420896238667
-1999.9326156184536
-2001.895717365168
-1997.595671875243
-1999.656550552068
-2001.5969893142587
-2003.6032342629405
-2005.5850590796058
-2006.9034869898385
-2008.8849039513439
-2010.8865818455497
-2012.8569222499057
-2014.8750412296988
-2016.8917660524855
-2018.9131619331604
-2014.6082504962933
-2016.588299717269
-2017.9232486671883
-2019.932769678878
-2021.9519974015484
-2023.9380187060026
-2025.9641037118874
-2028.0103514516404
-2030.0394021198158
-2031.3599584523033
-2033.3252093887402
-2029.0502922060834
-2031.069738152704
-2033.123409516784
-2035.1922732865805
-2037.2312604262513
-2039.2719720669966
-2041.250955428546
-2042.6027977155704
-2044.6052380766678
-2046.6137939878954
-2048.6159113772737
-2044.3865389418008
-2046.4612528193707
-2048.5272065829495
-2049.868291836824
-2051.8924324818927
-2053.8964208725265
-2055.8968992869127
-2057.947546616109
-2059.3020768006236
-2061.3895324477166
-2057.1598048809956
-2059.2398601123587
-2061.298245295227
-2063.3277224922545
-2065.367158994715
-2066.7000010986253
-2068.7391746619583
-2070.8105643782656
-2072.900017359599
-2074.9884722806273
-2070.779437905852
-2072.8245653170798
-2074.178732902776
-2076.244415126967
-2078.316263777421
-2080.3786321100038
-2082.457772617339
-2083.838977974389
-2085.9375049270307
-2088.0273045752992
-2090.1004694550343
-2092.155712899307
-2087.92679322671
-2090.015686882206
-2091.4247147825813
-2093.526219366976
-2095.617002218417
-2097.692207732664
-2099.7517833466104
-2101.135951992699
-2103.228129997164
-2105.3438890539037
-2107.4619328952663
-2109.578331656094
-2104.7037149830417
-2106.7953513432512
-2108.8694116013703
-2110.926293311427
-2112.9985590680767
-2114.427683497157
-2116.572047965849
-2118.750634891131
-2120.895696103143
-2116.6908301741537
-2118.7918290765297
-2120.8873807798404
-2122.2848728627237
-2124.3672465676736
-2126.486948469601
-2128.617992336668
-2130.778299553454
-2132.2215179931954
-2128.1076728009666
-2130.2193827568067
-2138.6078382212404
-2134.432460462175
-2135.86517839562
-2138.0050260354756
-2140.1289390360125
-2141.5056133878074
-2143.6576954569878
-2145.8500033292994
-2148.0247425079697
-2150.1475752059287
-2145.320382807096
-2147.470992374056
-2149.6144779223964
-2151.74354095215
-2153.886261526454
-2155.307532662074
-2157.454694976898
-2159.647039196588
-2155.5571809420376
-2157.7342526956218
-2159.199726269493
-2161.326752633741
-2163.4600324454686
-2165.618943152034
-2167.7909003566056
-2169.2407302273405
-2171.412268234099
-2173.5883483231473
-2175.0496253128404
-2177.2852399344774
-2173.182230298206
-2175.342874443154
-2177.494190874931
-2178.940177512776
-2181.1221453766957
-2183.2791501648326
-2185.462062778281
-2187.7042360367045
-2189.181973625191
-2191.4273628158326
-2187.3411118391145
-2188.821379253199
-2197.2692301534335
-2193.1447494250633
-2195.325888436404
-2197.524132956958
-2199.0015297755003
-2201.2242292198657
-2203.449734888137
-2204.9501796272925
-2207.2516627433224
-2203.15506860389
-2205.3278155082044
-2207.4961415531707
-2208.963436795051
-2211.158890529382
-2213.3626818866937
-2214.8750212575314
-2217.1558028142676
-2219.4360234895225
-2215.424248507133
-2217.624331130695
-2219.0975375830308
-2221.2636672381955
-2223.4643003083193
-2224.955580981734
-2227.183617418893
-2229.4707303772593
-2225.480577217869
-2227.763228892573
-2229.2949797231436
-2231.5426314973256
-2233.723989391129
-2235.1898779396593
-2237.3989699011227
-2239.655646177755
-2241.134046037456
-2237.1462352214717
-2245.759300155506
-2241.789350431623
-2244.0503286733738
-2245.5348531983336
-2247.742684673482
-2249.960318429628
-2251.4466283947763
-2253.708453432372
-2256.0453129386783
-2257.5734412320594
-2253.663135626822
-2255.9594783475586
-2257.461207545506
-2259.705894930169
-2261.9009734787373
-2264.1000872841187
-2266.419938760177
-2267.9791985819734
-2270.3172338177064
-2266.39590307092
-2267.9609912900237
-2270.2978337449017
-2272.5737821587127
-2274.0178539073177
-2276.2726800167557
-2278.523754575271
-2280.062138053248
-2282.38293045845
-2278.4847158548923
-2286.3499912056172
-2282.4041908156837
-2284.702235333273
-2286.967329376374
-2289.231622846405
-2290.746602661733
-2293.0251087044016
-2295.384245952041
-2296.9536103973755
-2299.3483989861857
-2295.4082762261264
-2296.982788650355
-2299.311133665358
-2301.613699165837
-2303.125192635126
-2305.4257648286857
-2307.7447679947786
-2309.2974200612566
-2305.339418903771
-2307.7039269716174
-2309.297480840779
-2311.6330827521056
-2313.984470182053
-2315.536592302544
-2317.8808288183877
-2320.252616365824
-2321.8342073743715
-2317.8929578500006
-2320.2701013703127
-2321.826944898797
-2324.210589437836
-2326.5391896706424
-2328.0701768384606
-2330.42349400685
-2332.790245304213
-2334.378309254628
-2336.742504533503
-2339.1196139773338
-2334.46099458222
-2336.8635381026966
-2339.2321569902215
-2340.79243864322
-2343.1445691012423
-2345.515057068401
-2347.129915970394
-2349.4871240119815
-2345.581666586201
-2347.181853426049
-2355.863260529603
-2352.0056703100836
-2353.552029877831
-2355.929455666838
-2358.3428136455364
-2359.9402729082344
-2362.355630295673
-2358.4828553039165
-2366.3700241516785
-2362.5076855458906
-2364.925112008958
-2366.5093133123414
-2368.902078362317
-2371.2655248341784
-2372.883910654633
-2375.258832225645
-2377.6755292117205
-2379.28068941178
-2375.4266919203296
-2377.8901006671863
-2379.524517946719
-2381.9815815450966
-2384.390912765984
-2386.0022936748846
-2388.453536055311
-2390.8729032175065
-2386.1852307843615
-2394.1067983305666
-2396.5110050980043
-2392.6515255061518
-2394.255766351251
-2396.712601969787
-2399.1558872054534
-2400.775940926523
-2396.921332184875
-2405.686710782054
-2407.332475783201
-2403.5181922279307
-2406.0015938463553
-2407.6319035976003
-2410.128449140399
-2412.5813910980924
-2414.221823350503
-2416.6554347876536
-2419.081853237527
-2414.436718370556
-2416.0753393945765
-2424.770311352307
-2420.942998765024
-2422.6021687386738
-2425.088993689498
-2427.5848738225527
-2429.209947355998
-2425.420802845199
-2427.9292312089965
-2435.8882514800484
-2432.0686022066025
-2434.5348713208477
-2436.180905496059
-2437.8669719375957
-2440.374223463181
-2442.858346829045
-2444.538933052779
-2447.02630999116
-2443.222157549204
-2444.867269078557
-2447.348808475921
-2449.8419903897425
-2451.4822643058924
-2453.1635992970296
-2455.692881755808
-2458.2123207012587
-2459.8632097820523
-2456.11335153554
-2458.650069052525
-2460.33969569621
-2462.860792849934
-2465.362087677781
-2467.042808421769
-2468.741473200826
-2464.9822350741665
-2467.5036534074834
-2475.4801769085234
-2471.7590109536272
-2474.31575998438
-2475.9817352272576
-2478.481380707939
-2481.001972458762
-2476.4022195021244
-2484.349179626794
-2486.8561433565287
-2483.0900780455677
-2484.790717893446
-2493.565508935837
-2489.8517684147682
-2491.57569182947
-2493.3051224474416
-2495.920739702047
-2492.2625779899045
-2494.0029845267322
-2496.6151606996004
-2499.159536542155
-2500.8402212979063
-2502.5524972975195
-2505.058069041938
-2507.5670491527926
-2502.9839961141834
-2505.5070038145045
-2508.0659379721606
-2509.7665106453956
-2511.4783055414287
-2514.0516111559455
-2516.662915544429
-2518.390752367504
-2514.699011872309
-2517.287803653294
-2525.325744335713
-2520.755177789618
-2523.359946467021
-2525.944123623257
-2527.678926150686
-2530.2824059524783
-2526.5724649797303
-2528.273681439923
-2536.2664191131335
-2532.556321912786
-2535.1625588283764
-2536.8920221683325
-2539.495794444099
-2542.0913267419337
-2537.53757106309
-2545.5376703169445
-2541.8751525151206
-2544.481054161185
-2546.246809755045
-2548.0229473029176
-2550.6934148391338
-2553.328775695904
-2555.0867257147115
-2557.720541715965
-2554.0521965656094
-2555.804992282507
-2563.8116727056604
-2560.1332760932287
-2562.7335940760795
-2564.4397195258
-2566.21341085574
-2568.81154261123
-2565.094390729255
-2566.853704255892
-2575.819017622602
-2572.192435177817
-2573.981285736783
-2575.7427339879023
-2578.416784157615
-2581.11301986273
-2576.569207412714
-2584.6120931164774
-2587.247233523764
-2583.566549612661
-2585.333385969424
-2587.078713073417
-2589.6859268239555
-2592.3372793176795
-2594.076484832234
-2596.730679333792
-2593.0516997328245
-2594.8104702980368
-2602.8865800856024
-2599.2789289279863
-2601.921624539267
-2603.685598000009
-2605.471127711427
-2608.1221522642054
-2604.4604490471934
-2606.1966232899545
-2614.2248250023713
-2610.519642655324
-2613.134184015026
-2614.8686665368614
-2616.614613621357
-2619.1714291699923
-2615.5312358119695
-2623.5424723822034
