1.0101616093480248
-1.25382270198189
-2.5415275344146737
-0.32847449137972934
-0.4947064664150483
-1.3192447540596086
-1.4435324198324215
-1.5631572936482505
-1.6553728386864517
-1.708446184119128
-1.7199337884234427
-1.0850751363283693
-1.1956768908835194
-1.2298906258676294
-1.2787725748048984
-1.3701120582609012
-1.456218460426728
-1.4702969358092066
-1.8633618090614454
-1.901291391859228
-1.9212409077581794
-1.9105805132481262
-1.900590231004437
-1.9135736800606507
-1.7266399765059297
-1.7617208627604324
-1.796367973342921
-1.8254481467534234
-1.8465053968974856
-1.8787297151016011
-2.0233981680921143
-2.045104205759066
-2.0643069657453013
-2.067929349179822
-2.0681552631096163
-2.0755777038582743
-2.0973063788090394
-2.057613944403428
-2.0863545441271887
-2.096181711250226
-2.1029933737455697
-2.1234392556502097
-2.154851876650009
-2.2288680431379335
-2.2439621648163532
-2.2683383398988286
-2.298943305897979
-2.3219460447798737
-2.3391760571112914
-2.356462029442606
-2.3552995360252
-2.385607490833464
-2.397764224788712
-2.3969000020183446
-2.4174609449177558
-2.4613427228799227
-2.5178355469669516
-2.52496308228323
-2.5473059335040578
-2.577716026601136
-2.6051137386617116
-2.613688870797256
-2.634797679840166
-2.655399991370783
-2.697884177953239
-2.72582996792551
-2.745977580290745
-2.7795654340549336
-2.824107102212941
-2.8679464897269575
-2.8779571220058853
-2.8963242063642802
-2.9305047043879653
-2.973400848114297
-3.010764910292184
-3.0269939212925743
-3.0606008120313493
-3.09556453924894
-3.1315400029629843
-3.161113236393598
-3.186372673381875
-3.212268506228175
-3.2541011615436632
-3.303202084645417
-3.344128419402656
-3.373897986038972
-3.4134711504298743
-3.457095971555389
-3.4803932065714624
-3.5115858605966874
-3.5425669874856047
-3.581033949485028
-3.6283104393325845
-3.679774387591264
-3.7162866181058174
-3.743869558242328
-3.786905861977229
-3.832097738759262
-3.8736689331178824
-3.9148138505926764
-3.955659531727208
-4.005960149373562
-4.05611707321536
-4.091363915043506
-4.123987649831257
-4.16852521185161
-4.221154915162461
-4.264708512513228
-4.305095534249346
-4.350008974015975
-4.403268222549041
-4.454557842002824
-4.501399937206078
-4.5431745040247975
-4.579909701555606
-4.632099221827375
-4.69115007036896
-4.737536299993479
-4.784421205890693
-4.839082759241874
-4.900672240719487
-4.944395653080096
-4.98572748036051
-5.036222647992327
-5.095187377678746
-5.1548718506631195
-5.222970898806963
-5.261628469176704
-5.305825318261543
-5.358082895057482
-5.41467267343559
-5.441662239240866
-5.493093374719606
-5.581630656091868
-5.646540471956279
-5.712947690909693
-5.764884036577116
-5.815543974686591
-5.878312482730086
-5.940519843323059
-5.974245125774795
-6.0091806461772395
-6.097009006888067
-6.1361106416542635
-6.200962452129409
-6.266717915786453
-6.3574190168790325
-6.416902056228633
-6.474514839203959
-6.530528726947523
-6.575905038948724
-6.637008650978066
-6.732268329919909
-6.801949772592154
-6.862390656389411
-6.926849757910612
-6.997767985129758
-7.065481033291219
-7.132397657977932
-7.173296783610537
-7.242448055505531
-7.312937502603006
-7.376337016154721
-7.440912134763311
-7.505973487012733
-7.603166829707287
-7.677928400950337
-7.751092025101112
-7.826456291600253
-7.897891662786777
-7.959135884695899
-8.021808465235956
-8.073793539814176
-8.146277295543124
-8.217509250614016
-8.294906887201762
-8.372631770677534
-8.455501864068804
-8.453755764365717
-8.521310372425589
-8.592815680027323
-8.691967628974483
-8.867187430351747
-8.843596539326043
-8.906803009686731
-8.990102210157692
-9.072403225863145
-9.155202288950722
-9.228484190157875
-9.310999914795678
-9.399518108639004
-9.549394094807592
-9.625705815009107
-9.700025037414749
-9.78733656470248
-9.875960176903973
-9.959692307773404
-9.970939130979566
-10.056862436220062
-10.146958523848717
-10.230636088913025
-10.308771720917035
-10.399118352870534
-10.493429413709627
-10.636419393728874
-10.721078116851945
-10.809305414439802
-10.897030171964385
-10.983457204073607
-11.071223577269155
-11.045706156111127
-11.197206565818632
-11.284958772371368
-11.376129746911099
-11.467355532925039
-11.554620642916774
-11.644545457930867
-11.74054138821093
-11.826951392218099
-11.917807331911016
-12.012327616023217
-12.104897641539718
-12.201506919814635
-12.353543981475147
-12.449840663499133
-12.541353821834637
-12.638274008301332
-12.734584101576786
-12.833349038886496
-12.928541276070943
-13.040289714761151
-13.138182789008859
-13.236666031832298
-13.337259667000291
-13.439677498157234
-13.546156922370264
-13.57670393633168
-13.724066341466267
-13.821480909860474
-13.926528164789865
-14.034626476148954
-14.133832834430741
-14.234602329150999
-14.334851665179285
-14.43305187022107
-14.54059181444768
-14.640282378890157
-14.744079691483067
-14.8575144904018
-14.97821212517391
-15.07516025116214
-15.176226171437204
-15.2885202221934
-15.404865786688982
-15.514846263073094
-15.619578787297964
-15.713286615581804
-15.822636803573063
-15.939833573541735
-16.048359921381227
-16.15072431382969
-16.261789592788265
-16.39200133225952
-16.503306744530676
-16.605232625564582
-16.717678417922425
-16.823634906857976
-16.938906754294468
-17.06401694894547
-17.1720655349452
-17.282054318419714
-17.408966584224522
-17.531000970617047
-17.641614990477926
-17.747927260506952
-17.85529084360705
-17.973520605368254
-18.0916702358133
-18.212008846964153
-18.33303463189315
-18.44854841568447
-18.56760669593556
-18.689643245203833
-18.810770592412606
-18.938609675671238
-19.065566478921316
-19.18517449182771
-19.302513344753084
-19.415351497423487
-19.53694421807151
-19.664224172463243
-19.797199969365433
-19.926054586998983
-20.0510250764488
-20.164781612925704
-20.291556525611664
-20.41421861934664
-20.536156988192044
-20.663104699113596
-20.796040628055888
-20.92146913424057
-21.03810112442719
-21.162495547197846
-21.30026523579029
-21.440149340701485
-21.569543703165326
-21.693396866851987
-21.82416853094707
-21.961047629421202
-22.092077171068127
-22.22021559135638
-22.34739144187236
-22.484158262806943
-22.61087448141012
-22.740597689290507
-22.877693818845774
-23.01089077501217
-23.148724526799516
-23.28997870691352
-23.4328715661832
-23.565871909723928
-23.698149816485685
-23.83767495625257
-23.9801866283056
-24.1174859784978
-24.24557208250355
-24.381334017860166
-24.521824521858747
-24.663759737060175
-24.799327074628206
-24.938941159972625
-25.08962739911373
-25.230250311308833
-25.36951849208472
-25.508242567591182
-25.65065857227573
-25.79848101671781
-25.94730245547084
-26.084229584329854
-26.215308008129284
-26.364996085102952
-26.5192668241835
-26.632988381514032
-26.794766865371788
-26.942713053251495
-27.07518832209711
-27.2563885522127
-27.400738481786146
-27.546177533420664
-27.696937335957152
-27.848603167606804
-27.996918001263175
-28.10474487321599
-28.28727679062072
-28.439174192964057
-28.594294210144234
-28.75243449843781
-28.902603480991086
-29.05324752331695
-29.21098372197736
-29.771491192010558
-29.515468855727725
-35.794084230604255
-36.107298237998755
-36.26990082787119
-36.422937400526116
-36.542674343040666
-36.702018405288875
-36.85584551686706
-37.00612047411072
-37.17159002278389
-37.333903232816496
-37.49093454231565
-37.68205622561454
-37.845849273734686
-38.002908889039944
-38.15931721686269
-38.32394569486363
-38.48901815976686
-38.64751709085247
-38.80380548215954
-38.96566505159382
-39.13449902200249
-39.30121264439173
-39.46445697481188
-39.630246352531785
-39.756699435204624
-39.943803799778166
-40.1129124668453
-40.28320180723036
-40.4567869505108
-40.621661284229596
-40.775297187687265
-40.94759742455656
-41.11874054717952
-41.28528063745991
-41.45972427353552
-41.62363347433712
-41.79619619275541
-41.9647073619775
-41.82144691751433
-42.31344497411889
-42.487117323926306
-42.65738139259736
-42.84043364247634
-43.01980502357643
-43.17299550899555
-43.34355585177079
-43.535520822028644
-43.725929394290155
-43.90142101351453
-44.068246861820604
-44.24491980329747
-44.420396742239625
-44.60472902881004
-44.78784945646851
-44.964599106371594
-45.13673286584197
-45.32462482088038
-45.50680292605822
-45.68990371307095
-45.87351867639968
-46.05915238971662
-46.239527945869966
-46.423568235453935
-46.599411007796064
-46.77695139560454
-46.968918574379586
-47.162648160827736
-47.353271248040464
-47.53506126052265
-47.70598774538753
-47.890019062108934
-48.08004097487798
-48.26858927056249
-48.46895371299456
-48.66628159780248
-48.8584794454092
-49.053512938585584
-49.23826389025794
-49.429429234143115
-49.617758447204785
-49.814342449584245
-50.00634914120866
-50.20952012305931
-50.41579146297351
-50.60716914654705
-50.79577054510813
-51.05175568798404
-51.201556494923544
-51.39259847381387
-51.57632413705812
-51.77728532450697
-51.99078436209154
-52.188028942246625
-52.37765886603187
-52.58703493282169
-52.79951981195803
-52.98424538465327
-53.18459565375536
-53.39122246284922
-53.593176217410004
-53.80453001792773
-54.022777743050256
-54.2299810467232
-54.429124475853506
-54.634978284929815
-54.84759475895689
-55.06299577859865
-55.28219309938922
-55.48915610275715
-55.699356657717885
-55.923958515361676
-56.13788429435243
-56.346377955796584
-56.56478660380508
-56.78633886524261
-57.00862808662596
-57.224534765287785
-57.44815625847067
-57.68484951753572
-57.92015711388135
-58.12609004701459
-58.33470805349941
-58.557268752794506
-58.78899963915959
-59.021725126472894
-59.24360100099863
-59.48111838167784
-59.7284563974152
-59.97156792990697
-60.19943169940095
-60.42563876575485
-60.671381102181456
-60.918732421822114
-61.1498842792667
-61.38175223053087
-61.498794283489865
-61.88266016294926
-62.13328614893894
-62.36981241834245
-62.60463286569521
-62.84271747307918
-63.08578358793255
-63.35433614339086
-63.616830029844834
-63.858667296894346
-64.10065223631928
-64.3797001752201
-64.65436312235657
-64.89336302102497
-65.1384834209645
-65.39919808094479
-65.67742765594714
-65.94934963430812
-66.184191337773
-66.43447863605613
-66.70186406382327
-66.96404969721691
-67.2191916857628
-67.47285728521655
-67.72278041278545
-67.9668656702229
-68.21235335221358
-68.48373254468447
-68.75074324739697
-69.00330336662913
-69.26195580605496
-69.50310303501637
-69.75976873065471
-70.01508785169254
-70.2712134256259
-70.53830598461263
-70.7778515469496
-71.02307615664871
-71.27116745245435
-71.5213917602572
-71.77940498359435
-72.02498438030311
-72.26978123389452
-72.52402711387225
-72.7709217834017
-73.00158099663784
-73.21630227037437
-73.52023498564542
-73.77185712314449
-74.0176512721318
-74.27310686447694
-74.51714454243407
-74.76217256195449
-75.02871871148183
-75.28697381132312
-75.53721674491774
-75.77878743491162
-76.02476020002841
-76.27868499479388
-76.5391504305458
-76.7908999250063
-77.03807299269
-77.29147056498061
-77.55068056605431
-77.8064966075125
-78.05505636685773
-78.31253495608205
-78.57477496618998
-78.84363054111432
-79.08298114418801
-79.33388824744608
-79.5962336351067
-79.86210015351095
-80.1257008603114
-80.36750642216218
-80.62797964072256
-80.89868308706349
-81.15119575284683
-81.39945289337598
-81.65915406291207
-81.92415570718643
-82.1833523122372
-82.43739190916463
-82.70941089417933
-82.97696725881947
-83.22456967768629
-83.48201034581032
-83.72070401910477
-83.90541421467219
-84.25743455859447
-84.49248631417126
-84.6876882990291
-84.94366437190803
-85.31046948994022
-85.57609694287474
-85.85276192621023
-86.04160909614619
-86.33347982923097
-86.5568256003675
-86.84847515875803
-87.18815981840932
-87.44287031883661
-87.72021916840117
-87.93677461637175
-88.25484750603007
-88.5770556301201
-88.75877938041401
-89.17338057973818
-89.39167983144718
-89.67092377702697
-89.96199301831953
-90.25044137509468
-90.53367441314342
-90.80632823013056
-91.07372321833115
-91.37232726109634
-91.67559604490215
-91.97446591219021
-92.27147275937294
-92.55574895944041
-92.83541879179539
-93.13852100499352
-93.45067976689273
-93.74609831200071
-94.0383345517789
-94.36892252211453
-94.69516028223013
-94.9434936242885
-95.28834957948153
-95.55782559663659
-95.90785828241856
-96.20580928670056
-96.52105672984897
-96.94986034864726
-97.25919163274958
-97.51139009542447
-97.7851465918558
-98.13850761016191
-98.52992829462941
-98.87208874127471
-99.15151574116595
-99.52743544205707
-99.73380208740626
-100.21267179313061
-100.52239103673718
-100.84044252126569
-101.15361678496421
-101.50377381859448
-101.78609702582106
-102.09334824944443
-102.39582914334378
-102.73280745692438
-103.08540010760622
-103.38972734983466
-103.65803807039288
-103.96677846297311
-104.2943821774051
-104.60719516279298
-104.92082530616577
-105.20269193996815
-105.50733477026691
-105.83170770883102
-106.12146092593007
-106.4262299580024
-106.74013349608629
-107.02864267565947
-107.33591385630439
-107.65703338419658
-107.94480570855208
-108.25535485824561
-108.58920533088151
-108.8893175375808
-109.18112832880075
-109.49098474602387
-109.81833653794757
-109.98209489171124
-110.31737845490032
-110.54617764352504
-110.97749341098785
-111.37624240885769
-111.67836978198893
-112.00195968854644
-112.12583416006856
-112.43220499412492
-113.23590472894561
-113.17707389002071
-113.37367320230969
-113.78718872389265
-114.42652265667894
-114.68279841730038
-114.7108239864263
-114.96347568702211
-115.36364157245977
-115.81747244332355
-116.04270241227363
-116.36085423069507
-116.71390700498355
-117.07662024351585
-117.46123490263349
-117.67079798759073
-117.97610112346064
-118.39781068380128
-118.83990854323835
-119.13612710058341
-119.48336631012978
-119.84237209274939
-120.2159011495303
-120.42840787521612
-120.78918052874826
-121.18781799773926
-121.57835008441798
-121.96009161723065
-122.31561438981645
-122.67963230862101
-123.06001272887362
-123.43553369152242
-123.8116798534615
-124.17052937165391
-124.5239421434214
-124.90270543939599
-125.27028671045919
-125.65424225209519
-126.04269241646962
-126.39092204161638
-126.72160570931045
-127.09845231725922
-127.49447101682232
-127.88387394292913
-128.22542066767446
-128.54787457125886
-128.91824741526045
-129.2924995935464
-129.6441686393676
-129.992174342169
-130.36742162006385
-130.72499770793013
-131.0531530190487
-131.38926955266078
-131.76266379065513
-132.10535103207573
-132.44222082617176
-132.81348948320903
-133.15193875837926
-133.48282883059792
-133.88420833097763
-134.2302959678993
-134.56638146288577
-134.8985101031048
-135.2463832812276
-135.58930030090465
-136.17523618826465
-136.30250331501887
-136.33450991051885
-136.8656589055996
-137.3864239478015
-137.8879286554084
-138.03620292677945
-138.36794059279697
-138.77662008889124
-139.3081793467921
-139.33910529696558
-139.7734575776069
-140.41167818517542
-140.60613344086502
-140.98286926798747
-141.08148393818317
-141.58128961042885
-142.05516954026345
-142.6170854096238
-142.68246509152974
-143.10174274443133
-143.70456776360277
-144.1948122213281
-144.248397640324
-144.6398938293763
-145.0937032994768
-145.47587470747976
-145.8636623343933
-146.22820775142574
-146.718511754762
-147.15353787896055
-147.43836873488257
-147.77553288261214
-148.156778469277
-148.64587623458453
-149.45105636783595
-149.5413786927409
-149.7911348177768
-150.25670665854517
-150.76077662554954
-151.16384065984715
-151.30404549239643
-151.73809645362238
-152.28251931414005
-152.59777149319115
-153.0832125545338
-153.3093855599121
-154.12530856198842
-154.57042177324755
-154.75968038111802
-154.88048153875673
-155.2002870651905
-156.1250578553887
-156.36326230787927
-156.46159455422784
-156.82785521488813
-157.2205362129631
-157.61584329700472
-157.9967302320137
-158.27813706229708
-158.74219232124454
-159.14700185548327
-159.74121439365507
-159.92978292261182
-160.3048671112166
-160.6837661461796
-161.07188647123965
-161.42226672506743
-161.8743617352628
-162.5451107324782
-162.71012122321466
-163.09488115887046
-163.48937904609122
-163.89016060182712
-164.32734158069653
-164.76889960819582
-164.97303389436564
-165.57787247384653
-165.98128639254134
-166.38030095524545
-166.79099463999114
-167.20795993848483
-167.47745178951982
-168.2485226771713
-168.416985593599
-168.8358528823221
-169.25546896908835
-169.6628387946427
-170.06795422879674
-170.36379180624056
-170.9471447176244
-171.3292605076181
-171.92592406630985
-172.17008965945004
-172.58183382128274
-172.99413451022215
-173.41281873514012
-173.87883100679545
-174.25862559894773
-174.8449012644383
-175.25759122934113
-175.6751541753628
-175.9410292844823
-176.3250397163373
-176.70622236080487
-177.1326428957701
-177.70695519171073
-178.12991443395416
-178.5640191279852
-178.85375005075366
-179.28954716603775
-179.75740832528268
-180.17827820535493
-180.76324940400215
-181.10744259668292
-181.53821155550347
-181.98879543255336
-182.29227305483815
-182.7694117016919
-183.15298825641543
-183.728318030419
-184.03581781781168
-184.47230579150508
-184.91130693047958
-185.3654633694192
-185.66046459772213
-186.2366375272967
-186.83434174698746
-187.28151981609804
-187.5281190699715
-188.08150725341656
-188.40531413569198
-188.86760319490466
-189.32241138742518
-189.90465969466345
-190.27995888727943
-190.72658785661645
-191.17434614285125
-191.48632535551718
-191.88503409136095
-192.34188125446488
-192.90152489173312
-193.27475818229723
-193.7570234811089
-194.2212484560065
-194.4819310370117
-194.93654655710677
-195.41306628361815
-195.86527600270952
-196.38441122253062
-196.84690275174106
-197.19313691492644
-197.6373027121958
-198.12156688020062
-198.56006650958045
-198.9889927749975
-199.45318336959824
-199.89085418119637
-200.69332693303738
-200.84572522636978
-201.30040850160916
-201.80188948443663
-202.25640485474452
-202.6925875164492
-203.16641579876418
-203.6186983364908
-204.0753882367713
-205.04992835503867
-204.94525319791168
-205.48874448661718
-205.92187340216438
-206.36700841361653
-206.8991741493427
-207.22558170353022
-207.70831057618022
-208.21887320270386
-208.65324581780988
-209.08782158788458
-209.44903896126078
-210.0101799110521
-210.43809801602092
-210.76542568527893
-211.2497561888255
-212.06122193027346
-212.23999331212156
-213.05045141967219
-213.07716604522884
-213.45591818310086
-214.4696151901386
-214.5517258019304
-215.01751621461264
-215.44821378599454
-216.4598209161503
-216.54612338143434
-216.77162338560262
-217.3407286185024
-218.11914910754297
-218.36935369857886
-218.86858876472994
-219.53875997314992
-220.0395183606275
-220.79594020276375
-220.84594330851735
-221.32996180215562
-221.85863952128017
-222.3060302075348
-222.78993025565345
-223.29494874099922
-223.78525551029708
-224.29323800572826
-224.71712277669894
-225.19618171268758
-225.6756554516729
-226.11233947673819
-226.5970732639255
-227.08569873387066
-227.5234736822382
-228.02104267236547
-228.49063002543585
-228.91159488406066
-229.4096991513298
-229.88239507118553
-230.30687110894974
-230.80248106714066
-231.27812771108563
-231.72691211178002
-232.25515695059886
-232.73475351868842
-233.1760422710996
-233.69955705718417
-234.21690521563696
-234.69769300075356
-235.16961584494803
-235.71851495587356
-236.2734039003212
-236.77742196381274
-237.2782845888938
-237.8558049184037
-238.3958126273292
-238.89984261254136
-239.40095826028062
-239.96803598342328
-240.51885008860862
-241.01030544715255
-241.49888809323838
-242.05168131988967
-242.55437997108803
-243.00913822390476
-243.47112645999695
-243.92485477848754
-244.4602026070803
-244.96610496916847
-245.43221874337473
-245.88636446797287
-246.3469956348242
-246.8535634147013
-247.37017160082638
-247.82679256845526
-248.29015328846023
-248.75452912932872
-249.21916937685558
-249.69684037360233
-250.23371061924027
-250.79095348425668
-251.28579348575366
-251.78553966907418
-252.29217474046334
-252.79831913339203
-253.3145206325318
-253.92238090382293
-254.56265466197289
-255.11208289748848
-255.65566085757396
-256.19478902637013
-256.73708856775085
-257.27697427277377
-257.7998642322846
-258.3293865339915
-258.8546884443113
-259.465843197435
-259.9986525311654
-260.48914667691946
-260.98550576643134
-261.5099645055522
-261.974010549436
-262.4732242252245
-262.96593300060186
-263.4444148644402
-263.922200117621
-264.4127912083294
-264.9178339894887
-265.42837495978375
-265.92242599440937
-266.40515707441114
-266.89428839849455
-267.40300482709443
-267.9431809092663
-268.48758164542346
-269.0181785537203
-269.55997055648373
-270.11044967025975
-270.67093406081
-271.2424933826733
-271.8263734038435
-272.43089551701325
-273.0203534718321
-273.5903037193472
-274.1667443316025
-274.738016199893
-275.3018991498206
-275.8462926251369
-276.3849947959828
-276.93116706084874
-277.46901096978087
-278.0017060590247
-278.52965638499734
-279.04499753210905
-279.5643786175967
-280.08505815871365
-280.54644495846594
-274.7671498009653
-275.2512422748445
-282.06876911054275
-282.59857845068865
-283.12416491951694
-283.6842656040533
-277.9720549285408
-278.5413040388817
-279.1114326095059
-285.96420157210525
-286.4694940728539
-286.9933736670859
-287.5937956735832
-288.32118539793595
-288.8863419135424
-289.5204117779546
-290.1201877278276
-290.7121705499489
-291.24371205400166
-291.79031217419737
-292.3611515227841
-292.9264663501277
-293.4894281939908
-294.0444958248341
-294.5375468848947
-295.0132105766467
-295.55618586900596
-296.1105293100109
-296.6631424242925
-297.2203741617634
-297.70621749257543
-298.2069034411583
-298.7810363444438
-299.354049067672
-299.92699777491686
-300.4466531769145
-300.97145671602766
-301.6016652585707
-302.2114388318342
-302.84137124808046
-303.3897289198673
-304.0132945607975
-304.67584475338947
-305.3149253124068
-305.8940918442071
-306.46998856786587
-307.0605746853064
-307.7280542565146
-308.2417321625721
-308.7606054746292
-309.3858036603599
-309.9603665720106
-310.46637761050164
-310.97604547270316
-311.55134526317073
-312.1465108246441
-312.66341487113993
-313.1770334917538
-313.7725715693611
-314.384689438794
-314.90362268527605
-315.4329087996203
-316.05676752612413
-316.6307599876288
-317.1846979195515
-317.84312132339085
-318.45445118195113
-319.06315168612747
-319.7671437296887
-314.1278961371469
-314.7271706354298
-315.3146347823402
-315.9782411640106
-316.5632991668428
-317.1455806332811
-317.80893110367975
-318.36258498239675
-318.9027893182931
-319.5117398861183
-320.0522553852866
-320.5927304888047
-321.12962588818243
-321.6767999249838
-322.29304169387785
-322.8446855228762
-323.42405267085763
-324.07047231470807
-324.64117806732185
-325.2159304542258
-325.8955465418668
-326.47691216700036
-327.0724452370479
-327.7098507168921
-328.337628463389
-329.046206720262
-329.6607059695778
-330.2798034836033
-330.9041273152339
-331.49108023786187
-332.1603631573804
-332.7531238987696
-333.33645381128355
-333.92140514649606
-334.4941796983901
-335.05455302172504
-335.63477085296563
-336.29159635507375
-336.87231339606905
-337.45872612111845
-338.02624938075434
-338.6398059398507
-339.241693440787
-339.8638005173873
-340.4920096729215
-341.0797909771536
-341.79879418888373
-342.4623502876362
-343.121698427471
-343.77378867889945
-344.4280705481211
-345.0646878579622
-345.6997979994392
-346.33211375560006
-346.9509341952532
-347.54866395445265
-348.14094436161514
-348.7343880881111
-349.3427430879139
-349.95480458833424
-350.5629004507346
-351.1752100090741
-351.77474843853224
-352.3999157354963
-353.0201666691418
-353.61899130714653
-354.25650024053704
-354.8838368906248
-355.5479557234766
-356.1880198594095
-356.8691907298022
-357.54793226744505
-358.2397110835073
-358.9003902791598
-359.56812223293633
-360.20645852036273
-360.76065553711464
-361.37029890775625
-362.03954194167574
-362.676459700495
-363.31548284874447
-363.9583893451986
-364.5810724293559
-365.20261734093896
-365.79124696291956
-366.4021821617071
-367.05581587345796
-367.6961375573536
-368.33023026452713
-369.0058812769606
-369.63510674273977
-370.319757687646
-370.97021479252516
-371.733110231549
-372.37929515350334
-372.9628816794368
-373.6797239737117
-374.3593893174173
-375.07203505468016
-375.6948853679463
-376.2609440205847
-376.9715297266423
-377.5940976700927
-378.2349767789671
-378.8835834142677
-379.4449523825684
-380.09692949786535
-380.7804414545476
-381.3728226427245
-382.0621458283177
-382.7605753704251
-383.4988587327537
-384.2394825074081
-384.87369655195226
-385.60542038778703
-386.34731352383545
-386.96630846610236
-387.6746777094923
-388.3770064462838
-388.9739824485167
-389.6463726773126
-390.2996777196883
-390.8725672887788
-391.51553077995726
-392.1608849804154
-392.72883821541546
-393.41132003366215
-394.1359472212878
-394.7309176351668
-395.33116075674485
-396.07517922510687
-396.8227608392475
-397.4719901486606
-398.26188426971703
-399.03456891317063
-399.695449684444
-400.4121530266404
-401.23274805834586
-401.864140559583
-402.45560020718654
-403.1027155852915
-403.8409859233536
-404.38009410132514
-405.05707862052776
-405.7239777023467
-406.3180787183424
-406.9154916151629
-407.63143063699835
-408.4137159619265
-409.0591756929984
-409.7101922184623
-410.48453520160047
-411.2934585285461
-412.0095142698508
-412.7009885290619
-413.50189618729524
-414.2791371293831
-414.9440736817099
-409.294586621654
-410.0212249622808
-410.7590456701048
-411.3641231827683
-411.95899217287433
-412.4940742700248
-413.2566883060147
-413.95585381160396
-414.56644963569613
-415.2015812438094
-415.86022285812527
-429.19957798399923
-417.43153616552956
-418.15868398090043
-418.9004266867504
-419.629998062781
-420.46435531548644
-421.2789789980434
-421.95840419085647
-422.61012572679186
-423.24765973904545
-423.9620321111142
-424.6759947148908
-425.29629889230785
-425.9091207737997
-426.5196108951986
-427.26630215322075
-427.9925439977956
-428.6490350099941
-429.4108339181404
-430.1258617729927
-430.75100067540916
-431.50812204552363
-432.4253151107039
-433.3469412876514
-434.073366417393
-434.7835000183082
-435.4584874317361
-436.1141923847004
-436.89228538967006
-437.6427202246168
-438.2872799810349
-438.91475147294295
-439.5884680449376
-440.24904791290174
-440.9189709392435
-441.6001890401469
-442.3785033911666
-443.27746862669557
-444.0358127772846
-444.80622938213
-445.58294939906887
-446.30679195621695
-447.0416872672758
-447.7586843764243
-448.4560118756183
-449.248269905363
-450.0661362117576
-450.7407159751481
-451.4104158854224
-452.0746951084551
-452.7612297746629
-453.4857797042623
-454.1835704793123
-454.8861782527179
-455.6060914048607
-456.3554601383765
-457.0253668450132
-451.71298133964797
-452.61692332514207
-453.4016094294624
-454.15800511366245
-454.8778761393015
-455.5694997071648
-456.28262170066813
-456.9862206763595
-457.68166098726437
-458.3819159283623
-459.10290856714397
-459.82641846656935
-460.48658087862526
-461.21659953772075
-461.96472434311426
-462.72644546024674
-463.4846000002328
-464.2363864000928
-465.109574738352
-465.88264510716147
-466.8014078159906
-467.66325339679753
-468.4147726305483
-469.1479646867619
-469.89861298507157
-470.63512439025766
-471.3570933603268
-472.0885776228736
-472.8377607163838
-473.58335387056337
-474.32073099142383
-475.07613563903857
-475.8832863825933
-476.66263323102515
-477.4393191989632
-478.2217081530816
-479.0190619082421
-479.8031836751923
-480.5736018016624
-481.34895732690455
-482.1187230659964
-482.8789288653689
-483.632583640546
-484.395613579081
-485.1650697019971
-485.92702637380626
-486.69228756671566
-487.3528884891161
-487.98783736488735
-488.77204073633135
-489.60552179989713
-490.4272572403915
-491.24779997623943
-491.9587777851773
-492.7649500620958
-493.5872011869109
-494.37535391060044
-495.1507024932089
-495.97634200123326
-496.7637258990715
-497.54026899388396
-498.3194345516931
-499.12024696791696
-499.92886885704166
-500.74158211339113
-501.5666013988797
-502.33680571244173
-502.99632551151893
-503.70618563155796
-504.5208925093996
-505.3437882710832
-506.14128776734134
-506.94183895985844
-507.73690435835664
-502.51671341065645
-503.13351562570216
-503.94812562913876
-504.78077831837214
-505.6058280351001
-506.2858035122349
-506.99575756262567
-507.84424418547405
-508.68226262826283
-509.46437545495536
-510.3072724252851
-511.1534491803056
-511.98292254035863
-512.7903143319063
-513.4660605480926
-514.2075035011096
-515.0345082833136
-515.8699786586304
-516.7113325629068
-517.5771232005569
-518.4413844829061
-519.2985162783453
-520.0000587727964
-520.6720819327526
-521.5212264198128
-522.355072157669
-523.1881560612629
-524.0281171410951
-524.8827712187153
-525.7513473469915
-526.4434777769047
-527.219846593974
-528.1028742983231
-528.9818375842653
-529.8452841828823
-530.6997516127367
-531.4113089577424
-532.1461459747314
-533.0097115847825
-533.8909534418846
-534.7610307137742
-535.5800904661094
-536.3627458717117
-537.0362565661912
-537.9017962084865
-538.7788155316059
-539.6683368306562
-540.594360107267
-541.3206978154914
-542.0877127003431
-543.0059016061101
-543.9075783987802
-544.7903665146473
-545.6625239394917
-546.3911138427841
-547.0949963484314
-547.9568006280213
-542.5476407160767
-543.4380082584711
-544.1884348342334
-544.936630104763
-545.8498156398744
-546.8085113512562
-547.6410991957603
-554.685281152925
-555.543103809641
-550.1033883569787
-551.0765543636444
-551.8158048230525
-552.5402787055872
-553.4264775876987
-554.3310411859081
-555.2498558561549
-556.0031780534225
-556.773113116672
-557.699291605638
-558.6275134992355
-559.4168010368733
-560.2098132774656
-561.1491331676416
-562.0972016971093
-562.9211442086221
-563.6754367178798
-564.5609193442199
-565.458698719823
-566.2052324160213
-566.954609661555
-567.8788408160121
-568.8618302307898
-569.6342414533276
-570.4743386182662
-571.4951476325708
-572.4636627428911
-573.2496079247018
-573.9664274752118
-574.8959039400304
-575.8050037616844
-576.6159439825391
-577.3441003136705
-578.3011108285232
-579.2210228815349
-580.0065129520362
-574.6527012549002
-575.6610422318621
-576.4911252131104
-577.2686983130669
-578.2385442634678
-579.2082353071886
-580.0173422231333
-580.8121702845563
-581.7673242135313
-582.5796494762866
-583.3463563636097
-584.2942139645115
-585.3021404501145
-586.0749146762507
-586.9551888263171
-587.979770662719
-588.788617214564
-589.6266956685312
-590.6420523658013
-591.4631229834924
-592.257004650125
-593.1872627283896
-594.0002036289648
-594.775702412468
-595.7328165018541
-596.5415687054095
-597.4204943479323
-598.4906169688576
-599.3629990433067
-600.3098009183276
-601.3527263595112
-602.0946320055845
-602.9175146392988
-603.8802265485087
-604.6673991976072
-605.477613511555
-606.4796354247234
-607.3738912920687
-608.1899943713261
-609.2662242933297
-610.1626827514216
-611.0801288783252
-612.1247497684773
-612.998808990132
-613.851325023856
-614.8334748960169
-615.6280584456538
-616.4608665971747
-617.4701823382026
-618.2653813737323
-619.1287642379754
-619.9817114931793
-620.9137920710515
-622.0137503566314
-616.6260966794548
-617.5958685796953
-618.6168332179083
-619.4535863419744
-620.3059450735046
-621.1197573584824
-621.8894652586406
-622.9642399783969
-623.7643507445366
-624.6575951528729
-625.7525728237499
-626.6729066296457
-627.6533961922684
-628.6264898420488
-629.5344200008423
-630.5689243042807
-631.4011290355149
-632.2397880093828
-633.0626791219744
-633.9195083272742
-634.987641618288
-635.832436834841
-636.8029107139341
-637.8885652099193
-638.8833309342084
-639.916408462092
-640.8399885250657
-641.5606165942115
-642.5084435649899
-643.3773696522968
-644.243714746169
-645.1364467173781
-646.2335005088576
-647.2465923381764
-648.1816861932713
-649.0360186049269
-650.0048874520111
-644.8973652384672
-645.778158817565
-646.6796417672681
-653.8134633978275
-654.7331451176655
-655.6268067376601
-656.8338288227751
-651.1970675438005
-652.0988432091108
-653.3353962903549
-654.2047883845878
-655.1853505971025
-656.0965615394183
-657.0345858039062
-657.9895134808351
-658.9331855762119
-659.8121023077621
-660.7251111269653
-661.6286515879292
-662.6184772315081
-663.7084017326229
-664.6232703171906
-665.6829797000019
-666.6690919755249
-667.6469544951628
-668.6009437812482
-669.5438466389207
-670.4376929681979
-671.3623668221753
-672.270700232688
-673.2541082307619
-674.233971393846
-675.1957068857598
-676.1635691557734
-677.2047528466557
-671.9188281921404
-672.8772913081322
-680.1535123306287
-674.7733534507186
-681.9560340780173
-682.9310644300157
-677.8115791798649
-678.8760276383538
-679.8777886270126
-680.9555490829085
-681.9149701744255
-682.8436736110467
-683.7946730617018
-684.7061960488793
-685.7336115858865
-686.6797857037009
-687.4803056384915
-688.556993901605
-689.5950205829079
-690.6118644765795
-691.6163733985474
-692.6210695583825
-693.5619644697241
-694.5377046447868
-695.4799525998293
-696.5274183010674
-697.5199261681636
-698.5963451410539
-699.6348990699041
-700.6868149113293
-701.6437435492944
-702.6730397862099
-703.6596631109574
-704.642586638559
-705.6316454651013
-706.6415651723624
-707.6827078129435
-708.5607010570316
-709.624513932489
-710.645765561933
-711.7051059196533
-712.6914257265189
-713.7448958668458
-714.705053663164
-715.7277039259136
-710.5181877974934
-717.8281392979379
-718.8390709659575
-719.6855162265622
-720.7876338464521
-715.5817862221386
-716.6362199585736
-717.6877056952893
-718.7540614679513
-719.7884990514453
-720.8012806841265
-721.813794841558
-722.648192787343
-723.6948417832905
-724.7929197660214
-725.8861768586745
-726.9966514983839
-728.0723813886825
-729.1234793519794
-729.9561299194099
-730.9693887329107
-731.9803426929997
-733.016744390936
-734.0968016890814
-734.9746715422815
-736.1457272054311
-731.0475700594399
-732.1015982936591
-733.188471944112
-734.1556173049282
-735.183718369833
-735.9951430026991
-737.0142441305925
-738.1195407798418
-739.3299646768214
-740.4589469902819
-741.365043613864
-742.5157377006584
-743.53090470906
-744.6102551752942
-745.548637529491
-746.379456251573
-747.4408861824955
-748.6047823764103
-749.5551212684148
-750.8186451683556
-751.9868732159854
-753.0178130865326
-754.0687742997225
-754.8084705336335
-755.9271797418569
-756.8650800805462
-751.691135079705
-752.9112335440091
-753.8713069937405
-755.0847528236064
-756.1735904128122
-757.0330484991476
-758.0630247119366
-759.0671489633182
-759.9040747703525
-761.00358162878
-762.1710021346821
-763.3531437486968
-764.5892012959048
-765.5664309335673
-766.66778169597
-767.7482996023217
-768.576405736671
-769.597984191941
-770.7359312690346
-771.5613144182875
-772.7488419436851
-773.9699144009694
-774.9348086021732
-776.0994562006236
-777.2822384109878
-778.0390155853783
-779.1021691937168
-780.2620094746134
-781.3594102617969
-782.3829584230108
-777.1748432486174
-778.4175195898731
-779.5830774251378
-780.5065534457012
-781.5668839871686
-782.7355625251604
-783.60978120127
-784.6502956630662
-785.8151141932567
-786.798721903058
-787.7836198649525
-788.99687571331
-790.1510952695511
-791.0659129635745
-792.1566060576157
-793.3041292532226
-794.216805513517
-795.3455687958481
-796.5160114920964
-797.5250792903704
-798.7613907577727
-799.91837574719
-800.8211701938013
-801.9691590876104
-803.1112001077663
-803.9967886764883
-805.1323897082838
-806.3799431807348
-807.3330665139368
-808.3164934853432
-809.6301353188751
-810.6804561312109
-811.5867440952443
-812.7200133535225
-813.8765163429731
-814.8213972231306
-815.79189044138
-815.4933404836978
-811.9871092124237
-812.9643716625634
-814.176844697912
-815.2502107406212
-816.1735103924112
-817.1261926270668
-818.271865912758
-819.5164607058148
-820.5619872893187
-821.7991292805914
-823.0170010915085
-823.9638464946173
-824.9028781995777
-826.0536073163404
-827.2325530201323
-828.1827205522823
-829.1568846317131
-830.4608682058707
-831.7443997015906
-832.707439503556
-833.9147203660061
-835.0851511023812
-836.0021444635457
-836.9644540176297
-838.1600802379359
-839.430831206204
-840.4569879911962
-841.492419815653
-836.4963689993713
-837.7054518539253
-838.6498890199322
-839.5856887411483
-840.7834144492269
-842.0070563713786
-843.0287763578887
-844.0849943480338
-845.3956858706284
-846.6225609398748
-847.6067761610243
-848.5687200891709
-849.7600085172962
-850.9692485468768
-851.9482391714085
-852.9773823217046
-854.299787958895
-855.5904529636153
-856.6072624928875
-857.5953952011341
-858.5690137034701
-859.7743762588444
-860.9838813984968
-862.0031629165863
-863.0453360393324
-864.3781189546891
-859.3699907290656
-860.401693853071
-861.400144854651
-862.3783657702458
-863.5985920757396
-864.8557288283073
-865.8774938385474
-866.9204102670928
-868.2431595668918
-869.574211228327
-870.603037125445
-871.612926492982
-872.6209293915153
-873.8798312337266
-875.1442544159247
-876.1717061111397
-877.2314550187979
-878.3106842366368
-879.6251125445432
-880.9002217037537
-881.9301407857624
-882.9503951199986
-883.9598888364291
-885.2359915650165
-886.5682846025866
-887.6491053830988
-888.7195410623692
-889.7768363061139
-891.0950694188521
-892.3710836297737
-893.3908643028758
-888.1421911294899
-889.2001574412659
-890.2813894269241
-891.6251214358663
-892.9751102829109
-894.0466406346804
-895.0862571817531
-896.1110372878674
-897.4109092467959
-898.7322961150164
-899.7971661533044
-900.8665808220028
-901.958779014401
-903.0538269128164
-904.3956286655203
-905.7022756926907
-906.7596010145846
-907.8197092722066
-908.8876345024639
-909.9742555441394
-911.3394827166597
-912.7079455312877
-913.7898284032865
-914.8745212483911
-915.9416343253926
-917.0062341190543
-912.071211999237
-913.4460947973481
-920.8204222049418
-915.6353658190249
-916.7334688466126
-917.8461106292409
-919.1880361827302
-920.5224457062163
-921.6047401067452
-922.6987439073989
-923.8050628669018
-924.9089505464069
-926.031314489827
-927.4230469181542
-928.7915097591833
-929.8848130483134
-930.9923139375463
-932.0875551899145
-933.1879812762504
-934.3019722694304
-935.7038572771826
-937.106580556692
-931.9336514326308
-933.0390517583647
-934.148413055773
-935.2389588292825
-936.3357542294135
-937.4561269455937
-938.8980255193532
-940.3241869178695
-941.4520593972122
-942.5667090311968
-943.7120038152927
-944.8294637386019
-945.9339648103577
-947.033789038103
-948.4773983870093
-949.9158445833011
-951.0569609589928
-952.1876921790982
-953.3140038963169
-954.4444708180041
-955.5675244472312
-956.690688659288
-957.823622765563
-959.2752205611828
-960.7398519993449
-955.6195260733238
-956.7653277317127
-957.9036391687097
-959.0459956730426
-960.1707485233003
-961.3291547779479
-962.4808689923386
-963.6567823265182
-965.112052412163
-966.5701169076829
-967.7251877875906
-968.8721185791851
-970.0056481678106
-971.1533709971417
-972.3409687121551
-973.5368097890693
-974.7080374432807
-975.873607228152
-977.0651868296086
-978.5293252660581
-979.9289426345241
-981.0691156132972
-982.2796269864212
-983.4871545587348
-984.6643752022107
-985.8358333986099
-980.7620885113682
-981.9727123395124
-983.1281865815938
-984.2590107982538
-985.445473781169
-986.9638237815692
-988.4673792337649
-989.6556856487307
-990.8846075764039
-992.0887523665012
-993.2487481144418
-994.3932239184446
-995.5852294265704
-996.787217051833
-997.9936160561896
-999.1993376788154
-1000.4365343843926
-1001.6720352036245
-1002.8534704447734
-1004.0250715189768
-1005.523447300985
-1007.0456555358389
-1001.9623906075977
-1003.165934072885
-1004.4211300073896
-1005.6660167258248
-1006.8542267449433
-1008.0323747353979
-1009.2538016148932
-1010.4867080891564
-1011.7019929664393
-1012.9044296764051
-1014.151344303582
-1015.4283229106467
-1016.66523895876
-1017.8445461919645
-1019.0483797355449
-1020.2920542816473
-1021.5162382137074
-1022.7423774932953
-1023.9609823862936
-1019.300457104756
-1027.1285482460714
-1028.3356405475024
-1023.2870826820531
-1024.5430513639783
-1025.7797222731872
-1026.9952163835299
-1028.2647983370189
-1029.5514032225994
-1030.7932406078835
-1032.002099303854
-1033.2630483085552
-1034.5170737613769
-1035.7708616743546
-1036.976468068453
-1038.2740340431924
-1039.57736690367
-1040.8498521509891
-1042.0509868251177
-1043.3066579350386
-1044.5987271674273
-1045.8608408273105
-1047.0661357112185
-1048.3348688947085
-1049.6705551232976
-1050.9715904103432
-1052.2081768524447
-1047.1791409400244
-1048.4691197359873
-1049.7475588595676
-1050.9803163165604
-1052.2571584624927
-1053.581641917395
-1054.8846286285343
-1056.1418338040246
-1057.4224711716495
-1058.7157753211904
-1059.9806774570297
-1061.2317705715348
-1062.5417279574656
-1063.879206323455
-1065.178637174665
-1066.4511648080581
-1067.7469222750183
-1069.0741575610566
-1070.3299361928448
-1071.5832905845036
-1072.8905840572675
-1067.9524801488108
-1069.2695522808895
-1070.569170075457
-1071.872593321072
-1073.1953213711927
-1074.4739328665723
-1075.7664252416776
-1077.0784111650123
-1078.4011880866192
-1079.7270239257898
-1081.0624729120855
-1082.3922242244896
-1083.6929006166376
-1084.9770381636285
-1086.304276115725
-1087.6489998409572
-1088.9596567546503
-1090.2762406866814
-1091.6366433764074
-1092.9894873220587
-1094.280595443203
-1095.5854723744742
-1096.942810355981
-1092.008192372895
-1093.3405717422756
-1094.6754200269522
-1096.0433103312275
-1097.374681275511
-1098.6761241986162
-1100.0000106971656
-1101.0171401939635
-1102.0412212338254
-1103.381775352783
-1104.7327957908478
-1106.1263610113217
-1107.4948309406896
-1108.8087527696914
-1110.1158383286875
-1111.49259195532
-1112.8678457528788
-1107.9235452303544
-1115.5669402708922
-1110.7013583189691
-1112.071580615866
-1113.3972967148607
-1114.726176485086
-1116.1093263852329
-1117.4758154433416
-1118.8340507586734
-1120.227190937835
-1121.6248821009538
-1122.9970698872116
-1124.014503741302
-1125.0171735284728
-1126.407118422956
-1127.789706118148
-1129.1653843406705
-1130.560871199123
-1131.9787851868418
-1133.3582895740153
-1128.4045514338936
-1129.7813122074517
-1131.1953185080383
-1132.5798272820132
-1133.9772444954874
-1135.3993515509885
-1136.8253270352807
-1138.1884839788006
-1139.220623418265
-1140.2393149796965
-1141.6551888605445
-1143.0661999133863
-1144.48254484766
-1145.890483226961
-1147.3262439373
-1148.7163809480883
-1150.0882257845253
-1151.484418365372
-1152.9202335317375
-1154.349271719749
-1155.7802984458867
-1150.5560426124853
-1151.640547624829
-1153.047873164571
-1154.4197617244793
-1155.8165050898665
-1157.265770590277
-1158.7329242222504
-1160.138676048714
-1161.5723110494876
-1163.0245120954548
-1164.4520713494976
-1165.5118385616265
-1166.555316559923
-1168.0066826999118
-1169.4627866297933
-1170.9305536076165
-1172.3515174967079
-1173.77741576289
-1175.2096712915743
-1176.643067694812
-1171.7831729221577
-1172.8682563564255
-1173.960426877831
-1175.4562012811791
-1176.9191685563023
-1178.361654599329
-1179.7949914469675
-1181.249617198676
-1182.6790676294477
-1184.2006780536092
-1185.6356510673377
-1186.7403853883927
-1187.8332783964645
-1189.3049550875512
-1190.7180753595478
-1192.1920339825185
-1193.6817969906335
-1188.8722578309144
-1190.3624100128284
-1191.8495416745282
-1192.9330742254572
-1194.0094825806254
-1195.491393234201
-1196.9674033833837
-1198.4768896350233
-1199.9544208348575
-1201.440309899973
-1202.9081831896278
-1204.0365860624313
-1205.1334043040654
-1206.6178455912489
-1208.1037790978403
-1209.6329832336778
-1211.1311078261879
-1206.3404305705687
-1207.8064534748323
-1208.9249139489573
-1210.0479877118737
-1211.529222119096
-1213.0507891880159
-1214.5560916579352
-1216.0673674680086
-1217.590751100827
-1218.6981861369218
-1219.8363367264442
-1221.3163456734728
-1222.826525200135
-1224.3747548425767
-1225.9126538798819
-1227.4216046376612
-1228.9197569278442
-1230.0557077629014
-1231.198764196652
-1232.7008087587187
-1227.9506800931135
-1229.4997637931126
-1231.0456542830689
-1232.1990062774626
-1233.323886400863
-1234.8175223047142
-1236.356627697578
-1237.8905169013392
-1239.4447988742156
-1241.0152744793365
-1242.178881845936
-1243.319555175778
-1244.8243878128226
-1246.3632052599855
-1247.9142651584657
-1249.4890764594693
-1250.6489726435307
-1251.8137733777755
-1253.3802647578411
-1248.6388533278907
-1250.159487890103
-1251.6958754735479
-1253.283952070914
-1254.495143519782
-1255.6716931231617
-1257.2266170635735
-1258.7620927632784
-1260.3116389208685
-1261.8736316768225
-1263.0568886680105
-1264.231701072903
-1265.8175608628064
-1267.4052374585071
-1262.7020355963214
-1264.2479621341542
-1271.6965198179103
-1266.5857612274715
-1268.191593469873
-1269.8055943211605
-1271.3913614401097
-1272.5704716785215
-1273.7455887137257
-1275.3197421962907
-1276.9208191730197
-1278.5134787036889
-1280.1150723717758
-1281.319832235864
-1282.5358351146365
-1284.1241882812021
-1285.6852050266073
-1287.26718858681
-1288.4835173874221
-1283.4313781067863
-1285.0551069693065
-1286.6592261236158
-1288.2480935248618
-1289.4515724052455
-1290.6509559047863
-1292.2628463262436
-1293.883795658226
-1295.5130510683302
-1297.1426557632053
-1298.3588942725735
-1299.5532197838552
-1301.1566528810438
-1302.7821918090433
-1304.4248545569224
-1305.6658689879125
-1306.8979442774896
-1308.5051805371531
-1310.1143240605657
-1305.4693208538793
-1306.7000988569187
-1307.9373765392736
-1309.5877763321753
-1311.246952299421
-1312.8790604086662
-1314.1008978867308
-1315.316968834698
-1316.9504336145837
-1318.6031769563144
-1319.8592626637737
-1321.1244766477826
-1322.7825305040105
-1324.38894835608
-1326.036184720782
-1327.2863660448222
-1328.5189623860867
-1330.2211462435935
-1325.596994860772
-1333.5427604560587
-1328.5110044180358
-1336.0516449298577
-1331.4304218236282
-1333.083625526102
-1334.3211776053538
-1335.6190943487202
-1337.3265714004121
-1338.9805628842623
-1340.612466841516
-1341.8776938409424
-1343.156805929562
-1344.884856691198
-1346.549755126219
-1347.8008845461209
-1349.0645663204855
-1350.7722071602477
-1346.1700305732093
-1347.8411034248584
-1349.1120054815108
-1350.4264879187467
-1352.144963710775
-1353.8129181507995
-1355.0596767423015
-1356.3303795503846
-1358.0691006463528
-1359.7972846663763
-1361.0743658469771
-1362.3423189303328
-1364.0567417535303
-1365.776103365062
-1367.0624848107843
-1368.3445273510144
-1370.0585618554614
-1365.4990689720582
-1367.2381650360612
-1368.5248257182416
-1369.8184628774914
-1371.517253524251
-1373.2469600120305
-1374.493832789667
-1375.884987214477
-1377.6198308065848
-1379.3241547593693
-1380.616347406849
-1381.9135216663583
-1383.682391204889
-1385.4202173989713
-1386.7259723879422
-1381.7585479983413
-1383.5302994678748
-1385.261941588242
-1386.5602182565274
-1387.849847133664
-1389.6334553309391
-1391.4250443812252
-1392.7321233642597
-1394.0239609328337
-1395.7503717387099
-1397.0769643962574
-1398.4171317338794
-1400.2083715673334
-1401.9555785176096
-1403.2961640707224
-1404.6018643528246
-1406.3775238626715
-1401.8470775175101
-1403.1877655068927
-1404.5253220981692
-1406.3400749702932
-1408.1173411260436
-1409.4389419315678
-1410.7410461497823
-1412.5294657133702
-1413.9101313263736
-1415.276097103014
-1417.0687039093386
-1418.7978388248357
-1420.156924960698
-1421.494339834834
-1417.025582222056
-1418.8556706137801
-1420.1742223210908
-1421.5337914173908
-1423.3357754131387
-1424.6857491423907
-1426.0147775663147
-1427.802066711202
-1429.641569997136
-1431.0149771462447
-1432.3857504340979
-1434.171187266186
-1435.5154525035773
-1430.6160966436044
-1432.4546096182514
-1434.2676503844416
-1435.6096758437704
-1436.9994869800132
-1438.84370785576
-1440.1803131588986
-1441.5782977006718
-1443.380227103699
-1445.2216283845676
-1446.6538775793465
-1447.9720969588525
-1443.509076664199
-1444.8737558599469
-1446.2593239113096
-1448.1166716504963
-1449.9855577697845
-1451.3547246247206
-1452.7175363363128
-1454.5624864822914
-1455.9395327601835
-1457.3385163272858
-1459.1883274560712
-1460.5897104475266
-1461.9715818822458
-1463.8428073457055
-1465.693738812617
-1467.1106295641112
-1462.1791503410318
-1464.056495135912
-1465.478363504683
-1466.8767100311063
-1468.7203670434383
-1470.0868911618873
-1471.5097911712908
-1473.406936919845
-1474.955817350811
-1476.2276503193257
-1478.1057839834211
-1479.9748659776583
-1481.3778193221285
-1482.7789661785273
-1484.6629180826083
-1479.8141526890868
-1481.2389967935367
-1483.1101296802435
-1484.499870410978
-1485.9076166869074
-1487.8492690184191
-1489.2754792027927
-1490.6965624171326
-1492.5693244907266
-1494.0081800694525
-1495.4390164532053
-1497.3532531452756
-1498.7568597880038
-1500.188841303119
-1495.8287276754631
-1497.7460639916692
-1499.1522052061925
-1500.587231232799
-1502.491413113032
-1503.9870814902802
-1505.439073685152
-1507.3302417794548
-1508.7268687339847
-1510.1809391648194
-1512.138605975218
-1513.5973927730138
-1515.032109409937
-1516.9520695381455
-1518.4316817104461
-1513.5849534968443
-1515.4892237694044
-1516.9325481650903
-1518.3941599673449
-1520.3772715288678
-1521.8847724412794
-1523.2518522314567
-1525.150238106132
-1526.631454382127
-1528.1299344219879
-1530.10156907254
-1531.5399780257767
-1532.970190537143
-1528.1535432531762
-1529.6566975986248
-1531.6349344970188
-1533.1211655681952
-1534.5245533777756
-1536.4773838986323
-1537.9686971058338
-1539.4599105016173
-1541.462690515684
-1542.8777894000084
-1544.3590113006494
-1546.3486124912806
-1547.8305950849674
-1549.32918024191
-1551.2695086863523
-1552.7591953187566
-1554.2348182462247
-1556.272267790623
-1557.7912526947075
-1559.244756824947
-1554.8918200046596
-1556.390580384197
-1557.8894269105542
-1559.42109474435
-1560.9606197633832
-1562.912848228864
-1564.3616932310035
-1565.8352320104636
-1567.9217377737664
-1569.4153437819682
-1570.92444350307
-1572.8700585888096
-1574.3748290665435
-1575.9133494661855
-1577.4439124399887
-1578.976632483108
-1574.655392757999
-1576.1613111592026
-1577.6672155586823
-1579.7381554959554
-1581.265291032729
-1582.76172425415
-1584.7474234541512
-1586.2808769346952
-1587.8216476577566
-1589.3513879311422
-1590.852719885785
-1586.6108221495062
-1588.112089934796
-1589.6779126543984
-1591.728839519613
-1593.2498306952589
-1594.7431186291099
-1596.2800250277853
-1597.8122376107005
-1599.8758542099656
-1601.4141918067762
-1602.9549568787502
-1604.9839335648949
-1606.524101705467
-1608.065193790175
-1603.3439064648499
-1604.908078574633
-1606.9536890381144
-1608.4942785753217
-1610.0308454649623
-1611.5869215544794
-1613.1418013908092
-1615.2229692767175
-1616.762472300411
-1618.3048549483058
-1620.3586846969642
-1621.9230309720924
-1623.5010152895406
-1618.787508411582
-1620.3523110027004
-1622.3975673751768
-1623.9539959031006
-1625.5188050704694
-1627.102033193959
-1628.6737425326148
-1630.7574248419357
-1632.325545641128
-1633.8830675197637
-1635.4694362319115
-1637.032765816646
-1639.14349425907
-1640.716739159461
-1642.2928383046699
-1637.5918133620962
-1639.1587968931356
-1641.2750528872093
-1642.8699175524928
-1644.4906215010271
-1646.0442065061434
-1647.6345786904647
-1649.7236790599918
-1651.3319561267206
-1652.9397783980908
-1654.549999797942
-1656.1414771667917
-1651.9493883663636
-1653.5527754066627
-1655.1576498542033
-1656.7843738032825
-1658.3898173156836
-1660.4978326560001
-1662.08854109611
-1663.6650470608959
-1665.322362292057
-1666.9536894054938
-1669.0849018292197
-1670.6712080620841
-1672.2904477142001
-1673.8894989777646
-1669.2505822802777
-1670.8402016244709
-1672.4831291460264
-1674.644600267292
-1676.234873401796
-1677.9068191470035
-1679.4887705589526
-1681.1466320016914
-1683.313552530481
-1684.933639350289
-1686.5633777908233
-1688.1676349148074
-1689.8438526209247
-1691.4607490747828
-1686.8226658909082
-1688.9950071515057
-1690.6219515442006
-1692.3099034879583
-1693.9328264509238
-1695.5710325167017
-1697.2083032258238
-1698.8799367564752
-1701.091578320387
-1702.7150429540857
-1704.3324884026958
-1705.9448186395177
-1707.6725736826913
-1709.330910047694
-1704.7262740820468
-1706.9231873626557
-1708.5840012119504
-1710.1846462797048
-1711.8765240126834
-1713.572932790504
-1715.2244904639078
-1716.8673811490837
-1719.0676167192855
-1720.7534250362799
-1722.4500074550335
-1724.1234280175956
-1719.5041839430087
-1721.2334802227388
-1722.8725503225166
-1725.1048618491016
-1726.7738446728492
-1728.4566313166126
-1730.1053086310374
-1731.8665469578327
-1733.5160939357036
-1735.2092667748461
-1736.9290639432293
-1738.5625770358392
-1734.6011807919795
-1736.2708548974022
-1737.9330785564816
-1739.5771834564243
-1741.3136836587678
-1743.0547218557977
-1744.7902792700672
-1746.393047998851
-1748.1366748126995
-1749.9174993639556
-1751.5806025504073
-1753.8676616791229
-1749.3597205326696
-1750.9853485583035
-1752.777730749192
-1754.47049382807
-1756.1705440324467
-1757.9329984544033
-1759.5145443278568
-1761.3051379922954
-1763.0444346496731
-1764.7448963121046
-1767.1219044702138
-1762.5391998525151
-1764.3226098495238
-1765.9963333318076
-1767.7465876666624
-1769.4625808289043
-1771.241138893005
-1772.8233436596624
-1774.7101955261744
-1776.4280098395618
-1778.1020267843144
-1780.4801940474504
-1782.2769627245755
-1784.0478204266237
-1779.485600401946
-1781.1942802011347
-1782.981303191234
-1784.775681158782
-1786.520248081566
-1788.2290383500895
-1789.9001853152915
-1791.7193581845024
-1793.5288995610044
-1795.3219935542938
-1797.1359422279986
-1798.879345170403
-1800.6084800606814
-1802.3902061201775
-1798.4787539648914
-1800.2833291352854
-1801.989386212716
-1803.610565143071
-1805.5908202662226
-1807.3581363925375
-1809.1030925913783
-1810.9738803460425
-1812.7384961715568
-1814.5073137928332
-1816.3185984358538
-1811.8361099783394
-1813.6190796738904
-1815.4033327948644
-1817.2106009022316
-1818.9934578111322
-1820.7681648895689
-1822.6048359875922
-1824.4249429014542
-1826.2179056552473
-1827.9925236269185
-1829.805740694868
-1831.6161000570908
-1833.4587156412276
-1835.2794198851182
-1831.40013149679
-1833.221888408359
-1835.0460346812665
-1836.8768657179548
-1838.70162773785
-1840.5113836548544
-1842.3382729743003
-1839.669920726915
-1839.7451112701938
-1841.5870005488225
-1843.4186001548467
-1845.228114148801
-1847.0458188232828
-1848.8846929050628
-1850.734213842485
-1852.6002018023194
-1854.4396274271637
-1856.2434894643602
-1858.0670539754217
-1853.6093796397984
-1855.508043031329
-1857.414802446034
-1859.2594295003908
-1861.1118980211484
-1862.911911193609
-1864.7441553310557
-1866.6080955655025
-1868.4975488643938
-1864.0784638895648
-1865.9033207060418
-1867.661918880254
-1869.651096938437
-1871.4648752002736
-1873.3772526437033
-1875.249533608716
-1877.108487494177
-1878.9341903155985
-1880.7938753054498
-1882.6477068499298
-1878.2697598876284
-1880.1890662778528
-1882.070253160788
-1883.8902874027842
-1885.7559864927325
-1887.6147794240355
-1889.5347125057779
-1891.4491414063566
-1893.2794384977678
-1895.1771128560056
-1897.0563686617936
-1898.2985916420291
-1893.8902902427724
-1895.7830851823153
-1897.7142021595353
-1899.563520254454
-1901.4956788859379
-1903.3097704474321
-1905.2185921668536
-1907.2685983541826
-1909.0777101765643
-1910.9398989388778
-1912.8579385290489
-1908.408351010837
-1910.3504711928624
-1912.2192599686987
-1914.1873308472934
-1916.0941705757773
-1917.9895034136791
-1919.8348071055273
-1921.6194102782827
-1923.655803223712
-1919.289922010852
-1921.2517083926284
-1923.0583537199202
-1925.0263566272445
-1926.2930333583752
-1928.187080644374
-1930.1699262628167
-1932.175890505032
-1934.0185911198985
-1935.875388520993
-1937.7303147296143
-1939.6253176328178
-1941.620253670907
-1937.3265772869618
-1939.2540021758166
-1941.1862667257667
-1943.0348700885734
-1945.0209030901822
-1946.9937073054016
-1948.4244429702285
-1950.2327880032199
-1952.1691419144674
-1954.0411221626582
-1956.0187843391489
-1958.0390874471493
-1953.6860321603767
-1955.5751795626509
-1957.566242346384
-1959.4786184712818
-1961.4347530473995
-1963.3804142125484
-1965.319991868686
-1966.6231625207724
-1968.619866028613
-1970.537669678999
-1972.4463781614675
-1968.1465861505926
-1970.0869041816457
-1972.0796031221462
-1974.0502252436836
-1975.9938726125265
-1977.9308050878158
-1979.912493723689
-1981.2699953428335
-1983.1613060998843
-1985.1647030210631
-1987.1552979923704
-1989.120016440531
-1984.7965605902718
-1986.7404057366896
-1988.71715590958
-1990.7148029770244
-1992.70343267759
-1994.654010293072
-1995.9731508394625
-1997.9785967417133
-1999.9531632025428
-2001.9238171074594
-1997.6264932683
-1999.6874304848543
-2001.614502714745
-2003.6281283951082
-2005.610811922514
-2006.931128272953
-2008.9196369088547
-2010.9075533917342
-2012.8899218618435
-2014.9018886438269
-2016.9146009754722
-2018.9278849422758
-2014.6317635919145
-2016.6077822961904
-2017.9416983966914
-2019.9550076122737
-2021.9709417109827
-2023.9507457797895
-2025.9835056420866
-2028.0331053441207
-2030.060405616294
-2031.379305361308
-2033.341122325565
-2029.0638793308974
-2031.0818222797593
-2033.137383349038
-2035.2048902096192
-2037.2411461694505
-2039.278647548595
-2041.2681147485514
-2042.6103476978076
-2044.611444589318
-2046.6141067906688
-2048.620175644961
-2044.3925454038517
-2046.4662982087796
-2048.531378874445
-2049.878672011915
-2051.903564714532
-2053.89786560738
-2055.897124004922
-2057.9463480382374
-2059.29885516936
-2061.380985131948
-2057.154159911167
-2059.239701407842
-2061.3033802621226
-2063.3338069859906
-2065.3685808551695
-2066.7008806476883
-2068.736020545636
-2070.8076914465705
-2072.8906664083393
-2074.978893598331
-2070.7793398331632
-2072.8249170645695
-2074.1769827118683
-2076.2459981556467
-2078.315728737166
-2080.3661842541824
-2082.448237693264
-2083.8328284832146
-2085.931935696056
-2088.021893763466
-2090.0973150236446
-2092.1508858878797
-2087.92231506516
-2090.007036330782
-2091.4134697479335
-2093.5231851527524
-2095.6121757691503
-2097.6737871605073
-2099.7381610646767
-2101.122951089338
-2103.2179518687367
-2105.3362813358676
-2107.46022671598
-2109.5729737333113
-2104.698772130032
-2106.780764058054
-2108.856891621185
-2110.907963974409
-2112.983773270343
-2114.4100480940588
-2116.562541017124
-2118.7414813822047
-2120.886756076168
-2116.678516986796
-2118.7799333997873
-2120.8724691269604
-2122.270856829574
-2124.3489328980536
-2126.4700738637644
-2128.608243217823
-2130.775644179953
-2132.195430994331
-2128.098004554133
-2130.213552595655
-2138.60597749511
-2134.417502747356
-2135.847256466535
-2137.9832736603485
-2140.1051372888014
-2141.4740189735758
-2143.6271237813635
-2145.836105885392
-2148.0134127261836
-2150.136566545091
-2145.3098183070283
-2147.4577480725316
-2149.5965283035116
-2151.7219583661604
-2153.870867217758
-2155.289572616937
-2157.4329359257335
-2159.625390588994
-2155.5438911002466
-2157.721411764727
-2159.186051762937
-2161.3201455066614
-2163.439281104652
-2165.5992438523067
-2167.767631164096
-2169.214672100961
-2171.3910364579956
-2173.5600311787757
-2175.0241372412047
-2177.283014093682
-2173.1739727039785
-2175.333349245766
-2177.4789767773286
-2178.9251649330295
-2181.102496361269
-2183.2527560374206
-2185.4347398226237
-2187.6842742570243
-2189.165507412102
-2191.4125633248527
-2187.3267679951437
-2188.8138969787983
-2197.26888559104
-2193.126316750943
-2195.308348785277
-2197.507259693124
-2198.9860623204863
-2201.2481552350177
-2203.4230027391477
-2204.926741476774
-2207.2426194352456
-2203.1452223940296
-2205.3161710659406
-2207.4948658021235
-2208.954288238712
-2211.1488879218773
-2213.3601834145384
-2214.8722078913206
-2217.143603133645
-2219.421648403381
-2215.4078151997633
-2217.6302320405016
-2219.091330435962
-2221.2627218691473
-2223.4662234453062
-2224.954322910668
-2227.1777167466034
-2229.45514804665
-2225.470143660651
-2227.7522878080463
-2229.285911944517
-2231.5400681984543
-2233.7221223452498
-2235.1874084881624
-2237.3829428533268
-2239.633481223013
-2241.1118341196366
-2237.1235439678385
-2245.7487142282143
-2241.7893139063485
-2244.0500266296867
-2245.5347942323115
-2247.741230958876
-2249.950621473658
-2251.4232119003314
-2253.686948657602
-2256.029067864709
-2257.565734214931
-2253.6547568043075
-2255.9591870844633
-2257.4608930621985
-2259.705607200043
-2261.9007595301155
-2264.0971692559297
-2266.41075218096
-2267.9654602043415
-2270.314325067732
-2266.3958202625477
-2267.960848446128
-2270.299778282129
-2272.5757710328025
-2274.0169959599975
-2276.2738998775662
-2278.52346558174
-2280.062007555784
-2282.3816595135695
-2278.484476420875
-2286.350782452243
-2282.4095952992484
-2284.7038219426613
-2286.965461412838
-2289.230900737317
-2290.7417344389937
-2293.010963920625
-2295.376964086357
-2296.95037899189
-2299.3490211353137
-2295.4130644749384
-2296.98530656848
-2299.31603831035
-2301.6195106415844
-2303.1263401425254
-2305.430761983528
-2307.74480601084
-2309.299895292209
-2305.342284072127
-2307.7016534794875
-2309.2970678964766
-2311.632711018509
-2313.975434302512
-2315.5253654832572
-2317.871134162665
-2320.248968503112
-2321.831432077194
-2317.8986302610533
-2320.282900615421
-2321.8145593738727
-2324.21428482949
-2326.543233344015
-2328.073024678888
-2330.4232066601526
-2332.7890914993654
-2334.3678184089663
-2336.7353401648047
-2339.115184226939
-2334.452959952795
-2336.862505685391
-2339.232631128178
-2340.7945024373644
-2343.143767338543
-2345.514119534384
-2347.1397225422475
-2349.487417277713
-2345.579831231466
-2347.180107673602
-2355.864502353001
-2352.0199792702856
-2353.5493585924073
-2355.9252206792466
-2358.3498492776866
-2359.938131728691
-2362.3493519989856
-2358.478141643534
-2366.368038704712
-2362.503772704558
-2364.9231157076983
-2366.5072671016865
-2368.9029147720435
-2371.263062421121
-2372.881302048167
-2375.2559553910733
-2377.672872781694
-2379.277038852313
-2375.4230184756407
-2377.889938630121
-2379.5237783139855
-2381.9832092191887
-2384.390908604959
-2385.9991884623832
-2388.4472767730153
-2390.8604783634173
-2386.17079973199
-2394.0945914956774
-2396.501129258703
-2392.6464468023364
-2394.2474501546185
-2396.712898517286
-2399.15626592667
-2400.777525559715
-2396.923851090918
-2405.687461399519
-2407.3324790540496
-2403.5169687133457
-2406.000917099784
-2407.6278836020138
-2410.126281255262
-2412.581161633477
-2414.2217984072295
-2416.6553075554025
-2419.08175194987
-2414.4366959443464
-2416.0748520372736
-2424.7683175949705
-2420.935207222115
-2422.5952330107593
-2425.0826887948856
-2427.5848003702763
-2429.2100348708855
-2425.421058803625
-2427.933151979856
-2435.8937828615262
-2432.071403114571
-2434.5363472183362
-2436.180945167805
-2437.8662897973327
-2440.3731195879286
-2442.8566156598235
-2444.533112964938
-2447.0195299338516
-2443.215384891781
-2444.8620152062017
-2447.34298925408
-2449.8349427621047
-2451.4804834344573
-2453.1553676526605
-2455.686819176341
-2458.2067578836754
-2459.8551392979266
-2456.109653859176
-2458.649020449382
-2460.338944698866
-2462.8610479449553
-2465.3624217925694
-2467.0436129778845
-2468.7404757339186
-2464.982172897005
-2467.502424802781
-2475.477260080619
-2471.7406018907795
-2474.3062464441023
-2475.9689709735985
-2478.4745291051922
-2480.9883882035224
-2476.3881200302217
-2484.3464335376684
-2486.8559456897087
-2483.092051707041
-2484.794518670417
-2493.5674591371508
-2489.855267442545
-2491.5818189339084
-2493.3074164704926
-2495.921030049067
-2492.269079486601
-2494.005036867197
-2496.6169696751886
-2499.1609218550766
-2500.8404360384316
-2502.553072347878
-2505.0681809720545
-2507.5767939367693
-2502.987463001242
-2505.5101704580934
-2508.0749581998884
-2509.7747375543036
-2511.480002443845
-2514.052516362466
-2516.6694847901986
-2518.3913165346175
-2514.701482146205
-2517.2904791682286
-2525.3271709597557
-2520.766363811947
-2523.364282304091
-2525.9556022200854
-2527.6896852578984
-2530.28784242618
-2526.5764357995563
-2528.2834389157074
-2536.2765584152944
-2532.5601347851725
-2535.166431041629
-2536.9071520551543
-2539.4966422664625
-2542.0985484162643
-2537.545340457819
-2545.5490686189787
-2541.876578775285
-2544.4794795783896
-2546.247290556549
-2548.023450011128
-2550.697263027402
-2553.332831408582
-2555.0872535398485
-2557.7207529606717
-2554.0568750575167
-2555.8104415782445
-2563.812584159471
-2560.134890701029
-2562.7368399455872
-2564.443370025779
-2566.215281102807
-2568.8139652152295
-2565.094454281785
-2566.8531701761526
-2575.820617337394
-2572.1943059018836
-2573.982856335127
-2575.743274223775
-2578.425775387404
-2581.120776197154
-2576.5692679905524
-2584.6201787077202
-2587.2546735184073
-2583.5620561983233
-2585.334850245156
-2587.098147715715
-2589.7069092660595
-2592.3401342698967
-2594.106151168272
-2596.7330078137993
-2593.0713998091605
-2594.831805082341
-2602.908897598737
-2599.2537624534157
-2601.9417359877993
-2603.7063194945995
-2605.468640366578
-2608.1100485655033
-2604.490944655587
-2605.9244440069747
-2614.2273567383204
-2610.5417468061987
-2613.1676435220256
-2614.8527485112213
-2616.607396394404
-2619.2146531211974
-2615.6362695826515
-2623.5649099823263
