0.9284161304302613
-1.9453429655673982
-3.472316951255269
-2.2811498745388814
-2.3636224511463304
-2.285269746782866
-2.2926351719961264
-2.3442534302933824
-2.3510119024176492
-2.346132649252421
-2.3323882379683107
-2.345450656832401
-2.3508855457039584
-2.3877502642359647
-2.3860787225344
-2.3564970517357855
-2.3697641869383643
-2.3945155503282494
-2.3940434101916974
-2.422202429897846
-2.4282610433319824
-2.4255218960213867
-2.4170525825466105
-2.4456421759138376
-2.461482260435675
-2.4496225411540355
-2.4660651427950318
-2.4959273182650126
-2.5055062987440033
-2.5003873630037092
-2.5222181923132347
-2.5357072934052463
-2.5529797538371928
-2.571233799910175
-2.5814541969072313
-2.5854213885710764
-2.6040631814775095
-2.630796191706644
-2.6343223520319765
-2.640432668159658
-2.656299555712761
-2.6778806368262567
-2.7037852137426714
-2.738783824738994
-2.755902937455224
-2.7653977714413993
-2.7912763616072325
-2.821450385943086
-2.8127469562307996
-2.8223863486676297
-2.8672043675821204
-2.8990645977077407
-2.9138353459224247
-2.9249496568327067
-2.9500124495348268
-2.983620168056127
-3.0019569671301847
-3.010258601837226
-3.0251265896411477
-3.054381721484967
-3.0932131152556535
-3.104572864638267
-3.1322658638131986
-3.1836350813697214
-3.209195610750729
-3.2233203534328205
-3.2432931738698216
-3.2802826837117847
-3.3160572995387243
-3.339791628602436
-3.365692452712924
-3.3868838568317368
-3.411173481864458
-3.4490236722430154
-3.487590372710111
-3.5297019330764443
-3.5649483459291664
-3.5880478776667775
-3.6140568181325903
-3.6514597004421954
-3.695808027729759
-3.726463232578107
-3.74489787102858
-3.7904675386321265
-3.826396245553147
-3.847796938425162
-3.882418430663251
-3.9307406545774435
-3.9781685917359564
-4.010052753098871
-4.043043924350751
-4.079340687179305
-4.1261961611020155
-4.178623819066732
-4.220357134439645
-4.236912178471638
-4.2712530468806715
-4.312492721172315
-4.354045125361155
-4.394143311880825
-4.44164318851336
-4.498207676460519
-4.547180356982013
-4.577075895562671
-4.611462623431006
-4.659416543857922
-4.70535806677116
-4.754686769561103
-4.799718784846957
-4.848306734195265
-4.89508561357789
-4.94420126201309
-4.997526904264141
-5.041175226303049
-5.074533935646703
-5.12447422660432
-5.176644331097215
-5.221675795691874
-5.272865631390097
-5.328835596784748
-5.389401456526048
-5.435091364680117
-5.481387973688192
-5.530411807505139
-5.586278356403602
-5.650348715259563
-5.7115660368868
-5.742870121635814
-5.78471686295229
-5.842177811784247
-5.907321883070192
-5.965757266253137
-6.016834331427507
-6.077051069636585
-6.134580866695633
-6.195460289678816
-6.246923584856659
-6.298471287679563
-6.364294495886227
-6.428662106065112
-6.471431390463024
-6.527597216625796
-6.595712403071752
-6.658407275761679
-6.7158421367500996
-6.777821488098099
-6.844779519669648
-6.901838218354239
-6.9592178657737644
-7.025806230406593
-7.089368613632644
-7.153964142506301
-7.222891885307555
-7.28698226782914
-7.3491780068913375
-7.417090312203664
-7.4832940325471915
-7.546563265119789
-7.616620319843912
-7.676230111962222
-7.738845746951576
-7.808812025228912
-7.88309740878381
-7.951555529025553
-8.018541671342426
-8.077982826350624
-8.146971686918972
-8.217825668449771
-8.29135269749273
-8.374800386989099
-8.444406700776577
-8.515198421441214
-8.586226478600311
-8.659070876986224
-8.73011321318358
-8.807658530666433
-8.883081361816574
-8.957120962989949
-9.01992187483379
-9.090175887925538
-9.166588097872348
-9.265590380831364
-9.346342077532087
-9.420893666376099
-9.494805122716388
-9.55867148803123
-9.637158195603163
-9.717435952800988
-9.795976442090845
-9.874778559264405
-9.951105438725804
-10.03823117792573
-10.122266825191675
-10.202927345498274
-10.286641274262559
-10.37348669738116
-10.459605526405568
-10.528878060815456
-10.60723134428419
-10.694397469503132
-10.780132995910757
-10.859480045262464
-10.943643715225337
-11.032694116208527
-11.125788008644436
-11.214527487894408
-11.311678456301884
-11.39731265496411
-11.477632770225643
-11.565766620209102
-11.656898977075308
-11.735653927047231
-11.82310023650217
-11.913059838058098
-12.000504050737248
-12.088706792380737
-12.18497811256176
-12.283163777861583
-12.372522345333358
-12.461200358384884
-12.555845983737038
-12.649435186294365
-12.738872486684372
-12.838516532827347
-12.934063594225131
-13.031066272017274
-13.126965302269038
-13.222248415536034
-13.318119507170866
-13.41887262607899
-13.508825438194345
-13.606089324039441
-13.71239007476294
-13.798388433028636
-13.902431402400717
-14.00433149734254
-14.096636305981354
-14.202704394450741
-14.306283218453023
-14.410282661992241
-14.51652282971829
-14.617470637224836
-14.714085049568963
-14.81318337949891
-14.913911342109007
-15.019677040073926
-15.120759448341781
-15.219737430875464
-15.327715282262137
-15.434061297178587
-15.541405988217255
-15.636001665952314
-15.73642047781758
-15.8609360843234
-15.974962310852362
-16.07590942525162
-16.18632893689678
-16.297350168395067
-16.409156654661018
-16.517501654252975
-16.62070026496292
-16.727335745014365
-16.841076726226852
-16.96208468579645
-17.065368325276935
-17.168442274957705
-17.29249459478698
-17.412984959879754
-17.521994553044497
-17.62672208669965
-17.73591139436776
-17.854228931146118
-17.976133425443546
-18.089997693815782
-18.197010339353767
-18.318680455290593
-18.440837586182766
-18.556208184112545
-18.673661332719185
-18.795974179491786
-18.91135780181857
-19.028224343964926
-19.14137709621658
-19.258571826498226
-19.380585546183493
-19.507109670005335
-19.634092270805176
-19.75184756867099
-19.866799317022807
-19.989204845900417
-20.113700501550404
-20.23699169324013
-20.367117027413915
-20.481535385347073
-20.610462929819207
-20.739492195607177
-20.862286067444945
-20.9819597888643
-21.112043260151946
-21.24676545066714
-21.370587784746895
-21.479986999996775
-21.612176852150295
-21.75092775402305
-21.88364149311132
-22.007435240503224
-22.135310417648867
-22.26634558102816
-22.39206889570869
-22.53039308030376
-22.656402611801052
-22.794990018087876
-22.922733960722358
-23.052136070947995
-23.192251558579002
-23.32770978777112
-23.457033345676276
-23.588116040754883
-23.72653608580552
-23.865633698499185
-23.99064165253273
-24.12413131626118
-24.273902293003115
-24.407534474633966
-24.5406083913555
-24.673495742008434
-24.819283763022824
-24.959600609403026
-25.103426377085782
-25.230702811282224
-25.371347453029657
-25.513198377005686
-25.653506956574052
-25.793941183595148
-25.93033635454549
-26.0776184098274
-26.227345380867416
-26.37069376586632
-26.513472763067977
-26.653136446238545
-26.796154095500206
-26.950308306041215
-27.0877637959959
-27.229086064250332
-27.376551415945197
-27.52305342166301
-27.668678584913405
-27.81210629814807
-27.962842758779203
-28.119698906898932
-28.271681003475678
-28.421736557246387
-28.565627054759336
-28.713106997957226
-28.86561232328706
-29.017396852124172
-29.16928900876035
-29.317983072727348
-29.46778029538717
-29.626396580322005
-29.777035434304427
-29.924179831205283
-36.35416767394068
-36.516033535796325
-36.67745175918669
-36.829932686265735
-36.979893038754035
-37.13511019411005
-37.306709473083835
-37.458200378685255
-37.60805694291023
-37.76847725981206
-37.92450024610859
-38.08726438640525
-38.24665935066231
-38.40698226352232
-38.566158466998196
-38.733044791256816
-38.8960323097469
-39.05157131464933
-39.21108159974229
-39.371556487295514
-39.53450855655163
-39.702197974145975
-39.86752072750187
-40.02802216661437
-40.17629850496121
-40.33723371731196
-40.50511863986168
-40.67685283644502
-40.849048772145785
-41.00720284944191
-41.170359843658936
-41.34542011457311
-41.50786321415864
-41.676036430519915
-41.85301732451914
-42.018770441488414
-42.189584841185265
-42.360835025734374
-42.533293022299794
-42.70314828702679
-42.87673218853112
-43.043155076640794
-43.21855439358289
-43.396187233174416
-43.55696807024927
-43.73190312366184
-43.91380976378913
-44.097235964883566
-44.26851747584935
-44.44194146049172
-44.62347353238459
-44.80286494922781
-44.97540129206623
-45.152317305680086
-45.33215719389146
-45.510639183417204
-45.6807800259653
-45.859049976929214
-46.04254929892361
-46.22994948442314
-46.41077696350293
-46.58655869469061
-46.77105221651521
-46.95514821388931
-47.1350375957503
-47.3175139643072
-47.50393301852651
-47.69615823808975
-47.87649593311855
-48.05861703070264
-48.24536770139508
-48.42853571207114
-48.61140963266803
-48.80503867453054
-48.99537618906825
-49.181447414690396
-49.38091301293986
-49.56587557091097
-49.75284479655206
-49.9422463251094
-50.13201088983073
-50.3292013768321
-50.529820401570106
-50.719924101385935
-50.90247140900479
-51.086502255355484
-51.290233163633026
-51.493393273227184
-51.682977433813235
-51.86453494489778
-52.06170182355759
-52.2725822147627
-52.46950796817331
-52.65873920396604
-52.86576369232143
-53.08151369616812
-53.266526496027225
-53.45652984878177
-53.65924377116519
-53.86112415763148
-54.064511221806214
-54.272219003822585
-54.47139688937528
-54.66748979454103
-54.87902045863528
-55.0908482014434
-55.29958682570139
-55.51628638534173
-55.722655995172644
-55.93194551828477
-56.150505009403936
-56.35670659677853
-56.55253504352001
-56.7694013373566
-56.99172641086277
-57.20208512208586
-57.40883670187944
-57.62101776509889
-57.845517822999696
-58.06934049681284
-58.276465207135466
-58.48351951171037
-58.7055781470398
-58.93890318251566
-59.1614267403037
-59.36700240706742
-59.59724739617862
-59.83564802833634
-60.06149687751402
-60.27759293547788
-60.50169318584958
-60.73814918004501
-60.979021193294216
-61.203088420838505
-61.42612584512458
-61.67144879462608
-61.91735431414866
-62.15827285790548
-62.37006053081458
-62.60641241072884
-62.84942728790937
-63.08435637360349
-63.3480224988735
-63.59580259252708
-63.817070544989384
-64.05301628453729
-64.322954798786
-64.63664313735384
-64.8304569151287
-65.0658171183726
-65.33695098574985
-65.56638071799034
-65.83556646614868
-66.08230824368069
-66.33136252434295
-66.58199378562453
-66.8327089983494
-67.09711608701804
-67.36145571300985
-67.60529196724721
-67.8617119079919
-68.11890686881651
-68.37576375693405
-68.62922322329753
-68.88338722156726
-69.13086489857542
-69.39506939852491
-69.65944703470127
-69.91048039525121
-70.1785013285522
-70.44581252856439
-70.6988228163896
-70.94761337447093
-71.20662723276456
-71.4613071401147
-71.73292078890732
-71.98650327250132
-72.22844001594328
-72.49354252851802
-72.74865716824087
-73.00407386201836
-73.23713039044479
-73.52195442432546
-73.76879323914959
-74.01816231039987
-74.28510705934356
-74.51913821717316
-74.7657038550749
-75.0438453911252
-75.29908054501094
-75.5440896059143
-75.79444734405396
-76.02640564670885
-76.28536261000839
-76.54131605910567
-76.79153670895126
-77.04124323650942
-77.29894746161585
-77.56461412639669
-77.81989106941897
-78.07165493772817
-78.31825881841864
-78.57886837302439
-78.85050494359335
-79.09054651366708
-79.3379093507939
-79.59743547817888
-79.86828694592867
-80.12605952614231
-80.36761788597603
-80.62655815038151
-80.89513783944197
-81.14951226956794
-81.39616868733093
-81.65326310129825
-81.91669967081111
-82.16876419805344
-82.42036381198167
-82.69163239051937
-82.95905714289404
-83.2104212185217
-83.45065021125124
-83.7120501068485
-83.97095563166297
-84.25405868586839
-84.5275881099507
-84.77981739341367
-85.03700788373894
-85.29526972161779
-85.55658025859698
-85.8238383459727
-86.08911089512932
-86.34539229020396
-86.6127935215515
-86.88236477900364
-87.14737040449809
-87.41401227149328
-87.6891977100818
-87.96147023550274
-88.23168690781775
-88.5033632625179
-88.76626893098044
-89.04323022835422
-89.31763462519146
-89.59116115416089
-89.86358869992095
-90.14642485313975
-90.428102920656
-90.69148862862242
-90.94811105498778
-91.22938632256017
-91.51836875550987
-91.8256787473937
-92.10512240989247
-92.37772808147311
-92.65130182432014
-92.93767443189759
-93.23061312996208
-93.50481829344663
-93.7842561090452
-94.09154980257595
-94.39861247286264
-94.6654606862496
-94.93849533891834
-95.2438059382376
-95.54196770853154
-95.8420763396678
-96.16186432351145
-96.45233312269674
-96.74479501766031
-97.06044617627384
-97.36562490834837
-97.68905756300255
-97.9963645465669
-98.32061903087413
-98.63620772937378
-98.94137587826827
-99.27439027741443
-99.59767990707637
-99.9196224661561
-100.23574923245009
-100.55334440832102
-100.89384274941298
-101.24961470885809
-101.56223145996537
-101.87827866138389
-102.22148238569534
-102.51459101200653
-102.83671030594492
-103.18339837015046
-103.51070214457984
-103.8544058245194
-104.18003489959025
-104.49980250655476
-104.79773212348923
-105.12949980429235
-105.4660706505574
-105.76447862629814
-106.0860770918138
-106.40380970010865
-106.7035841499761
-107.03119646074406
-107.36390462003729
-107.65610289538175
-107.97650863653476
-108.30781921471107
-108.61740352860525
-108.9113247483355
-109.24271984606433
-109.5482769813311
-109.84937481912937
-110.15320980135145
-110.45010523743356
-110.79101335728417
-111.10372330935613
-111.40539583346744
-111.70229879106182
-112.00854191363781
-112.30963796432522
-112.65399076018254
-112.9618262170766
-113.27541375850433
-113.58692023094781
-113.89403703276069
-114.2011233200384
-114.51348322595871
-114.8206507630234
-115.13266963666896
-115.48741753404549
-115.80615961617093
-116.12740108975066
-116.4471312809215
-116.75807093563677
-117.06988333104144
-117.3839592049236
-117.70643395642612
-118.03713027129248
-118.3598037612288
-118.68339784518842
-119.00890381446953
-119.33587444818617
-107.10395155705889
-119.99637057196439
-120.28789591435837
-120.60886771801886
-120.9664198990625
-121.31389210687966
-121.64171990936019
-121.98549258850623
-122.33529798565537
-122.68907718983075
-123.03912290786937
-123.34031496966885
-123.68629497970647
-124.05685939407087
-124.4026295524819
-124.76066404682356
-125.16204254292157
-125.47111771815847
-125.80912335735391
-126.19864411731939
-126.5877006763902
-126.97673248319255
-127.33325840236034
-127.67697707609811
-128.067292905209
-128.47019122076117
-128.835364678884
-129.2131739225054
-129.60374110686482
-129.99223219887577
-130.33712695740704
-130.72257658065413
-131.09989279834613
-131.4242948499203
-131.8108027591813
-132.19938087129512
-132.55632396795525
-132.89984643466073
-133.272309914508
-133.62812269342265
-133.98314706998949
-134.37390603765076
-134.73382162783224
-135.07860207220267
-135.4134282747865
-135.7583402023419
-136.1443054983469
-136.49818960908567
-136.84972141998273
-137.1960851235762
-137.55123549352177
-137.8974863937373
-138.24998250970003
-138.5968556269327
-138.94181066995375
-139.29446007258554
-139.65580647284557
-140.0514669924436
-140.40584308171864
-140.75480619130335
-141.11153187613024
-141.4393961608921
-141.8008992580819
-142.16495987462363
-142.52543946409025
-142.89114504560015
-143.25778711154783
-143.62439020083107
-143.99102123508894
-144.36766985599957
-144.706750564083
-145.07898596522284
-145.45366026302239
-145.8325839332948
-146.2201316318852
-146.57345132118243
-146.9528486529715
-147.4063446308376
-147.70108929534823
-148.10228967234667
-148.5678244766339
-148.90096556904547
-143.08159251813274
-149.6675886742961
-150.03892883633705
-150.4544888355778
-150.87962880791858
-151.25538137741114
-151.662871981341
-152.07848715397978
-152.4577628936107
-152.88783840966119
-153.31308383400926
-153.6906915989404
-154.0781680814276
-154.49662347183087
-154.93031231788643
-155.31646166731596
-155.68600030276525
-156.05946165659876
-156.4756694058819
-156.91840982170854
-157.3022845263052
-157.67314909514124
-158.04651768786067
-158.47222377330667
-158.87645426235997
-159.277098779776
-159.65450920122743
-160.0261990411402
-160.40029168780464
-160.829535849882
-161.23906887008604
-161.6302419996769
-162.01572496923492
-162.40165487256175
-162.7926218922384
-163.17998649328862
-163.55962219587514
-163.94960544710025
-164.38756011442746
-164.81409344188103
-165.2098931826361
-165.60411419976984
-165.99945185141672
-166.39947358418414
-166.78484106428277
-167.18775843506484
-167.59137433088546
-167.99224186136874
-168.39937867519203
-168.8094866112976
-169.21503096263467
-169.61326803186438
-170.02536034614047
-170.45729186846407
-170.86676962465734
-171.2827971973049
-171.70586529095056
-172.1323090715323
-172.55160825408342
-172.966106878967
-173.40097595862198
-173.82837499685184
-174.2617645141691
-174.69243613768626
-175.1235853525452
-175.5196421705584
-175.904282805706
-176.34485941497144
-176.76950721147168
-177.1956171228534
-177.6292313855065
-178.0654664508219
-178.504261035963
-178.95352515903937
-179.38614171037247
-179.79371220634465
-180.17977147784444
-180.61062895806467
-181.04932447488676
-181.50229934029022
-181.95443000815555
-182.3505494633886
-182.7380684142221
-183.19297779891173
-183.64612587063664
-184.09030842831453
-184.54035865707993
-184.94266484689405
-185.347964526118
-185.81050480723306
-186.25730401927083
-186.66725795093944
-187.07749529603305
-187.52238495508496
-187.9828920254917
-188.44119419762623
-188.8674519987838
-189.28002852612443
-189.74246329440172
-190.19976855622687
-190.60879021988995
-191.03542421581486
-191.49672698551126
-191.90580453349529
-192.31961134020307
-192.79050785373533
-193.2311856902671
-193.6535823580237
-194.11171111313922
-194.5829935008795
-195.00745359879969
-195.46490381468902
-195.93136456901857
-196.32726153514807
-196.78986252130187
-197.27805551108767
-197.69553627622247
-198.14420884132272
-198.57381264256716
-199.0407253267273
-199.5410900253109
-199.96792601545081
-200.43751667641718
-200.93751465308262
-201.3583772900213
-201.80672002214706
-202.29438310394454
-202.73464071795135
-190.62171392015858
-203.63342575224257
-204.1435167544377
-204.6547639459006
-205.0694333149877
-205.52157992140718
-205.97360660009824
-206.49544864706408
-206.9033571251282
-207.4105089648635
-207.9057291721004
-208.32247057669443
-208.78549899670767
-209.24368970872973
-209.6945816384012
-210.1547930637273
-210.62543096365036
-211.08609158382953
-211.5371646955529
-211.9906253447187
-212.4520416478213
-212.92169052459116
-213.38784624517737
-213.8379907387842
-214.32054056492376
-214.74511532202848
-215.1964885466389
-215.68551613755815
-216.1290901174496
-216.59815269060036
-217.08252996518593
-217.61073572964455
-218.0601167463379
-218.5709763839787
-219.01822385165744
-219.47144703666362
-220.00596054799166
-220.4739512134199
-221.01507878856032
-221.48246760444334
-221.94124584523976
-222.50206487470751
-222.95673362065165
-223.52816899417257
-223.95289554003512
-224.45611710370588
-224.96717095023857
-225.426645635934
-225.92452010233018
-226.49713041514724
-226.89571944001264
-227.40907714741877
-227.8986045030859
-228.33614626521702
-228.84189173425062
-229.32959802788892
-229.768609261735
-230.26821258334135
-230.75063502171815
-231.18818291104844
-231.69219324912083
-232.17901491044196
-232.61122027037533
-233.10792039735074
-233.61758897034642
-234.07268270450015
-234.51517409084968
-235.0254601802042
-235.53845365322522
-236.00781010069505
-236.47162887714182
-237.00406097666152
-237.548075127517
-238.03908167439485
-238.5313430047681
-239.0859302751443
-239.6671563005107
-240.1779083558683
-240.6822510143999
-241.2499529631077
-241.82642309725577
-242.3927456234373
-242.87112445674398
-243.33217029820577
-243.88984756702905
-244.42643797191369
-244.90686305149214
-245.38940527767687
-245.86911860709066
-246.38963682755897
-246.92038501430463
-247.39454783811942
-247.86485304526298
-248.33054062102602
-248.79119903583586
-249.25721601980354
-249.78606286224104
-250.30382419088627
-250.7802402214523
-251.26030782448888
-251.73046775864702
-252.2061217241214
-252.6972026920984
-253.23679521610256
-253.80973522293334
-254.31929056688008
-254.86653715808006
-255.40954672430047
-255.89990616552691
-256.44714778047353
-256.99938897848256
-257.55909363047726
-258.1469342034861
-258.7806138299048
-259.4420306342752
-259.93532881517797
-260.48497581488203
-261.0287018791687
-261.55984573814504
-262.07969126438076
-262.5959769118548
-263.09901450268814
-263.5992072896024
-264.0967102936478
-264.6038511819869
-265.11433998067986
-265.60512713431433
-266.0907282293448
-266.5710167048897
-267.0640000623004
-267.5713468822956
-268.08388290001113
-268.58898425876225
-269.1012486639877
-269.6102067977645
-270.1295433088175
-270.65657971394353
-271.19349509261906
-271.7610920392477
-272.34458164795535
-272.9252412850603
-273.4974324999092
-274.0916497614738
-274.7089221306325
-275.3197275783936
-275.9139354686993
-276.5205664806726
-277.1084892870096
-277.6816686318468
-278.24213122602896
-278.79195927827527
-279.33837710434403
-279.8733171915848
-280.3388387451137
-274.52836555457947
-275.0543559701424
-281.862958189569
-282.3859626944396
-282.9010379923595
-283.4315728541816
-277.6815556685128
-278.2213166641607
-278.7601366149462
-285.5774833420432
-286.07048765030765
-286.5708005521115
-287.13567191946447
-287.71206614511743
-288.31371203228497
-288.9404117352941
-289.5748863369173
-290.192189422504
-290.7756094505875
-291.34974466778027
-291.97876195374783
-292.5948180819175
-293.21519793692516
-293.83214019293996
-294.3597324897298
-294.86302824718496
-295.43291115430026
-295.9984270682574
-296.55637142168314
-297.1243036695331
-297.59979637435384
-298.09085189743183
-298.65143420957827
-299.2149026169608
-299.7736613672947
-300.2649512431231
-300.76419969918146
-301.3511647303618
-301.93244316360506
-302.5176163197267
-303.0694879172181
-303.60511369265265
-304.2537007379533
-304.89497997021664
-305.4808335330508
-306.07617310047385
-306.74176594887786
-307.40615893585766
-307.9914618089903
-308.5837220329531
-309.2242233429249
-309.87619785685615
-310.4410926868494
-310.9514928899691
-311.5316296686777
-312.1431157615681
-312.66037931075664
-313.16376951892215
-313.7585647180759
-314.3536049541202
-314.8595242886931
-315.3761506344973
-315.9761955912392
-316.5213161411719
-317.0639794842426
-317.6824529184156
-318.2543080633056
-318.84270843865255
-319.528419795022
-313.9169528189236
-314.5131877674235
-315.1257774664188
-315.8188399854293
-316.4200456293607
-317.02533418975844
-317.7031930620649
-318.2788294784152
-318.8550733360244
-319.5064080353023
-320.04784728616227
-320.5947285604398
-321.1403620139217
-321.68232242671417
-322.3075253967196
-322.8565176386119
-323.41614877898667
-324.0689157167902
-324.6365086130803
-325.21177449896487
-325.88628541897276
-326.4679321119858
-327.0682854292397
-327.69283070192444
-328.32643869557376
-329.04853419687043
-329.63442339405805
-330.26353354379563
-330.9004668749424
-331.5007374577753
-332.1802719018615
-332.77368523184794
-333.38580294675097
-333.97538355881227
-334.55056126307306
-335.12278920447096
-335.70386761433474
-336.35929041080163
-336.94054755084744
-337.5152231756858
-338.09447011613474
-338.6908752859264
-339.3012754722241
-339.9235633581801
-340.5462575587743
-341.17380749871796
-341.9094210014763
-342.5526136872161
-343.2095938121728
-343.85843252354664
-344.50510882792406
-345.146669622659
-345.7829234480234
-346.4187863432924
-347.04626294007045
-347.655015254714
-348.25783665485375
-348.85360214563707
-349.4568253338629
-350.0587776368783
-350.652020964503
-351.2587692597319
-351.87200977027385
-352.50481141899286
-353.1351608374247
-353.75956359250637
-354.3982231518168
-355.07001964315185
-355.7461686717881
-356.4189858019633
-357.1029513646232
-357.80148167389746
-358.49179555142103
-359.156207576477
-359.81480906944967
-360.4562144670079
-361.0049396768528
-361.6240742201007
-362.246983322981
-362.8738806105116
-363.5021907848904
-364.1305284216969
-364.7513897097414
-365.36271549814126
-366.00444856316545
-366.56279242249104
-367.2132229974915
-367.8738411745214
-368.54919092007003
-369.27146479362546
-369.8919718047813
-370.6125029180507
-371.3385399596323
-372.0709076140226
-372.77188058253444
-373.35145201585163
-374.0253686982867
-374.6957543081207
-375.3548334523024
-375.99760406597335
-376.5513899126675
-377.19466339868916
-377.8303372483923
-378.4526467102441
-379.1030825017926
-379.6674834349135
-380.33090593803115
-381.0168873654511
-381.61800471698956
-382.3166449396404
-383.0757151746466
-383.8419178268374
-384.61147875027626
-385.2469112093494
-385.9948015934327
-386.72988254460523
-387.34080124598916
-388.037617229734
-388.71627717726614
-389.2951340752051
-389.9640653810462
-390.60967469465476
-391.1662296809007
-391.82388283149936
-392.47536615020977
-393.0470349836687
-393.7346395670024
-394.43698753611665
-395.0535453796531
-395.6808669613221
-396.447515780071
-397.2397536875792
-397.9310214462617
-398.7371948053212
-399.51126285907867
-400.16516610721317
-400.9075472623937
-401.63798536891824
-402.24220036388147
-402.8313346332943
-403.51535188138115
-404.19361098977663
-404.7676721379977
-405.43603401281615
-406.10899478665965
-406.70525360115005
-407.30689699593785
-408.02900643979604
-408.78053970707606
-409.44855263680773
-410.1496701118471
-410.94922304572026
-411.8194805542389
-412.5345593769267
-413.2247514812056
-413.98915098902233
-414.75952604920985
-415.4023827651447
-409.73977404029773
-410.43492992485477
-411.13773298738465
-411.70298304342344
-412.2986048150512
-412.91928307374343
-413.61564127104316
-414.324227640125
-414.9540793970264
-415.6191646417696
-416.3071315799595
-429.70299610287145
-417.99638490199305
-418.7450734714849
-419.4921391857658
-420.21346345027
-421.003240263733
-421.808759136945
-422.4587646182427
-423.10138695047016
-423.729868789441
-424.45507818524214
-425.1742159269155
-425.78731778714797
-426.397562248528
-426.9850011763172
-427.75567191478837
-428.5270032197968
-429.20271444358724
-429.91454033924583
-430.66324978345295
-431.45573526065107
-432.2257676641902
-433.0992324764104
-433.96672790720606
-434.6750149120004
-435.35348430345994
-436.0098999238578
-436.65987017944815
-437.40164017195997
-438.1668790767556
-438.8050365685244
-439.44422987489185
-440.0554604404988
-440.7139227541503
-441.404873847763
-442.08879960630276
-442.92299508739814
-443.8066838176595
-444.60882338880333
-445.40617926692363
-446.1980791646163
-446.97279181521765
-447.70033560176637
-448.39542403314704
-449.06896938443276
-449.8570146510912
-450.634065901922
-451.29093184395055
-451.94935396560044
-452.6192704219073
-453.3011014595751
-453.9816872370835
-454.6821439958608
-455.4017511503348
-456.15315818293203
-456.9369245933245
-457.73010476372696
-452.38269816401237
-453.3011292068319
-454.0793771320261
-454.81939565718
-455.5297144154796
-456.23292928596817
-456.92172977572875
-457.60204894338307
-458.2713874816326
-458.9506254197153
-459.65435521257535
-460.3710580603817
-461.0867411218539
-461.83280955194584
-462.61236033343727
-463.41672980047923
-464.214201392255
-465.01121800409476
-465.8130197149305
-466.6083035728989
-467.49868913192057
-468.34399998455893
-469.07014769269364
-469.80376516125716
-470.5167908952254
-471.2248462106357
-471.9366279760475
-472.6596444374973
-473.40231399752395
-474.15399534177084
-474.9269604502188
-475.738872655598
-476.5523802736167
-477.3806982549567
-478.19033070415344
-478.989474059389
-479.7728210609604
-480.52951081613344
-481.2764410300889
-482.0189380802976
-482.7668871223166
-483.5183021424532
-484.25637906203684
-485.0070022845132
-485.77028848320145
-486.5519092986804
-487.3459286551809
-494.2990486849501
-488.7035905549889
-489.5436384417489
-490.3692152328598
-491.18791988830316
-491.9929063094921
-492.7814584805688
-493.5657651446575
-494.3321333592877
-495.0850890904612
-495.83945337288367
-496.61301640329367
-497.39169679438567
-498.1837297857589
-499.0000200041489
-499.83532307774345
-500.67525164548135
-501.5228635926799
-502.3494872280742
-503.1564452488081
-503.8291655824745
-504.5033767510137
-505.3089194176963
-506.10075190651685
-506.90156071965947
-507.7026490689927
-508.5000493211219
-503.0341900873853
-503.8449517344113
-504.6745190017595
-505.4985296102953
-506.3366660339622
-507.0456814310122
-507.76389544184514
-508.6179205473386
-509.4529820755081
-510.27200379036515
-511.09747926471005
-511.9138048222221
-512.7183389957949
-513.5185169881134
-514.1937718790188
-514.9114397356248
-515.7674903754056
-516.6273871301591
-517.4853562583703
-518.362272980506
-519.2269085928154
-520.0710013943653
-520.7623784272984
-521.4514576811547
-522.2966672411765
-523.1261987442706
-523.9654554275567
-524.8222133316585
-525.6914194209788
-526.5498700200823
-527.2542560263515
-528.0038800390965
-528.8766475729623
-529.7369755098376
-530.6005899753344
-531.4765090430641
-532.2075092265176
-532.9480882840306
-533.8125539902549
-534.6551615578171
-535.515354015087
-536.3852368135955
-537.0937896855136
-537.8098248591057
-538.6768215668408
-539.5704777506448
-540.4842623845427
-541.4004975875168
-542.0765300835487
-542.90715843806
-543.8033541557156
-544.6754195090843
-545.5314653929913
-546.403330827403
-547.1351738905909
-547.8541817116559
-548.7412402550178
-543.3502270786759
-544.2667435390898
-545.0177487309343
-545.7986603225169
-546.7129255790286
-547.6390686835849
-548.547677815002
-555.5729606110446
-556.3238801803958
-550.9411885392105
-551.8565642697052
-552.6034632457581
-553.3369561967853
-554.2344888655687
-555.1447043678144
-556.0594895089341
-556.8021795849653
-557.5901801263957
-558.5405117545102
-559.517983782162
-560.2993030163872
-561.0781757165643
-562.0147478045498
-562.9266581753733
-563.6738548508963
-564.4133024232418
-565.3024579531402
-566.2054529866775
-566.9734969071898
-567.7847945712678
-568.7509869599734
-569.7415698381018
-570.5471685070755
-571.3603138117448
-572.3089045152823
-573.2338437996314
-574.0036944653767
-574.7717218459186
-575.6894155425026
-576.6262114925603
-577.4234667991501
-578.2068620873254
-579.1685753044043
-580.1389403656879
-580.9426885943118
-575.4972351261626
-576.4659259573556
-577.2889740806027
-578.1037175866788
-579.0716021800887
-580.0255698585048
-580.8039460091262
-581.5935824510179
-582.538603680506
-583.313184568275
-584.1228009396306
-585.0998341228321
-586.1101202426491
-586.9918174956329
-587.8280996604273
-588.832129768701
-589.6790225913489
-590.4838842770374
-591.4393212849515
-592.2182803469473
-592.9977553717534
-593.9556721410152
-594.6862402198396
-595.5987374916634
-596.6222054326746
-597.4784946917996
-598.3801966802392
-599.4173408829273
-600.242059118307
-601.0943678819671
-602.0699516594216
-602.8675985642202
-603.6687233390979
-604.6447290150064
-605.4789287012815
-606.32665318435
-607.3357946284075
-608.1960684844188
-609.0991662924803
-610.1483029072668
-610.9952481387072
-611.8646716304338
-612.8790451988971
-613.6559389611114
-614.560286226028
-615.5522077208409
-616.3082204350219
-617.2247431581864
-618.2554703587774
-619.0960256012527
-619.9789642715322
-620.861343302408
-621.7967336915118
-622.8746249855574
-617.4470288635316
-618.3304546532034
-619.349931480484
-620.1181584770261
-620.9992219196878
-621.7590506132798
-622.6911337612055
-623.7587843133809
-624.6409406115079
-625.5905077508825
-626.7115361502471
-627.605217194507
-628.5059463537292
-629.3231861360114
-630.2214672655388
-631.2241238071807
-632.0069681096453
-632.9346037655637
-633.7485077137271
-634.7232791126299
-635.8665990034626
-636.794901531313
-637.7380582569356
-638.6346603359775
-639.5368536844526
-640.579937166603
-641.4241593085187
-642.308623094287
-643.1894427213133
-644.0890720898007
-644.9381309113974
-645.9301547809129
-647.0677953445414
-647.9835501548118
-648.9234381486998
-649.8277958766782
-650.7393164481626
-645.5417275504119
-646.4374671652331
-647.3524148393662
-654.5186626625147
-655.4259846026741
-656.3045233650181
-657.28643419032
-651.8833009960051
-652.868448761971
-654.0501903410579
-654.9975381753411
-655.9312036081658
-656.8340920127365
-657.75140449007
-658.6108840265955
-659.5423155623234
-660.3947789485333
-661.3657743693439
-662.282330898322
-663.3294466454794
-664.521511184929
-665.4971374036655
-666.4618180176182
-667.3883005505544
-668.2595270392736
-669.1581915826322
-670.0644194700409
-670.9835488854691
-671.9687328300244
-672.9038800325375
-673.9582997489022
-674.9436184569465
-675.985442139084
-676.9378007559313
-677.8782815690913
-672.5109680878369
-673.4245294466721
-680.625623495205
-675.2945060679813
-682.5244789145758
-683.5679805046061
-678.5141390873921
-679.5010759496485
-680.5228299202298
-681.4683429079043
-682.4164958343539
-683.3466951199405
-684.2877673070063
-685.2319556292998
-686.2283479774261
-687.2048304262051
-688.0175274730841
-689.0848081520338
-690.0879165786502
-691.1145207933536
-692.0775989042754
-693.0435038637444
-694.0046190770778
-694.9740355389423
-695.9325979443629
-696.9126770782357
-697.9476152461311
-698.9699512286334
-699.9969773338553
-701.0222105116966
-702.0443383620936
-703.0508973151686
-704.0455922766743
-705.0242177036356
-706.0049119622256
-706.9950826726053
-708.0139195724216
-708.8340745301238
-709.8514266822907
-710.8929339378802
-711.9502321201587
-712.9988954976636
-714.0155150615938
-715.0122447625376
-716.0080940252604
-710.7236406857367
-717.9966478486524
-718.991991682086
-719.8030642938165
-720.8916154548614
-715.7118779731029
-716.7817925012595
-717.832216004613
-718.8151763846629
-719.8593300424404
-720.8196667275542
-721.8169371188237
-722.6319375288085
-723.6687469572238
-724.7231005127926
-725.8711861704166
-726.9808794322654
-728.0771158409647
-729.0996070069215
-729.8986552021975
-730.8982609944455
-731.8814928919022
-732.8899171604824
-733.9610432909957
-734.8350026239323
-735.9875613519763
-730.844866855986
-731.9475522369928
-732.9793742886238
-733.9826907872217
-734.9818387334742
-735.7814899604706
-736.7985463383557
-737.8767306417318
-739.0373036232687
-740.2094263150246
-741.1169996528403
-742.2161883138278
-743.2669302224785
-744.2815033142591
-745.2753934882132
-746.087145907952
-747.1386502922286
-748.2668943093298
-749.1961018431377
-750.3931800124466
-751.5363193903173
-752.6239110838842
-753.662665909749
-754.4783565908808
-755.495833277372
-756.5239746650255
-751.3357660698263
-752.5050005810892
-753.4580249809976
-754.6340957424349
-755.7883321628117
-756.6575365592754
-757.7010823609791
-758.7282884655853
-759.5566657475338
-760.632167849227
-761.7493653961573
-762.9291672452152
-764.1255049791016
-765.0823469893584
-766.2185103765078
-767.2898976670311
-768.1124844765725
-769.1625844342681
-770.2515228045839
-771.1482700247288
-772.3052615339592
-773.4885424174108
-774.4675982086967
-775.6532397822133
-776.7615309925782
-777.6211672398316
-778.6818443116358
-779.771123049606
-780.8818036719472
-782.0365844150449
-776.6955136273006
-777.9378217142286
-779.116180789679
-780.0252111137372
-781.1269012189155
-782.2221692143268
-783.1016362321623
-784.2091991379571
-785.3532429294447
-786.314424039685
-787.2975248300718
-788.5387678654889
-789.6950765256296
-790.6062560179755
-791.7129618491839
-792.8265174893671
-793.7188001748676
-794.8544198623033
-796.0390239715329
-797.0247955822856
-798.2853860109904
-799.458177811838
-800.3747026560515
-801.5063525563005
-802.6548022149242
-803.5439102984102
-804.686947869946
-805.8962459401552
-806.8942776347792
-807.8910466923829
-809.1165141478671
-810.2769853043436
-811.2088610702132
-812.3228288354122
-813.4661296924813
-814.4035190368987
-815.3650620169927
-816.605350507645
-811.580357769429
-812.5782162189906
-813.7710285314024
-814.9134067585787
-815.8400687663556
-816.7766624950697
-817.9122596622648
-819.1255671851352
-820.1532679902152
-821.4522585301015
-822.6606289196022
-823.6198106150165
-824.5856012337582
-825.7435259738664
-826.8999542223745
-827.8318825890807
-828.8236476376359
-830.1065385918154
-831.3716566056357
-832.3881510284783
-833.6267689578843
-834.7799005475257
-835.705469240106
-836.6817771823082
-837.8605441658349
-839.1000737028472
-840.1282364021876
-841.1820005677416
-836.1885173678608
-837.3825704700089
-838.350638536151
-839.3073119339764
-840.5134156251924
-841.7003682533702
-842.7288321576877
-843.7760993741008
-845.0738400411251
-846.3283551847214
-847.3361396822381
-848.3114143869554
-849.509590953542
-850.7034933956786
-851.7105567027414
-852.7353663889711
-854.0336223508574
-855.3526023214421
-856.3732345411019
-857.3855364225998
-858.3419818416311
-859.5774550586424
-860.7931242249869
-861.8010792945796
-862.8307569050206
-864.1716542104957
-859.2002027205243
-860.2408570002882
-861.2316355361228
-862.2356903842814
-863.4639084278571
-864.6906331054923
-865.7187983316209
-866.7772943017789
-868.1072188076647
-869.4277833643691
-870.6002971423175
-871.4932981222437
-872.4953046183141
-873.7374166236732
-875.0044928384731
-876.0416980244476
-877.096769704308
-878.1714156452203
-879.5083369839937
-880.8000921194578
-881.9117500137426
-882.8688376497746
-883.8757492222512
-885.2164821280477
-886.5253303509722
-887.5473856847401
-888.6391010541317
-889.7071609468846
-891.0174604551141
-892.2948885634491
-893.3282071578851
-888.0921757796996
-889.1140864498772
-890.2366952421428
-891.5357832294538
-892.8997796874294
-893.9677106892109
-895.0396743308333
-896.1052169537749
-897.3752975026041
-898.722836137601
-899.7748304954644
-900.8232145669823
-901.9202994846327
-903.019620099093
-904.3904820400371
-905.7058645696887
-906.7568207104501
-907.8108636198222
-908.8757766706967
-909.9655575854113
-911.3385704561971
-912.7025174338042
-913.8048577821825
-914.883160315062
-915.9470321909989
-917.014516244688
-912.0715042667138
-913.4408332964135
-920.818392837959
-915.6332848346332
-916.7382447796227
-917.8520588833882
-919.2077511235054
-920.5395283772359
-921.6156981443141
-922.6943012424434
-923.803368190186
-924.9196144752287
-926.0441552725525
-927.4405034900193
-928.8293432373151
-929.9246987764303
-931.017226759576
-932.1052309434396
-933.1899389487107
-934.3182052500993
-935.7262594484795
-937.1256356110154
-931.9623973661094
-933.0814177003743
-934.1868903388034
-935.2790825440431
-936.380343621149
-937.5017637741496
-938.929282091438
-940.3465569805592
-941.4725241288485
-942.6032744478816
-943.7248343708536
-944.8373335234143
-945.9495503225987
-947.0748742011747
-948.4850121262608
-949.9196860808635
-951.0733361853997
-952.2240776256019
-953.3478473108892
-954.4745720784911
-955.6070542581018
-956.7444465047486
-957.8734672862154
-959.2978505655449
-960.7450538051196
-955.648178907882
-956.7951841763581
-957.9306291895058
-959.0587880219329
-960.207346370386
-961.355486065688
-962.4945632579366
-963.6611924734552
-965.1364256283689
-966.6021702084103
-967.747279955515
-968.8846479359617
-970.0395994556696
-971.1868036592838
-972.3415932799144
-973.5196455813056
-974.7057350100574
-975.8905649897271
-977.0657160189853
-978.5392931199427
-979.9753616928145
-981.1235731308601
-982.2956984512787
-983.4914854515384
-984.6685484921154
-985.8634118331885
-980.7690392604129
-981.9691156692489
-983.1552881881453
-984.3073589515301
-985.4626779750271
-986.9498372273086
-988.4657327376486
-989.6617491970779
-990.8592478948525
-992.0674412149899
-993.2496510890278
-994.435233443946
-995.5971867163163
-996.7810930185042
-997.9926181680534
-999.2150057149146
-1000.4313661927968
-1001.6483371383667
-1002.8543709098761
-1004.0482634783436
-1005.5355562293943
-1007.0265420867195
-1001.9466922488756
-1003.1666876851672
-1004.4115615568962
-1005.6481457950533
-1006.8555486895475
-1008.0686716861462
-1009.258369957882
-1010.4728544017697
-1011.6888962480315
-1012.8989713105725
-1014.1426131502617
-1015.393471629508
-1016.644458821698
-1017.8584406643355
-1019.0682281775524
-1020.286131877718
-1021.5111580203474
-1022.7413621005157
-1023.9696847632123
-1019.2554927657526
-1027.113056129434
-1028.35045503276
-1023.2833414043087
-1024.5102147823475
-1025.7427059611073
-1026.9777069164836
-1028.2368033132195
-1029.5006727394991
-1030.7692386284762
-1032.0151725565424
-1033.2577132404376
-1034.5014071525288
-1035.735649667581
-1036.9634804831007
-1038.2344345871577
-1039.519897775488
-1040.8078159851818
-1042.0509990653682
-1043.3106805091365
-1044.577332174887
-1045.8361879399665
-1047.0636746423418
-1048.3210417077821
-1049.6105356377414
-1050.923083824872
-1052.2027563627785
-1047.182419981302
-1048.4475894530956
-1049.7165403451045
-1050.9740332430183
-1052.2459997664548
-1053.5309386640743
-1054.839258432688
-1056.1376402021465
-1057.4243388627951
-1058.697776872286
-1059.9647058957448
-1061.2302908218717
-1062.5278164530212
-1063.8278914375796
-1065.1348517745218
-1066.4373729796298
-1067.7423928032472
-1069.0408856701167
-1070.3109660228424
-1071.5740100194178
-1072.8667534454314
-1067.90076609523
-1069.233469308781
-1070.5540320647112
-1071.8650328261842
-1073.1722771211078
-1074.4677237072742
-1075.757411192689
-1077.0541274909033
-1078.36276021959
-1079.7003614113069
-1081.0392054410884
-1082.3575597439014
-1083.6644924725279
-1084.9610943280923
-1086.274881389509
-1087.5832974390905
-1088.9186199578057
-1090.2567635614346
-1091.6064238510298
-1092.9496639186204
-1094.2718876348965
-1095.5865670642922
-1096.8992379318681
-1091.9432347419001
-1093.290999370584
-1094.6420105092905
-1095.9936105433942
-1097.3487059052025
-1098.6712126347409
-1099.9981029967541
-1100.9959619544916
-1101.9901064918415
-1103.3315626549831
-1104.7032819327683
-1106.0825340687418
-1107.4369176822365
-1108.7712129697206
-1110.114513118557
-1111.4583246255067
-1112.7986913587795
-1107.8765250077104
-1115.53324864454
-1110.6326706415773
-1112.0003857932477
-1113.3550660187466
-1114.6998013372463
-1116.0462926691278
-1117.4047951584398
-1118.7861182396498
-1120.175699612883
-1121.5713998199146
-1122.9299025921794
-1123.9611659098655
-1124.9872078572319
-1126.3515203363231
-1127.709272656155
-1129.1038059275877
-1130.5048650600409
-1131.9235489846517
-1133.2853095790842
-1128.3717070576495
-1129.745504289811
-1131.1343180200752
-1132.5049339357527
-1133.916835067677
-1135.323967965632
-1136.7561711312235
-1138.1282724805344
-1139.1661514718032
-1140.1950822889403
-1141.5976626149118
-1142.988057618303
-1144.4096713172003
-1145.824733758757
-1147.2550429770363
-1148.6522455881675
-1150.0516350879789
-1151.4364746912645
-1152.8470091241625
-1154.2474019427927
-1155.6826437450977
-1150.475884046172
-1151.56725432593
-1152.974078276723
-1154.3675256108852
-1155.768388447159
-1157.1993684636705
-1158.633528547644
-1160.0653267507987
-1161.5061577626793
-1162.9609708713806
-1164.3757774839758
-1165.4323762337945
-1166.4846070951364
-1167.9232176231808
-1169.370648042977
-1170.8255122259095
-1172.2626108583777
-1173.708329207278
-1175.1373363357168
-1176.5698854018715
-1171.7129065641755
-1172.8005307595436
-1173.8927839831542
-1175.3612530925768
-1176.8269699931077
-1178.2911696314416
-1179.725771898517
-1181.1560600877456
-1182.6001521141409
-1184.080963817267
-1185.5548221605573
-1186.6552588576046
-1187.7496003776926
-1189.2140868485149
-1190.6695667617375
-1192.1173404283948
-1193.5647873294427
-1188.7666729026216
-1190.267953905066
-1191.7552083438868
-1192.8517811432125
-1193.9438563234485
-1195.4071806461902
-1196.887200484534
-1198.3707196747716
-1199.8600477409984
-1201.3530701461355
-1202.8512205673846
-1203.970240966158
-1205.076652187636
-1206.5359410334477
-1208.0076994589167
-1209.5193758634548
-1211.0435727046247
-1206.2678597063787
-1207.7457781060903
-1208.8616305935584
-1209.9829870918315
-1211.4749944807884
-1212.972108032824
-1214.4789300718971
-1216.005016805933
-1217.5321576013723
-1218.6487341584766
-1219.7653777873775
-1221.2573699880948
-1222.7689578975628
-1224.2963500059286
-1225.8374327717042
-1227.3657036104
-1228.881491872045
-1230.0090899690083
-1231.1432204593839
-1232.6594570276002
-1227.9084724983666
-1229.4259711842033
-1230.9706621678054
-1232.1279474031319
-1233.2905339714619
-1234.7876896653474
-1236.297360361575
-1237.8324087035658
-1239.4074887225456
-1240.9546774467315
-1242.1084162340824
-1243.2615038346437
-1244.8052885397349
-1246.3486542156768
-1247.8765084398863
-1249.419851465759
-1250.6007305878313
-1251.7779370802605
-1253.3526062321373
-1248.6057858613653
-1250.1363342439242
-1251.6833775177088
-1253.2422389327694
-1254.4362348306788
-1255.6136531979466
-1257.1858013363121
-1258.7399213340016
-1260.3051538881618
-1261.856696567024
-1263.0338033376056
-1264.1978063276747
-1265.7964152513448
-1267.388962388349
-1262.6869243776166
-1264.235195524251
-1271.692687700962
-1266.5824562638356
-1268.1857487564687
-1269.7803081106144
-1271.378712332829
-1272.5661096446859
-1273.7473072734444
-1275.3213165957497
-1276.9071046931474
-1278.496127613258
-1280.0929871961132
-1281.3041671735589
-1282.5221890421624
-1284.1236156058014
-1285.6985549739143
-1287.2818261543455
-1288.4852296380673
-1283.4302724779536
-1285.053749106778
-1286.6592857407702
-1288.2574513060306
-1289.473836059467
-1290.6700633235776
-1292.2696410565911
-1293.881177485599
-1295.5250422889
-1297.1655691641797
-1298.3722753162194
-1299.5620731797494
-1301.172563124931
-1302.7933636395112
-1304.4277862150466
-1305.6657585226894
-1306.8989271276937
-1308.536616738801
-1310.1656798725185
-1305.4947349873787
-1306.7156490100638
-1307.9451709440916
-1309.6093194786688
-1311.262100909386
-1312.9006955575637
-1314.1369442317668
-1315.3615980140269
-1316.986817029375
-1318.624179031798
-1319.8774348950847
-1321.145673408287
-1322.8068183293053
-1324.4332663501682
-1326.0759244606957
-1327.3225968541876
-1328.5747409605583
-1330.232586047566
-1325.6145419176073
-1333.580241835431
-1328.5555331454502
-1336.082600207945
-1331.4322350633288
-1333.0992878253037
-1334.3658588848514
-1335.6483513980413
-1337.3431436156563
-1339.0064497730841
-1340.6614448591686
-1341.9236082667264
-1343.189246399947
-1344.8783195371911
-1346.562804471143
-1347.8433172664857
-1349.109195088983
-1350.803276442707
-1346.1749127706369
-1347.865468221816
-1349.1340898737292
-1350.4392687325005
-1352.1553229370772
-1353.841317114494
-1355.0886061159881
-1356.359795951232
-1358.0561639488474
-1359.780358022177
-1361.079344573205
-1362.3548088917034
-1364.0636618407161
-1365.7697911188127
-1367.0642234494562
-1368.332222993243
-1370.0437764514202
-1365.4883964712285
-1367.2529131354233
-1368.5331775106936
-1369.804533875352
-1371.4866730647934
-1373.220105503092
-1374.5324125193954
-1375.8585231744466
-1377.6122474196645
-1379.3031967147615
-1380.6173493018755
-1381.8999275998199
-1383.6433573481686
-1385.373986732927
-1386.7052302014965
-1381.744384736458
-1383.5072174976901
-1385.2009623857075
-1386.5168254004088
-1387.8110310214552
-1389.5862092385248
-1391.3496088590678
-1392.6704964255803
-1393.9968583405523
-1395.740318559756
-1397.068848310602
-1398.3485353871308
-1400.1205418832767
-1401.8864473907095
-1403.2161436037202
-1404.5334921536814
-1406.2994107140546
-1401.7728837583834
-1403.094487903325
-1404.4206958562265
-1406.2319459053692
-1408.0261517469241
-1409.342068729543
-1410.647365160845
-1412.4140807318183
-1413.7772354758727
-1415.141998092185
-1416.9336819268979
-1418.69103240842
-1420.0358465035001
-1421.382865666138
-1416.8958211976983
-1418.6791699809753
-1420.030103664887
-1421.3921028886311
-1423.2101817160265
-1424.5469470111505
-1425.8657053554164
-1427.6555437140744
-1429.4953519461822
-1430.876457529289
-1432.2249436993136
-1434.013823074808
-1435.3651622858595
-1430.4483192743887
-1432.2688871078133
-1434.0828704943626
-1435.4509496837888
-1436.8229871302947
-1438.6564375882142
-1440.0244859197044
-1441.3597183812565
-1443.1787925405065
-1445.0512719087703
-1446.428166442417
-1447.8075273373813
-1443.337805064788
-1444.686055918039
-1446.0645126289846
-1447.919450978116
-1449.7697075835033
-1451.1512334347394
-1452.5266577924647
-1454.3830936739798
-1455.7479977715398
-1457.1342684576896
-1458.9738601438753
-1460.3893842130485
-1461.7848703634875
-1463.6604219188675
-1465.4979309665976
-1466.8488601540134
-1461.9611143825364
-1463.8532311682825
-1465.2833415015323
-1466.6579986657507
-1468.5038115269965
-1469.892890792797
-1471.3127481186023
-1473.1904903198458
-1474.5947083891062
-1475.9902180984047
-1477.8812772104834
-1479.7655244046318
-1481.1585249102475
-1482.5511269679791
-1484.4423878332177
-1479.6174211297182
-1481.039147949522
-1482.9098585757029
-1484.2947548319282
-1485.7022247073178
-1487.6253088653887
-1489.0507660097348
-1490.4798916454208
-1492.3659495118984
-1493.7922353633362
-1495.2089521237035
-1497.1106901141127
-1498.5374721579485
-1499.9726075091155
-1495.6123059821834
-1497.529544382338
-1498.9547735449858
-1500.370544888327
-1502.2817631160478
-1503.735359922895
-1505.1967937506179
-1507.1124735799176
-1508.5485152834337
-1509.977166651067
-1511.9022718903304
-1513.3611262071727
-1514.825301479129
-1516.7527310879502
-1518.2117719099172
-1513.3650754796404
-1515.26944512947
-1516.7252045352845
-1518.1827136098489
-1520.1482175329813
-1521.5889586862197
-1523.0477169523444
-1524.968384835079
-1526.4242011931847
-1527.8971467610706
-1529.8767703523313
-1531.3256449431224
-1532.7944617278245
-1527.9571517215052
-1529.4250453806967
-1531.3918054188907
-1532.8541733622283
-1534.3405390494586
-1536.2995449961054
-1537.7738078056275
-1539.2419061703824
-1541.2021100703246
-1542.6804788850654
-1544.1770547285446
-1546.1618330523265
-1547.6473268706359
-1549.1195242394633
-1551.083093537195
-1552.571569890877
-1554.0633106443265
-1556.0827293222176
-1557.5684819453406
-1559.0604657125068
-1554.7389039967281
-1556.2387237134026
-1557.73364064537
-1559.2566994534202
-1560.757496828795
-1562.754337901192
-1564.2379167046988
-1565.7267253631771
-1567.742012105388
-1569.2588947675495
-1570.7764659669485
-1572.7763151628978
-1574.2740568327865
-1575.7786094284652
-1577.2882634518044
-1578.803772264527
-1574.5450183876737
-1576.0715250440885
-1577.5762426973463
-1579.6027128319172
-1581.099671331874
-1582.632601822013
-1584.6686618685665
-1586.1943910095897
-1587.7255495317843
-1589.222366562042
-1590.7349672661194
-1586.4854425177816
-1588.0380615706997
-1589.5798042796605
-1591.6163986583742
-1593.1294204184012
-1594.652433981249
-1596.1926823546657
-1597.7398898581012
-1599.8039230196364
-1601.3371409300096
-1602.8807983972704
-1604.9224035622826
-1606.4657769779603
-1608.0123792722975
-1603.2898302175158
-1604.8549819755335
-1606.9170415814774
-1608.460169275645
-1609.9975668796071
-1611.559094225785
-1613.125443120881
-1615.2188195022452
-1616.7561907498934
-1618.3125396326075
-1620.3632049024723
-1621.9340028425615
-1623.5133160740234
-1618.8083816513154
-1620.367346481908
-1622.4394447571256
-1624.0019835314308
-1625.571364797978
-1627.1435147810055
-1628.7028063854864
-1630.8211932633808
-1632.4015840049406
-1633.959210988263
-1635.543764607692
-1637.0791545021593
-1639.1701531146593
-1640.8282952481015
-1642.4071926526444
-1637.6883172128871
-1639.257955017605
-1641.3689185027831
-1642.985230403608
-1644.5978445870524
-1646.1759704532683
-1647.7587182401237
-1649.8398870287183
-1651.4743568831577
-1653.0771171630267
-1654.7016375829546
-1656.2950910841064
-1652.1289636270221
-1653.7264137626437
-1655.3365019592557
-1656.9586100595493
-1658.572816967087
-1660.7058311787303
-1662.3131728290246
-1663.9169545786149
-1665.5352166001512
-1667.1565777538485
-1669.3170386454058
-1670.9206377668802
-1672.5411254176684
-1674.1330139482238
-1669.478267450493
-1671.0968153225785
-1672.7191488259255
-1674.9151774757206
-1676.508904168636
-1678.149848135158
-1679.7655407437069
-1681.3942419071195
-1683.6018916483365
-1685.2340341135607
-1686.8688623240741
-1688.489513369835
-1690.1099110074392
-1691.7673671452017
-1687.1425686121177
-1689.3325543628787
-1690.9747065623253
-1692.6128697107374
-1694.249326472512
-1695.8581173184434
-1697.5470422432472
-1699.2098648571741
-1701.391750309161
-1703.052312025834
-1704.680054033411
-1706.3431431784297
-1708.019851648755
-1709.7043707135126
-1705.0417637692208
-1707.236912428003
-1708.9039432228703
-1710.585552900972
-1712.276597675245
-1713.9631400231294
-1715.6192559844656
-1717.2634973754698
-1719.4803547127085
-1721.1624155604004
-1722.839915517981
-1724.5411285637213
-1719.930776288471
-1721.5912394335483
-1723.245440726178
-1725.5014993999926
-1727.2166098171842
-1728.9193096496303
-1730.585136299995
-1732.245169992875
-1733.9428344149806
-1735.61722582707
-1737.3410639792446
-1739.0558909006202
-1735.0002909333723
-1736.7017136047837
-1738.3863968679625
-1740.0882910475261
-1741.823523454177
-1743.5332752410004
-1745.2023281008328
-1746.8913935768467
-1748.6042044894464
-1750.3139182140922
-1752.0370210495287
-1754.3222197542207
-1749.7433950319835
-1751.4601451396102
-1753.1673377499087
-1754.9325967466093
-1756.651899233278
-1758.3679546948747
-1760.0560706303256
-1761.7753361775967
-1763.5119034347913
-1765.2582596301045
-1767.5660223655407
-1763.009228005365
-1764.7108749087133
-1766.4430022365848
-1768.1838838611773
-1769.9401784007953
-1771.6594698143183
-1773.4271396918537
-1775.1338331381564
-1776.8775629263923
-1778.6063257321944
-1780.947205858822
-1782.7114341687854
-1784.452798663365
-1779.915309831414
-1781.6434803196819
-1783.3995400236643
-1785.1800145884895
-1786.930199749823
-1788.6773941990948
-1790.411266525363
-1792.1817984050358
-1793.9580946009473
-1795.727304168111
-1797.4930244932134
-1799.2310742723525
-1801.004768252067
-1802.7583096323872
-1798.8453362505302
-1800.606859826417
-1802.388172025356
-1804.178903757613
-1805.9275101859887
-1807.7059442545196
-1809.4939813374117
-1811.28793279476
-1813.0660301672847
-1814.837614652644
-1816.616349124813
-1812.1276530340626
-1813.9280037845447
-1815.7151800579857
-1817.5056188020956
-1819.2742165118166
-1821.0598131501256
-1822.8639285336099
-1824.6757630215934
-1826.4698399048993
-1828.2526182146064
-1830.0476812490435
-1831.8434511512085
-1833.6691109936712
-1835.4882032125845
-1831.599683635115
-1833.3915839850781
-1835.187564865712
-1837.0198770808963
-1838.8573356880308
-1840.6748129581017
-1842.4746411491062
-1837.980277355225
-1839.7936796789147
-1841.6272247887732
-1843.42655945544
-1845.2655603301055
-1847.0661581119443
-1848.89134119594
-1850.7387936450293
-1852.6025773158865
-1854.445747562008
-1856.2628293773012
-1858.070050735442
-1853.6213698828076
-1855.4452899412681
-1857.3443232438933
-1859.2097446002617
-1861.0070746786632
-1862.8244780799812
-1864.6366112853118
-1866.4964152420464
-1868.366675559902
-1863.9460539352226
-1865.813924897439
-1867.5940166179973
-1869.4361154148573
-1871.2939954670492
-1873.1753941915974
-1875.053505047445
-1876.8974779777013
-1878.7150983990941
-1880.566927511775
-1882.4137012820029
-1878.0338308590306
-1879.917265270226
-1881.790001250065
-1883.6191992126649
-1885.4736785244475
-1887.3547539452193
-1889.2399062624966
-1891.1235456502295
-1892.9769638423859
-1894.8431745899059
-1896.7374169438567
-1897.9861759487874
-1893.5791137110093
-1895.4472431779493
-1897.3265713375358
-1899.2232033378516
-1901.1083367288327
-1902.989398958756
-1904.862576721669
-1906.7609065643717
-1908.636036610628
-1910.555056177585
-1912.440813018358
-1908.0537682472313
-1909.944554884272
-1911.8269108228644
-1913.7134846981846
-1915.624763038631
-1917.5421492367038
-1919.4588200983767
-1921.3462227003545
-1923.2298182084428
-1918.852821974157
-1920.8032489186025
-1922.7179965878322
-1924.626883547643
-1925.8733170456105
-1927.7729554129073
-1929.7146626452868
-1931.64693785971
-1933.5632851348107
-1935.468951457939
-1937.398729283807
-1939.302121198444
-1941.2429152600585
-1936.8756930224083
-1938.8065606828784
-1940.7337921592318
-1942.665879426404
-1944.573872341344
-1946.5195505914958
-1947.8287679789712
-1949.759656391274
-1951.706974200976
-1953.6165959745585
-1955.5728705442193
-1957.5157183697688
-1953.1838534051283
-1955.096870924377
-1957.053022665511
-1959.0258156692894
-1960.9859097844296
-1962.9243918188693
-1964.8423758941988
-1966.1355882890714
-1968.0896239376011
-1970.0678052977562
-1972.0251926676538
-1967.6894468453563
-1969.651987766029
-1971.6162049497684
-1973.5663598853134
-1975.5448689871193
-1977.5105553199467
-1979.4965261781965
-1980.7999262289497
-1982.74821248833
-1984.731147963708
-1986.7097331441641
-1988.7005720044694
-1984.367508410445
-1986.3417388020011
-1988.3267207360086
-1990.3171971838
-1992.2870183425528
-1994.2412293269053
-1995.5649172508179
-1997.5604290321662
-1999.576794259063
-2001.566245215805
-1997.254225092173
-1999.2262551488793
-2001.2352684287964
-2003.2373570247114
-2005.2498748591656
-2006.5826043313612
-2008.5794793003
-2010.5725596239465
-2012.5359928725763
-2014.5482548446098
-2016.562217270656
-2018.5882830766059
-2014.309757766623
-2016.3518667455348
-2017.6949981110643
-2019.654160424663
-2021.6717884225488
-2023.6642097713632
-2025.6896848073263
-2027.7398710032576
-2029.7730878447978
-2031.1095774521852
-2033.0995769309418
-2028.8260172321277
-2030.8534778577834
-2032.9080903814088
-2034.9431286438987
-2036.9631513325858
-2038.9898014892074
-2041.0256856462051
-2042.367599892223
-2044.4134349627407
-2046.49788960615
-2048.4900463364415
-2044.2417884041731
-2046.2760078769081
-2048.3291888959907
-2049.697533161679
-2051.736047309609
-2053.7673909994533
-2055.8294801256156
-2057.880293987508
-2059.247136313272
-2061.2970725224577
-2057.048772012285
-2059.10547260108
-2061.1813875336534
-2063.243890455437
-2065.3065113345415
-2066.676107839531
-2068.7237810379893
-2070.786718393291
-2072.8663456800437
-2074.957273875165
-2070.749636819044
-2072.820262132165
-2074.176377357242
-2076.252601412437
-2078.3317779535632
-2080.3869243382287
-2082.458765163995
-2083.833825328386
-2085.9126584271767
-2088.047127403513
-2090.1147893323664
-2092.189173146465
-2087.977984117278
-2090.066014939159
-2091.4761784154284
-2093.569214960695
-2095.6570581202564
-2097.731495449813
-2099.8020149471654
-2101.191935435789
-2103.2973100614413
-2105.4177014470315
-2107.509705381601
-2109.6114619214572
-2104.7454188299484
-2106.840270205811
-2108.942385893309
-2111.0224198114297
-2113.1237310856286
-2114.539615018504
-2116.6696245715475
-2118.809481062448
-2120.922958053524
-2116.745721873139
-2118.8563560353
-2120.9864560334076
-2122.3942327453783
-2124.509208554392
-2126.642029354604
-2128.776764819111
-2130.913624536874
-2132.353293121038
-2128.1981047388326
-2130.301296192195
-2138.7036598854006
-2134.5649106796886
-2135.990705352998
-2138.157537266176
-2140.284185304981
-2141.6971632496484
-2143.832157878682
-2145.9816001333893
-2148.1466625060257
-2150.3009943492116
-2145.434570007478
-2147.5902635374314
-2149.743181976352
-2151.9030697375165
-2154.053527608171
-2155.4849678902906
-2157.6341410748173
-2159.8096819888756
-2155.7068657788345
-2157.873780773233
-2159.3264718787636
-2161.4728658217487
-2163.640614707693
-2165.819183276462
-2167.9886180819176
-2169.441075946225
-2171.617766108976
-2173.7978647049154
-2175.240444168248
-2177.43071872649
-2173.3011819321787
-2175.469237878044
-2177.663589722226
-2179.109530131428
-2181.3315298657576
-2183.518194452928
-2185.6944293945094
-2187.8650585759524
-2189.353445758557
-2191.552097306334
-2187.456472345955
-2188.926216885507
-2197.4021690086734
-2193.3375626594707
-2195.555137901015
-2197.7587771481635
-2199.223671371387
-2201.4220321172884
-2203.6413580182266
-2205.1082289516335
-2207.346823889024
-2203.2542092730223
-2205.46121729383
-2207.678415104263
-2209.165946797714
-2211.362278291733
-2213.5862851901816
-2215.0755946570666
-2217.3085465841486
-2219.5555821899866
-2215.5172143055015
-2217.7350443225127
-2219.2100028789373
-2221.4406839191543
-2223.683225737398
-2225.164412230113
-2227.4174748693795
-2229.657534603889
-2225.6294270122426
-2227.8908378512056
-2229.3939541456048
-2231.638927848701
-2233.8429863796546
-2235.336007422281
-2237.5925047447386
-2239.8518407400375
-2241.325035261138
-2237.3129943530757
-2245.880246957172
-2241.8859671937976
-2244.0886873701515
-2245.645748589224
-2247.8852803041837
-2250.1240541812763
-2251.6485228067654
-2253.91722108951
-2256.1997211403095
-2257.7223348121042
-2253.7421044104253
-2256.043056554933
-2257.552306928468
-2259.8208736086403
-2262.0172769817354
-2264.3053091992338
-2266.59931906802
-2268.1575125527916
-2270.4388066230285
-2266.4256545017847
-2267.9642447688025
-2270.3234409979295
-2272.615647533168
-2274.1236190156365
-2276.401825093254
-2278.638450784921
-2280.181341811051
-2282.522666021436
-2278.5114404914893
-2286.377318807679
-2282.4291892031
-2284.763490100773
-2287.0818754534494
-2289.340812232001
-2290.888312597434
-2293.1738399571705
-2295.506628933424
-2297.0646242996963
-2299.388790758433
-2295.4432073111693
-2297.0168421291555
-2299.357028227884
-2301.6841162517912
-2303.1967211691663
-2305.521539765006
-2307.84220815168
-2309.3985487974983
-2305.442542392063
-2307.78482156212
-2309.382332545667
-2311.713710368871
-2314.078584941506
-2315.6313363625113
-2317.9782013738572
-2320.3190789541854
-2321.8774947801053
-2317.9194219709466
-2320.26111741149
-2321.834741234416
-2324.2302933754954
-2326.596893567215
-2328.1533707718368
-2330.5206712676345
-2332.9056499595085
-2334.4891956621545
-2336.8502088198384
-2339.200534499132
-2334.5075066504223
-2336.8678055754476
-2339.233988052304
-2340.803484220568
-2343.1696199160474
-2345.5664975091277
-2347.1910066569526
-2349.555109995251
-2345.6677600405715
-2347.2630095526965
-2355.9482758629583
-2352.055343801282
-2353.605324872955
-2355.97682249517
-2358.369285801669
-2359.999372422719
-2362.409371626371
-2358.506681603053
-2366.412825302614
-2362.548432397967
-2364.955157562493
-2366.56107276017
-2368.941699148047
-2371.3248737624317
-2372.9424359354393
-2375.3377638118754
-2377.752134366959
-2379.3272704487204
-2375.444247633454
-2377.9239727711056
-2379.5846176102013
-2382.02491433881
-2384.3931070513527
-2386.055839124722
-2388.4988394084176
-2390.926796560293
-2386.2329962882104
-2394.1398451168743
-2396.541636524972
-2392.6859037600834
-2394.317071640756
-2396.7619218618124
-2399.2004950366268
-2400.86047239336
-2397.0344692965073
-2405.745720084378
-2407.390478334116
-2403.54961739943
-2406.007863247946
-2407.6212877962125
-2410.069653266315
-2412.5428152354957
-2414.189309843974
-2416.6497973201663
-2419.114272795275
-2414.460916404521
-2416.1646912911406
-2424.9039191663646
-2421.0788187725366
-2422.7255955594196
-2425.1965188793984
-2427.6415892903533
-2429.2444811303712
-2425.4271444169735
-2427.9212076598023
-2435.865959748051
-2432.0489788992422
-2434.5331480021155
-2436.1921554387277
-2437.90038491524
-2440.40206774788
-2442.8865030352354
-2444.5515865691946
-2447.039789872067
-2443.2504725054227
-2444.8993034267983
-2447.3822006485275
-2449.889762405684
-2451.557046045124
-2453.217527129678
-2455.7582729271144
-2458.2569345065344
-2459.9277553079405
-2456.177616172223
-2458.694647711221
-2460.3583771762424
-2462.8519047574687
-2465.3409655610526
-2467.010871659715
-2468.693868374428
-2464.9659396616667
-2467.439938941683
-2475.425403613179
-2471.7112839776514
-2474.2907585971616
-2476.008671018898
-2478.5380884200795
-2481.0564989606
-2476.4625589850916
-2484.4077479469715
-2486.910130699339
-2483.1280783307698
-2484.814709794472
-2493.5885798463796
-2489.832672168553
-2491.5258952854147
-2493.2294189265085
-2495.7891944339094
-2492.101060909705
-2493.8181438220195
-2496.4143960632036
-2499.002995871574
-2500.7491057991137
-2502.457130051507
-2504.979861245732
-2507.512040690873
-2502.923665374942
-2505.4790469333407
-2508.0152853657664
-2509.7010295092145
-2511.4188415783647
-2513.956013391955
-2516.53400590905
-2518.238262315536
-2514.4876381923345
-2517.0751796590635
-2525.1168772992874
-2520.5568423395393
-2523.1459194759955
-2525.78026301817
-2527.5355075042453
-2530.1635773921107
-2526.4581641022355
-2528.173527778599
-2536.171624751829
-2532.462980948827
-2535.0257462695504
-2536.7420548984132
-2539.2936913767453
-2541.848585296494
-2537.286536102293
-2545.306987794624
-2541.60279927657
-2544.221294812153
-2545.989522665816
-2547.777159277331
-2550.422255018575
-2553.0743993044434
-2554.8766323299174
-2557.5319470265677
-2553.8430218550975
-2555.5845260639226
-2563.5921372988937
-2559.884326814288
-2562.448038242282
-2564.1438072932624
-2565.8980708340187
-2568.4670140293188
-2564.7841177607183
-2566.5430530886606
-2575.4743424990484
-2571.847686473151
-2573.642520483689
-2575.435441722871
-2578.1458103454706
-2580.8260510550176
-2576.386952148958
-2584.3859155844652
-2587.0367964528077
-2583.339293155118
-2585.085332056076
-2586.8311361593996
-2589.434393288882
-2592.0438618033677
-2593.7915114777793
-2596.4161281475285
-2592.786068966282
-2594.530541566703
-2602.557652038408
-2598.928710593426
-2601.593938003691
-2603.3432756684465
-2605.0698048562317
-2607.708858866401
-2604.0318561147637
-2605.769797589134
-2613.7978941873344
-2610.1325805723486
-2612.73723437007
-2614.4250509625303
-2616.1422115232017
-2618.670537584643
-2615.0001011861764
-2623.0460978951137
