0.6122738110477438
-2.1999039315063205
-3.826601920620054
-2.367776424560775
-2.4247820542204797
-2.348494190808373
-2.342607940203236
-2.363544639640588
-2.432319234454483
-2.419789892791988
-2.390959704291635
-2.384540611229901
-2.397550607971249
-2.4372486426869475
-2.4275482272968407
-2.398284640084878
-2.424660350358636
-2.4491668863792966
-2.447666536756942
-2.475756494053289
-2.482437143422177
-2.4813789960835764
-2.4771761303763653
-2.5009369686409406
-2.5192001966896984
-2.5132975879314707
-2.5316562236603413
-2.5521234203406085
-2.558021205275964
-2.5630195708757273
-2.5791074277445962
-2.5868241577925595
-2.5936279722722717
-2.6143976082483174
-2.6251714923675524
-2.633190616560916
-2.6497130926401913
-2.6866264243464557
-2.692083693694261
-2.7011225747109866
-2.7156794757761005
-2.7364791636011017
-2.7632445259690446
-2.7822630805816604
-2.796392852284441
-2.8059204183520454
-2.8343907726353352
-2.8650226096822298
-2.866839103995014
-2.875145964306817
-2.9242951662254035
-2.95880285178707
-2.971429291883785
-2.979864312202249
-3.003128716697163
-3.0373422019119984
-3.054331254128203
-3.0619564722502908
-3.0804246977439456
-3.1135987034483463
-3.152908485218697
-3.1689125123947606
-3.1944058317859163
-3.236840860651709
-3.26331772535898
-3.278446731914274
-3.2988885770055756
-3.336084245911077
-3.371488684019378
-3.400200170335979
-3.4260683535409178
-3.449198627027906
-3.4762117196026785
-3.5130610142630485
-3.5482945768272214
-3.5818280986133844
-3.617153502151005
-3.641589937160349
-3.6610607549928664
-3.69960634473594
-3.7515965077515228
-3.7810338853570387
-3.803355063399313
-3.848040574490909
-3.885687510053264
-3.908879862847041
-3.9423369986358683
-3.9905748147028155
-4.031309303921767
-4.064194002723246
-4.097517240034156
-4.126628257871323
-4.1726530447397945
-4.232299922801415
-4.275317800160588
-4.295851934510927
-4.328662448398272
-4.3715598645589475
-4.414736746915272
-4.45535536165549
-4.501174190547238
-4.557827412973216
-4.606016658141198
-4.634589907214031
-4.668274683531323
-4.716418128336029
-4.7619569453400805
-4.794933066035366
-4.847242272439084
-4.900801657331095
-4.936946084591047
-4.9861086928102045
-5.038866617954925
-5.081491836922509
-5.131290426549011
-5.181368190222418
-5.233112965754491
-5.277380349408604
-5.328098105433703
-5.386924408813591
-5.432485570495108
-5.477200072613661
-5.52363301563867
-5.572485353735726
-5.6267532716092195
-5.688938220882707
-5.7505816429925725
-5.798129646669807
-5.84120055807695
-5.9014422273927645
-5.965136823866521
-6.020744171055761
-6.070690236510127
-6.117669519841172
-6.175469115061591
-6.236003383378856
-6.287822180278026
-6.338972867089597
-6.404954118760904
-6.47020325470135
-6.52843762974421
-6.582683302921386
-6.649487912085058
-6.712204378418262
-6.769832173243936
-6.831560879557983
-6.88602812294021
-6.9431335412993995
-7.012684568260345
-7.0803865901608045
-7.1461236397166275
-7.210504350024901
-7.264543330374954
-7.327482443746793
-7.3897275257201676
-7.457668340188016
-7.523637985894297
-7.587426789848752
-7.657521731664845
-7.731968467270229
-7.7949511948228665
-7.862974892620094
-7.936409830324315
-8.00562689036771
-8.071988524213074
-8.129044917337858
-8.198415007218097
-8.272040306265195
-8.346448779760253
-8.417314185455679
-8.48662218947913
-8.5567247680836
-8.639231304504435
-8.712097665684228
-8.782775984249232
-8.85969775312368
-8.93550060057959
-9.00991708833186
-9.073131583935487
-9.14403994395629
-9.221427346038992
-9.308263685280949
-9.38856822080803
-9.462866595413344
-9.536542094584117
-9.613932094369513
-9.690193643059393
-9.768304684876862
-9.847251085383968
-9.927067141659151
-10.004076773246725
-10.090940267438235
-10.175770127478167
-10.256690783553017
-10.33873697866407
-10.425493063338738
-10.510649636978654
-10.581021739895192
-10.658478053368587
-10.74421951735178
-10.831233273926754
-10.913270262209394
-10.999072415430701
-11.087947180486637
-11.17784407711014
-11.266182332764576
-11.36367025029134
-11.449237930238816
-11.527826426084824
-11.614286731836566
-11.705046805640407
-11.78750835040057
-11.875773435145131
-11.965260909266823
-12.053822536055856
-12.1420350414511
-12.239433178761349
-12.339326044798788
-12.42714686537385
-12.514656509850177
-12.609287969548463
-12.70235658662339
-12.791378849781985
-12.887106005306283
-12.982692376920932
-13.081654584768582
-13.179002850096172
-13.27448505400458
-13.369140553773562
-13.469028059054013
-13.561915874172096
-13.658731521241464
-13.749038163345757
-13.85071319881969
-13.953996349889202
-14.055693882034316
-14.149042954679485
-14.252297172011122
-14.357029632273095
-14.461454961350057
-14.565307018799606
-14.666293278674594
-14.76263456405075
-14.860766830623275
-14.961520794340737
-15.066039647513271
-15.167847269682595
-15.268598578611236
-15.376819332425795
-15.485343504682604
-15.592969718705332
-15.689834410089686
-15.794012841261335
-15.91261606448588
-16.029261609598976
-16.12961700902419
-16.234102018408716
-16.343966119384334
-16.455958653114763
-16.56368910003333
-16.667104829689688
-16.774643019871423
-16.892595015614056
-17.014046883002898
-17.118911761767457
-17.221255801046873
-17.340111916862014
-17.461153642158898
-17.573965378287802
-17.67725219502919
-17.785852456224674
-17.903006156206455
-18.024559433997243
-18.140101920423284
-18.24709790248458
-18.358247261621255
-18.485894998098022
-18.603927143916863
-18.715574505534004
-18.836308268826638
-18.95824626295401
-19.07533522531323
-19.19291333119589
-19.309968365149352
-19.430845676848158
-19.555899085971404
-19.68356271284152
-19.801483144630712
-19.915392951174496
-20.037611340193962
-20.16387748774646
-20.290695300725496
-20.41624916371037
-20.53392589449276
-20.651621979504597
-20.780958677552224
-20.907954894620605
-21.027388308941234
-21.153109069046153
-21.28814541407783
-21.41610551497356
-21.53082237482475
-21.66062031022442
-21.798917195831507
-21.931973924468757
-22.056192077828484
-22.178766092372147
-22.309203959314626
-22.44151191557099
-22.5748222861819
-22.706159357508206
-22.837141741739202
-22.97150646500958
-23.101514603649743
-23.227145789100533
-23.366490286497758
-23.495597791182842
-23.63115400363108
-23.76990083332365
-23.900360532409817
-24.040740826543544
-24.175382046236436
-24.318188858744865
-24.458449581046512
-24.588515767174133
-24.721950587076716
-24.861603410471567
-25.0017542408677
-25.144057285406255
-25.276824840991953
-25.412238898918602
-25.559819522536056
-25.699549193836212
-25.826831988234982
-25.968836951703498
-26.1174513203425
-26.267047588623786
-26.40464128744655
-26.551937540496265
-26.692480659542543
-26.845341023993765
-26.99272182102596
-27.129314399579215
-27.27062772086507
-27.417838106437593
-27.570158605238056
-27.71455334172594
-27.856512413389297
-28.008087047805184
-28.160312982668728
-28.311485895919475
-28.460020153087285
-28.60429412530469
-28.75101908399022
-28.899120114954062
-29.050389028185386
-29.206349319171082
-29.354651203854296
-29.505635778494256
-29.664421122258858
-29.814163370043925
-29.96111381329177
-36.39182317553858
-36.55438229201895
-36.71544751319213
-36.8629599029829
-37.01863742530215
-37.17941881337006
-37.345582269841735
-37.49591373283837
-37.650529977773836
-37.81151272972169
-37.967692989592386
-38.11776937216885
-38.277749499310794
-38.443873090644054
-38.603569715773425
-38.76992834205571
-38.93268052198316
-39.08887360832002
-39.248529126449
-39.40879858237732
-39.56664366923808
-39.73388065496097
-39.903669519462255
-40.06438224786102
-40.219727777806334
-40.37915857469422
-40.54622852670465
-40.71911804029962
-40.89264094322689
-41.050951536792645
-41.21257744370083
-41.38730226810749
-41.55164613213794
-41.71907805617841
-41.889976648920324
-42.05988657337883
-42.22440147729161
-42.3956750665098
-42.56737481158957
-42.73730933195178
-42.910243010393046
-43.07692216007677
-43.248181475502555
-43.424052446642
-43.596181880142446
-43.77281117286558
-43.954530973719926
-44.1256767096073
-44.296715108573395
-44.48031224165167
-44.66249711405329
-44.83709236950221
-45.00912157107125
-45.18469804292723
-45.36651537954778
-45.54426908844897
-45.712714124188416
-45.88581850903057
-46.0729592674955
-46.261084745593266
-46.44201096414199
-46.61395105094765
-46.797321765749416
-46.984115619155006
-47.164892186487755
-47.34299595766655
-47.52844177104575
-47.72012643841322
-47.90092951472541
-48.088834412188234
-48.27552558440484
-48.45819418226385
-48.64560460273816
-48.84129233951238
-49.02709118026816
-49.215748192608935
-49.41042178400056
-49.601069600444
-49.787983045308515
-49.97574031101543
-50.16535542802363
-50.36054992343293
-50.55700838235469
-50.74335935332645
-50.92828057226877
-51.10791670579932
-51.31247066182131
-51.51565435823624
-51.705460053297195
-51.887134607939416
-52.08456649837787
-52.29352140689904
-52.491063263961145
-52.679741161304946
-52.88612812411249
-53.10030227961908
-53.29244496068955
-53.4826118645214
-53.683598315523525
-53.8840135969327
-54.08813053909785
-54.296557655775835
-54.49484202239244
-54.69072157554831
-54.90281443166339
-55.11487091624227
-55.32496911592266
-55.53932669981879
-55.743771333899744
-55.948332186959156
-56.16477291912206
-56.370673989175394
-56.564954745421936
-56.78118361599998
-57.002309761236866
-57.212432150370816
-57.418766687776944
-57.63050566405739
-57.854679303976454
-58.076822797729456
-58.28391191562588
-58.49093380102343
-58.71533888494923
-58.94559862807183
-59.16958047548238
-59.37665535824922
-59.6006244084506
-59.837782499145995
-60.06256063889687
-60.28012879526758
-60.50456820746296
-60.737213686966165
-60.97440439442834
-61.1994670528304
-61.42606809096514
-61.67046044198662
-61.916761459970346
-62.15108199327492
-62.355205269307454
-62.591497790442254
-62.833806227583295
-63.06570067767902
-63.326425752482535
-63.57296586363627
-63.79138894026548
-64.02374283857004
-64.29228686771606
-64.60758641904302
-64.7996931243964
-65.03453136492318
-65.28732320884352
-65.53223743441035
-65.80504301074657
-66.05381732622838
-66.30129812100141
-66.55212674895257
-66.80024865012584
-67.06592969093799
-67.34158585359864
-67.57368736964243
-67.83290761282097
-68.09224902373741
-68.34919868381441
-68.5995818278256
-68.85410104580534
-69.10233272143023
-69.37106199311732
-69.63525183199151
-69.88649517023731
-70.14706437083808
-70.4127941017253
-70.66621338079806
-70.91643792022454
-71.18023802291184
-71.4342091666779
-71.70430346022158
-71.96028883025339
-72.20741967727272
-72.47318296317896
-72.72915998509436
-73.00386509984658
-73.21863892210038
-73.51686516476641
-73.76393061477067
-74.01351136770147
-74.28457428797593
-74.51149169868687
-74.75725396572186
-75.04379142650929
-75.29684010980169
-75.54233842845098
-75.79420246334472
-76.02670726399927
-76.2868511710355
-76.54191314755069
-76.79170664082328
-77.04071446503357
-77.29666489520145
-77.56264504953229
-77.81946099676516
-78.06980343934136
-78.31774058523773
-78.57846037699552
-78.84866151598592
-79.08983233254602
-79.33872225155535
-79.59871294211116
-79.8671672721365
-80.12552970044423
-80.36710610286133
-80.62699652634453
-80.89565846714915
-81.14984969972971
-81.39700473270256
-81.65232034527013
-81.91687247819165
-82.17015225458827
-82.42118204025869
-82.69204860498289
-82.95923915852903
-83.21236800263928
-83.45317488096333
-83.7122040895557
-83.97090170957438
-84.25405177741487
-84.53013244642734
-84.78041221817409
-85.03687662510099
-85.29587667983654
-85.5578151880228
-85.82373635272423
-86.08910865154368
-86.34434358276832
-86.61279349878092
-86.88236475357247
-87.14735108023271
-87.408741884572
-87.6880771028538
-87.95865748753579
-88.22480972938
-88.49514891671363
-88.75955157899705
-89.0371462334105
-89.31085072437024
-89.58450431775212
-89.85599959602155
-90.13687078640802
-90.41703410111298
-90.67915687500177
-90.93613203096955
-91.214156991182
-91.49834118975153
-91.80941709241117
-92.085275114974
-92.35625013651529
-92.62851963640856
-92.91361328679317
-93.20211382805742
-93.47453047935667
-93.75302383378938
-94.05558670226644
-94.36101005403616
-94.63470358587435
-94.90702224794508
-95.21044520135803
-95.50654747613729
-95.80111743480086
-96.1172042191091
-96.40824566057071
-96.69967013925435
-97.00846508506048
-97.31273733199818
-97.6350576799119
-97.93993000340261
-98.26181970816687
-98.57295304482926
-98.87772547902999
-99.20972105045603
-99.53357279323804
-99.85448688398948
-100.16819362609793
-100.4831752141664
-100.82191547722859
-101.15658441397149
-101.4706450474074
-101.78695431248694
-102.12696463833925
-102.44572930459282
-102.77140321572081
-103.09783184768754
-103.42962348064765
-103.77638108812147
-104.10671304400286
-104.42914377334547
-104.72834796255162
-105.06635051004302
-105.40341638733506
-105.70631251832607
-106.03284925418089
-106.35469612788577
-106.65647833975854
-106.9867267228958
-107.31968538029739
-107.61449862616611
-107.93841902586018
-108.26752788979107
-108.57923568992003
-108.87813753450044
-109.21973023687852
-109.5165852002795
-109.82821691604414
-110.13176632203192
-110.42979766391632
-110.7547783144332
-111.07520994837056
-111.3769535467733
-111.68376484572589
-111.98947474080975
-112.29037344171735
-112.61716134593117
-112.94049194244913
-113.25274405857704
-113.56462357850074
-113.87239254905626
-114.17839733481853
-114.48997585676767
-114.79763974815484
-115.10937659304429
-115.44344980705021
-115.78151432988892
-116.09978961550442
-116.42050064462937
-116.7315812917806
-117.04158226732935
-117.35467982821277
-117.67658842139524
-118.00361788971355
-118.32670391561092
-118.63633617865068
-118.95942572040258
-119.29900778755042
-107.06546998606352
-119.956769738769
-120.2496993987542
-120.54865625927083
-120.90049682638832
-121.24753576406033
-121.57483689215752
-121.91423740988066
-122.25952615117842
-122.60938646014264
-122.95635993432462
-123.27211001166248
-123.59663434242012
-123.96394118793626
-124.324036197795
-124.66333356582244
-125.05400135981269
-125.39952791656344
-125.71106729674902
-126.09805659280498
-126.49021813883229
-126.88154452193051
-127.25273616238111
-127.57918830945637
-127.97543606297612
-128.38140991546595
-128.7602718444699
-129.10502664728236
-129.49600291974042
-129.8903795819447
-130.26849306487088
-130.62758014498493
-131.0130225067401
-131.368692601964
-131.7295998781849
-132.12456421201748
-132.48233805258576
-132.82985031499882
-133.22650964985993
-133.5841031452398
-133.9409507982003
-134.31729983047575
-134.67622869760947
-135.02525519418796
-135.3780736886128
-135.72107735730367
-136.1083858116864
-136.46308993492102
-136.81419547903405
-137.16019426198795
-137.50239418396237
-137.86365429480227
-138.21579357443954
-138.56163951513383
-138.90532051346153
-139.2580798631298
-139.61912715545728
-140.0126728736525
-140.37006404895064
-140.71845017026325
-141.0736763673732
-141.39988731158365
-141.7624399530191
-142.12587560549287
-142.48539725525575
-142.84811012237316
-143.21257245120938
-143.58005699647714
-143.94590686208656
-144.32021451708573
-144.65988004707964
-145.03073424496625
-145.40507573385247
-145.78154742615052
-146.167467661384
-146.51924475122775
-146.89774050590802
-147.30089653654835
-147.64480781780247
-148.04367383091986
-148.4600928567019
-148.83834924426392
-142.96972206343244
-149.59678500976335
-149.96671386953088
-150.38918691081048
-150.81785781995507
-151.176408758205
-151.59124864653452
-152.007114398872
-152.38899446665695
-152.8200505996224
-153.2461004998426
-153.6276931472326
-154.00235187408364
-154.43692861202084
-154.86587017914343
-155.25875688777265
-155.6318594582058
-156.0041184893061
-156.42055051127366
-156.8534558932785
-157.2412661818897
-157.61877615823315
-157.9928283179258
-158.42077904799382
-158.83032299605028
-159.22023340819888
-159.59806522801415
-159.97066327398758
-160.3453051670072
-160.77574784867593
-161.19702811492272
-161.58937194947785
-161.9587946731658
-162.34117301066925
-162.7301290994958
-163.11986578598763
-163.51482560712432
-163.90306928113054
-164.3226030192578
-164.74480232969555
-165.14066546723132
-165.53204384082156
-165.92816852003727
-166.32931430258495
-166.73296777198576
-167.13482946251267
-167.51946155552375
-167.91812680431119
-168.32180890085576
-168.72705455332348
-169.1335219238625
-169.55868876084762
-169.97059613786837
-170.37603464222585
-170.7873469261256
-171.2030620538623
-171.62444616643106
-172.05172805946893
-172.47284740270246
-172.90217991104515
-173.31854210981066
-173.74822456262552
-174.1869242047497
-174.6206339164087
-175.05275431587555
-175.44904764978062
-175.8397906665493
-176.28047807804523
-176.70662431660793
-177.13562186836492
-177.57296035266046
-178.0090301959038
-178.44593049678485
-178.90406130901616
-179.33226190891355
-179.73616809185302
-180.12338402825287
-180.55491522608443
-180.99607211921435
-181.4444792329203
-181.9028645173254
-182.28462694345953
-182.67795776744208
-183.12881504284786
-183.5815430331143
-184.02445827484223
-184.47481619234708
-184.8954027118662
-185.30031008489945
-185.74410919659502
-186.19055299279964
-186.59583706256748
-187.0070343749533
-187.4584789874325
-187.9302508526973
-188.3881641203284
-188.79259957491342
-189.20731797910346
-189.67059154816224
-190.12873678616978
-190.54630363770224
-190.97543931670918
-191.4351580089698
-191.8368153735786
-192.25434219236155
-192.7266861616108
-193.1661221375386
-193.5962728760072
-194.05721630498098
-194.53010388471984
-194.95201661457065
-195.43329858340536
-195.90057768653074
-196.29108918792383
-196.74019965653085
-197.22975848042626
-197.64476335413164
-198.0940721906047
-198.51767232866538
-198.9876487096113
-199.48687802519294
-199.90803334326975
-200.38046528962533
-200.87976184726665
-201.29414467662966
-201.73969246604184
-202.2328904912193
-202.68336438389187
-190.55010084686833
-203.5769037204281
-204.08568294485258
-204.57063681811889
-205.01256112170464
-205.44303366812045
-205.9155491934146
-206.39782735637053
-206.84546619228215
-207.33350471911325
-207.81638236722225
-208.26651345532682
-208.71184153084207
-209.17447572516937
-209.62713707922052
-210.08639739676485
-210.55902136110487
-211.02421764692514
-211.47691242463586
-211.9366374837598
-212.3938976108859
-212.86475025245983
-213.33624030155613
-213.78951887210442
-214.26745317904445
-214.6933468704023
-215.16139130238528
-215.63468169721116
-216.09323003604655
-216.5480377085146
-217.04712841632357
-217.59482853920838
-218.00504486914335
-218.5006567893086
-218.9447246094124
-219.41404276291144
-219.925882689077
-220.40190033866833
-220.92566489386903
-221.38913826107304
-221.86515454048237
-222.3995422266324
-222.87483046759203
-223.42837267515725
-223.86538392799724
-224.3720310385726
-224.88035346288393
-225.3439317917234
-225.85030496145296
-226.47555446056282
-226.82534831322624
-227.37091690519082
-227.83647149534556
-228.2805883128609
-228.81091176020078
-229.28057331295
-229.72234593932887
-230.24298098758084
-230.71001819037747
-231.1503166209602
-231.6714929961234
-232.14186813617218
-232.5737190813523
-233.07186665803266
-233.58128552260172
-234.03340953343098
-234.47528849126616
-235.0005419962094
-235.49233737393848
-235.95697602334775
-236.41845372011525
-236.94647363980386
-237.4838507783838
-237.9668289340615
-238.4553265138497
-239.006314428085
-239.5823966694093
-240.0900839703495
-240.59373094845324
-241.16154777485212
-241.73596938636888
-242.36963739899483
-242.79398847247654
-243.27171942048562
-243.82007142874292
-244.36262731143464
-244.84954061230303
-245.3376756793246
-245.83377761608742
-246.35722217302234
-246.8912288982946
-247.36714610119054
-247.83865052453586
-248.3067442033826
-248.76789134810343
-249.23344529396977
-249.7537813772555
-250.28165548428245
-250.75841888026176
-251.23712415578393
-251.7070132024024
-252.17947727372322
-252.653141580688
-253.2054541271968
-253.7773126756474
-254.28412294862972
-254.80194382255274
-255.32523200867007
-255.85296854736492
-256.3975791536917
-256.9338792988779
-257.5019992444001
-258.05865850109086
-258.6903260189793
-259.351400245812
-259.88240290873927
-260.43749625692294
-260.9716668009579
-261.50596752953714
-262.0322921829766
-262.55283757916334
-263.0587929380201
-263.56018220552795
-264.07305517884924
-264.5808872321157
-265.08278956265787
-265.5751170077977
-266.06384110073486
-266.5461150356011
-267.037057802847
-267.54418954450756
-268.0568199442651
-268.56061800199956
-269.0706983809584
-269.57759436665077
-270.0934206769368
-270.61518726909355
-271.14342657398885
-271.7078741497558
-272.2864262927531
-272.85982228695457
-273.43205979801434
-274.02245569044277
-274.6363140806182
-275.2480693126744
-275.8457423719695
-276.4588426584618
-277.05124107026126
-277.62768349965535
-278.20615894817786
-278.74985485989316
-279.30939565792664
-279.84685750219865
-280.31661410977523
-274.50675743287763
-275.03422047104584
-281.8447398641765
-282.37131633437326
-282.88382725513736
-283.4143735992595
-277.6643845102
-278.204450165053
-278.74220250454414
-285.5576590227711
-286.03898370624495
-286.53744387778124
-287.09850353329364
-287.66579748588475
-288.25980731395526
-288.87705037532936
-289.50277638019804
-290.1200011899695
-290.7024472119544
-291.2843945354082
-291.91868938948545
-292.53878699601455
-293.16659474849024
-293.7892062181228
-294.3200680299373
-294.8479419445827
-295.42047447005
-295.9755612055174
-296.5352249710417
-297.1088916244524
-297.59202980387767
-298.0733562801886
-298.6347996370909
-299.1990551191159
-299.75745641583404
-300.2473388808538
-300.7468755722753
-301.3311699788371
-301.9085020698452
-302.48679342896696
-303.0283015165357
-303.571974229083
-304.2157506097279
-304.8608691333953
-305.43932088735306
-306.03841458015484
-306.69563058647026
-307.3680953709326
-307.9505635627401
-308.53949483560694
-309.1968297070246
-309.8286438024875
-310.40506773501573
-310.91993999776207
-311.5067244470034
-312.13789177829545
-312.6568149543228
-313.14770666913495
-313.74277380989537
-314.33871775720064
-314.85079715586795
-315.3660550890718
-315.96607618242354
-316.50948709247365
-317.0492828011778
-317.6622557338345
-318.2301935692986
-318.8154492391277
-319.4959639418285
-313.89267426554727
-314.4904237703776
-315.10209350201865
-315.788015238831
-316.3891519468616
-317.0058291362688
-317.68542949764725
-318.2627599751358
-318.8318104203701
-319.49669535202304
-320.0369959265377
-320.5863481807921
-321.13331425389214
-321.6778435827991
-322.3042490958357
-322.85171745073745
-323.41425997221995
-324.0673370712925
-324.63630724381795
-325.2090964541372
-325.8829551912956
-326.46539003283107
-327.0639178361195
-327.6699388055796
-328.29540303917776
-329.01628559776606
-329.6106666439004
-330.24385832067986
-330.88428381300923
-331.4876484188853
-332.1744269687432
-332.77111165126826
-333.38153021280345
-333.97506427246634
-334.5503334320501
-335.12277227021383
-335.7063465151899
-336.36258451756913
-336.9405537863934
-337.51523082010607
-338.09473005976434
-338.69091306437855
-339.3012744348357
-339.9235446902305
-340.54624171321655
-341.1736008563022
-341.9076791981913
-342.54904127675564
-343.20863498613744
-343.8556899976014
-344.5045327238397
-345.14626259567785
-345.78293255525364
-346.41888055877155
-347.0481313923273
-347.6591419184673
-348.26334382807147
-348.8629511756273
-349.46595835330487
-350.06688480674785
-350.6558745858215
-351.2616999263224
-351.8787032511154
-352.50969543944944
-353.1425076401722
-353.76817738555866
-354.40887066303367
-355.0797295222433
-355.75681748491314
-356.42859919629245
-357.1088569776175
-357.8080260651781
-358.49898592125766
-359.16311825247664
-359.8179051108018
-360.46584069486187
-361.01617785570903
-361.63629255562637
-362.2545893344684
-362.8876613325427
-363.51532878470886
-364.1433944261977
-364.7603497027969
-365.3805802135202
-366.01810832146805
-366.57576018692714
-367.22909550116316
-367.8915765372271
-368.57609697925886
-369.3004561837259
-369.92129491514265
-370.63651449454966
-371.3641122491032
-372.0917236249369
-372.7935714565699
-373.37223947933126
-374.04343247700956
-374.71570127436445
-375.37490765220707
-376.0187129083375
-376.57048077701836
-377.21469853117713
-377.84661850983787
-378.4767575852242
-379.1198102636713
-379.6856394961703
-380.35199664981064
-381.03784441849393
-381.6432081091279
-382.3543268048838
-383.1032704213973
-383.86771340151535
-384.64368620393645
-385.28361577197967
-386.02562391550407
-386.7607823837039
-387.3703168135495
-388.0617611852027
-388.74320430783666
-389.3223292901126
-389.9938747796686
-390.6406272920189
-391.19822413133284
-391.8557721364475
-392.5110374816493
-393.08412749228387
-393.7657024350898
-394.47457294356303
-395.0858836464863
-395.71323620612793
-396.48176100404135
-397.2761254728301
-397.96681231642157
-398.77145803111625
-399.5422058602088
-400.1977308428533
-400.94946020873493
-401.677578659326
-402.2832082481768
-402.8727865876607
-403.556919758017
-404.23631523018076
-404.81192630539107
-405.48011743815886
-406.15230430812295
-406.7494981402143
-407.355302502724
-408.0790696177568
-408.8355402328145
-409.50668886980077
-410.19210095708837
-411.01118328387383
-411.85921151675154
-412.5758962421523
-413.26519922655393
-414.0439134391888
-414.7973916363048
-415.4411227177409
-409.7848265127479
-410.4890138508936
-411.1912386176058
-411.74150431115095
-412.3375747276703
-412.9746611997851
-413.6707218431563
-414.38496465924055
-415.0175239379348
-415.6843054670522
-416.3762998345398
-429.7563185288281
-418.0552997294636
-418.8047251662902
-419.5617436142922
-420.2718964560451
-421.0707160604874
-421.8553035705878
-422.5055409703116
-423.15271196793344
-423.78085213131396
-424.5173160655319
-425.2399253428459
-425.852344584922
-426.46286869690795
-427.02970837845055
-427.82679621603813
-428.6017898828645
-429.2807375662439
-430.00003587376136
-430.75687665253434
-431.5465636661639
-432.31361303003524
-433.1847768598671
-434.0457397416289
-434.7497901351524
-435.42761062197314
-436.08025966194447
-436.7262325065925
-437.47864082642946
-438.24130854071115
-438.880988498063
-439.5193053466962
-440.10331798084707
-440.76299638196275
-441.48504818502374
-442.1714460947618
-443.01083894001937
-443.9054429917297
-444.7091615965058
-445.5041503751538
-446.2930724101809
-447.0624665402046
-447.7855498753069
-448.45549374555475
-449.1292137791867
-449.91981902800234
-450.6926950349359
-451.34963000683535
-452.00924063730923
-452.7043094815148
-453.36184880794605
-454.0670965456327
-454.7709245544196
-455.49407329384456
-456.2494029577907
-457.0385012330431
-457.8358762959288
-452.48692139022097
-453.4054797118822
-454.1800030525622
-454.91419750365486
-455.61901013407504
-456.31974618741475
-457.0107271543211
-457.69198242868856
-458.3632092033188
-459.0425917640217
-459.7484181320638
-460.4691526790448
-461.18253025748567
-461.93592796806047
-462.7228295710885
-463.53159981102795
-464.33104521495324
-465.12939880660764
-465.9312912356049
-466.7203480274446
-467.6049849601347
-468.4497651419104
-469.17366895969576
-469.9071806727895
-470.60431047288824
-471.3123363601276
-472.0247360739096
-472.75112131266144
-473.4973424794284
-474.25249753348527
-475.031784989313
-475.86681746002705
-476.68194552943675
-477.50957080069475
-478.3162558876842
-479.112790992308
-479.8913514984134
-480.6437826163181
-481.38879885796246
-482.13063845925853
-482.8788884020144
-483.61929221933184
-484.3588434151211
-485.11084170303405
-485.87530976136594
-486.65863495586353
-487.45377345091174
-494.42177606776676
-488.81567120541456
-489.6580022083569
-490.50053735603836
-491.3158969478553
-492.11729724545324
-492.9038073820824
-493.68539012906086
-494.44920965667677
-495.2014887311761
-495.9573392380028
-496.72057042788407
-497.4999336533684
-498.29472149440056
-499.1158084123963
-499.95545970716836
-500.79715787616345
-501.64458684267237
-502.4693105259576
-503.2878399443884
-503.9572824149212
-504.6335410311303
-505.4383685478123
-506.2312459898824
-507.03391652167306
-507.83668022326015
-508.633021365536
-503.15273560040464
-503.96450645438233
-504.79547328979305
-505.619646869389
-506.4603616265973
-507.1878844573159
-507.8925980525889
-508.74496112968353
-509.578821317462
-510.4121887586379
-511.2367623619945
-512.0517383533212
-512.857174194074
-513.6597164537309
-514.3379214523544
-515.0553848738577
-515.9154496247442
-516.7723817993391
-517.6297213256147
-518.5078516141098
-519.3685617308101
-520.2035668931339
-520.8979086402993
-521.5941980414229
-522.4433436823491
-523.275485158485
-524.1178126041525
-524.9780230476431
-525.8469205984538
-526.7002021742935
-527.4087013472854
-528.1395918748243
-529.0112507511013
-529.8687083645572
-530.7351612242393
-531.616571836496
-532.3545657478419
-533.0899780606795
-533.9541434774675
-534.8101698197939
-535.6706436094321
-536.5403548470639
-537.2563883140195
-537.9702498289886
-538.8397447494426
-539.7384947661532
-540.6556034403299
-541.5620515524232
-542.2339067675381
-543.0683284694678
-543.9628098577767
-544.8173261122151
-545.673365308066
-546.5593405964318
-547.2982780570651
-548.0243191062443
-548.9151385165471
-543.5306146402806
-544.4461694677599
-545.1981050763656
-545.9700633593852
-546.88234603846
-547.7972243863144
-548.693612526994
-555.7293893088554
-556.4789670115516
-551.089176999309
-552.013919067841
-552.7635431767042
-553.5051306966609
-554.4046145155214
-555.3185942261105
-556.2335294359318
-556.9820378728832
-557.7643559810399
-558.7166552764251
-559.6824518574166
-560.4623603839408
-561.2277156246324
-562.1740752855011
-563.0784129910396
-563.8284010600207
-564.5582568170125
-565.4666596809119
-566.3832110751206
-567.165505452001
-567.978960010181
-568.947288254504
-569.9305935549216
-570.7332377508714
-571.5291981593521
-572.4474094628247
-573.3752096204132
-574.160699675151
-574.9246829552462
-575.8457392754553
-576.7991392396175
-577.6057685893056
-578.3963693505268
-579.3561811114147
-580.3274527843956
-581.138389682535
-575.6789181800959
-576.6432185004685
-577.4584582388203
-578.2677161973047
-579.2275930469674
-580.1779944819746
-580.9645505558228
-581.7465628919538
-582.6909636818776
-583.4986439556084
-584.3079610209568
-585.2914674883201
-586.3044608357623
-587.1568258229837
-588.018621352922
-589.0084736754256
-589.8852031619253
-590.6290101110013
-591.5796948959446
-592.3527699080018
-593.1412967478996
-594.1129270350054
-594.8836318798316
-595.7916539413483
-596.822578611369
-597.6887293981173
-598.5722513321055
-599.5946201524563
-600.4196619043358
-601.2536230207988
-602.2199737352904
-603.021162247262
-603.8319659680254
-604.8115323099568
-605.6463694490974
-606.5021838661581
-607.5295494594025
-608.3970926107957
-609.2853469297643
-610.329068762807
-611.1733919038363
-612.0260349980409
-613.035707891543
-613.8235762255842
-614.7097294694294
-615.6997067302457
-616.4810485805386
-617.3809020466505
-618.4131580215429
-619.2754356148561
-620.1586897596615
-621.0486396248981
-621.9697069780613
-623.0369853628015
-617.6114043768318
-618.4710855505734
-619.4844353817803
-620.2722160690303
-621.1369947668201
-621.9272551764931
-622.8516752774993
-623.9324655769091
-624.830981169803
-625.7744149375802
-626.8845013736125
-627.7735556040523
-628.6567287812901
-629.4651304088907
-630.3544117626428
-631.3645815833954
-632.1627758370612
-633.0743490904988
-633.9133823067476
-634.9068376477802
-636.048843637384
-636.9666449819466
-637.8944328182674
-638.782435538146
-639.6705932380733
-640.711518981087
-641.561028410103
-642.441086362723
-643.3266386707197
-644.2338518531537
-645.0926573337917
-646.0736508715557
-647.2145263069375
-648.1339098810756
-649.0660308873435
-649.9678426242745
-650.875429887542
-645.6776564095354
-646.5700422466676
-647.4682299650733
-654.649855935291
-655.5632939803031
-656.4327277758683
-657.4297612207547
-652.018228661086
-653.0147627557105
-654.1895005658395
-655.1332889295594
-656.0577531840305
-656.9548145612935
-657.8650429291616
-658.7307973629715
-659.6500979401933
-660.5137665746308
-661.4823644992975
-662.4116193868597
-663.4577851726841
-664.6503815547319
-665.6206284690969
-666.5754869529682
-667.4913338094236
-668.3354584154175
-669.2566589601396
-670.1678668358865
-671.080474077487
-672.0843125724715
-673.0192127862376
-674.083110366551
-675.0536983323979
-676.090811587849
-677.0382092624084
-677.9677663508569
-672.5936549910787
-673.5093252593489
-680.7229351312282
-675.3781696522142
-682.6148981693755
-683.678929356872
-678.6260367729999
-679.5910761988933
-680.6096337167974
-681.5529668081804
-682.4941495814264
-683.4201688377061
-684.3679239141146
-685.317172726152
-686.3198387209644
-687.2863255080936
-688.1031903996087
-689.1851458628465
-690.158238521416
-691.1876276636706
-692.151614563754
-693.1148107472557
-694.0708449101564
-695.044133752034
-696.0064939836709
-696.9794649371307
-698.0193145643416
-699.0366038138999
-700.0587609973836
-701.0819810866914
-702.1061634117542
-703.115673742707
-704.1056830260113
-705.0773448449296
-706.0576279865903
-707.0492428603642
-708.0624308701487
-708.8839811029779
-709.8898100898717
-710.949892283385
-711.994365081738
-713.0500111566134
-714.0678809039325
-715.059036433819
-716.0459213957051
-710.7595952011759
-718.0337256304108
-719.0186744636482
-719.8476972286794
-720.9339031468558
-715.7664588880676
-716.8164658496204
-717.8786693181567
-718.8663509527087
-719.887035545292
-720.839956522668
-721.8278076463694
-722.6401539861118
-723.6748250284039
-724.7350834418733
-725.9138877238622
-727.02453860891
-728.0966528757104
-729.1191462406719
-729.9059774497692
-730.8980696814763
-731.8812889891558
-732.8898835254251
-733.9610444474055
-734.8356581630646
-736.0129213985409
-730.8702598367435
-731.9482536185998
-732.9792842573695
-733.9823739322363
-734.9766384151586
-735.7777102795634
-736.7923363962047
-737.8765042353127
-739.0376626955563
-740.2123680915503
-741.1265780803546
-742.2221931618164
-743.2659449490219
-744.2758880459494
-745.2671950760134
-746.0847478433235
-747.134233796784
-748.2648890867126
-749.1959860861034
-750.393168658539
-751.5285786339392
-752.6091571136438
-753.6502020668589
-754.4678875819402
-755.4795249800665
-756.5092084960993
-751.3262132039323
-752.4968718439219
-753.4465421448473
-754.6208683584786
-755.7726613569147
-756.6389584063804
-757.6809030500036
-758.7148249168218
-759.5392411136553
-760.6141857215201
-761.7366759465793
-762.9164094237184
-764.1098393587149
-765.0591717025685
-766.199278963027
-767.277206479546
-768.0922221653265
-769.1408054873948
-770.2395111553219
-771.1274382588745
-772.2812182859196
-773.4639845081261
-774.4495470626468
-775.6245910760475
-776.7310999449016
-777.6030285846648
-778.6556238572821
-779.7443953101824
-780.853846340058
-782.0079102192416
-776.6767051088946
-777.901380007251
-779.0860743449224
-780.0033001229889
-781.0979933261088
-782.1904389196633
-783.0706209673996
-784.1823671407673
-785.3262754023552
-786.2814459425972
-787.2639205058442
-788.5022955682657
-789.6710860842634
-790.5716267503999
-791.6804152726143
-792.7938621092146
-793.6848348164286
-794.82100986893
-796.0154080342905
-797.0009391248101
-798.2435942185251
-799.4303906573223
-800.3482829582749
-801.4680698215744
-802.6274783765484
-803.5039887904709
-804.6509190888886
-805.8571142478994
-806.8567707654514
-807.8645319823704
-809.0753109111041
-810.2394441439853
-811.1652676799579
-812.2804038165518
-813.4229276532362
-814.3590318354743
-815.3214898489979
-816.5627448815703
-811.5544487538255
-812.5456616806819
-813.7275994407016
-814.8721605486907
-815.7965915305363
-816.74754390557
-817.8698233350464
-819.0836939122192
-820.1118459808963
-821.4094889863144
-822.6345555740778
-823.5930003146188
-824.5436689496372
-825.6948882431369
-826.868767214748
-827.7876706867527
-828.7782338204298
-830.0772023006922
-831.3305778209826
-832.3593844415051
-833.581856708348
-834.7492276919223
-835.6751721363296
-836.6512082947607
-837.8220716628132
-839.0536735181845
-840.0838753681783
-841.1378782856779
-836.142806608597
-837.3542942693334
-838.3225363002091
-839.2670258120426
-840.4602246737314
-841.6568375896306
-842.6836558464877
-843.7301952809211
-845.0320013246408
-846.3002486440197
-847.3074739315219
-848.2833261759699
-849.4708445545698
-850.6764366898127
-851.6694341665642
-852.6922199958174
-853.9971164685326
-855.3098444418414
-856.3320412785562
-857.3441726620005
-858.3146640305182
-859.539273032776
-860.765779901686
-861.7639746833337
-862.7937495968897
-864.1333941880926
-859.1609590344447
-860.2009061465689
-861.205965488128
-862.2086778896706
-863.4346155915478
-864.6667332688821
-865.6838860080601
-866.7386830562074
-868.0705452574607
-869.3908424882566
-870.595168232949
-871.4605733225983
-872.4701801763563
-873.7114413219568
-874.9799776306982
-876.0069756480825
-877.0617155475592
-878.1373360021516
-879.4748023362284
-880.7754418145981
-881.8834519124616
-882.8280786637337
-883.854287695345
-885.1870877833726
-886.4794526160222
-887.5178146014499
-888.6064455111334
-889.6746933841533
-890.9866538649676
-892.2735282994722
-893.3059948841698
-888.0585802802838
-889.0971558069856
-890.1948240000038
-891.5072733335447
-892.8727681677801
-893.9427666773124
-895.0061994499011
-896.0894653428894
-897.3467309511325
-898.7063094129861
-899.7459841824144
-900.7973977198835
-901.8973073577154
-902.9985971549589
-904.3667148974857
-905.6784849321383
-906.7336396408994
-907.790390645698
-908.8540913624396
-909.9451106449325
-911.3323110980472
-912.6854611421204
-913.7857434234603
-914.8584750037046
-915.9256358882751
-917.0084688694865
-912.0630337252137
-913.4329160472448
-920.8180626741942
-915.6332630564002
-916.7367205418639
-917.8520471875659
-919.2068824967108
-920.527223056609
-921.6107301136527
-922.678160453289
-923.7928485251996
-924.9115047311695
-926.0357278564832
-927.4294888855623
-928.8270261547073
-929.9152133427971
-931.0056378603948
-932.104783561947
-933.1901940088153
-934.3181365483242
-935.7239949678435
-937.118658787378
-931.9623108548572
-933.0802775323795
-934.1842147242271
-935.2729952275325
-936.3793974032847
-937.5015564623598
-938.9290654354281
-940.3464322202987
-941.4727354255132
-942.5993831793289
-943.7227578308699
-944.8363546043212
-945.9489777456863
-947.0737774582768
-948.4836938276678
-949.918864577381
-951.0757262244186
-952.2233163515529
-953.3500451843319
-954.4754081777983
-955.606454232807
-956.7448209352528
-957.8733273461545
-959.2980940945613
-960.7497767741036
-955.6515996779395
-956.7987763432965
-957.9320709792041
-959.0658992327327
-960.2094572452789
-961.3563249420702
-962.4950480328043
-963.6611664939496
-965.13838788755
-966.6043955788076
-967.7485878233566
-968.8928783567114
-970.0468709893095
-971.1953813364812
-972.3445647924781
-973.5196667286467
-974.7062624949173
-975.891044918935
-977.0666360619508
-978.540323263334
-979.9813966472698
-981.1251237090436
-982.2956770507044
-983.4912838858894
-984.6720292635944
-985.8634413018169
-980.7690396666333
-981.9699588340264
-983.1635746019961
-984.3090524549741
-985.4668313566002
-986.949690732548
-988.4656614303685
-989.6613733036219
-990.8570231376863
-992.0674432633341
-993.2503055610263
-994.4399245741045
-995.5993212711079
-996.7836253862596
-997.9950706410023
-999.2172009052606
-1000.4314224898677
-1001.648332483352
-1002.8585400392918
-1004.0555370370463
-1005.5376098804287
-1007.0265510611562
-1001.946697043309
-1003.1674672449676
-1004.4094222330381
-1005.6478089117294
-1006.8560181872127
-1008.0738278030276
-1009.2636806698339
-1010.4728776442295
-1011.6914109323302
-1012.9014701041933
-1014.1417745396856
-1015.3925366760787
-1016.6442281677964
-1017.8590551301295
-1019.0686743874803
-1020.2861001760177
-1021.5111580109036
-1022.741029362824
-1023.9691224589191
-1019.2538010288558
-1027.1131207137355
-1028.3511634242725
-1023.2850840990448
-1024.511364709
-1025.7426941654107
-1026.9777440165838
-1028.2357943198024
-1029.5010253623714
-1030.7686692037303
-1032.014565866342
-1033.2599640602996
-1034.5025345617632
-1035.7356496715443
-1036.9647693797008
-1038.234432438819
-1039.5211031465922
-1040.8063851984605
-1042.0510020163217
-1043.3132315085134
-1044.5785634431911
-1045.8361872074868
-1047.0636749443709
-1048.318360902627
-1049.6111430874732
-1050.9204541569306
-1052.2002353180053
-1047.1822833662538
-1048.4486066096702
-1049.716540281158
-1050.9715476539986
-1052.2454971787724
-1053.5312873303642
-1054.8361584358067
-1056.132827109374
-1057.4243369704122
-1058.697726004557
-1059.964624472566
-1061.227796711646
-1062.5278035111926
-1063.8271040672253
-1065.1300092035285
-1066.430096174793
-1067.7423002157825
-1069.041226714818
-1070.3109654435223
-1071.5739761207842
-1072.8604902583006
-1067.899987531115
-1069.2237260998816
-1070.5535347756224
-1071.86449411887
-1073.1707288166228
-1074.4631767883575
-1075.756912671036
-1077.0466873737764
-1078.3584637805372
-1079.690136447395
-1081.0288855010524
-1082.3526771775687
-1083.6635285482967
-1084.960776290429
-1086.2696491941024
-1087.581776703647
-1088.9128405227536
-1090.2474099183737
-1091.5955330102815
-1092.9427315804287
-1094.2707275258183
-1095.5828404759682
-1096.8938623266044
-1091.935641122957
-1093.2806040691025
-1094.6299081201223
-1095.9812288343685
-1097.3313952645603
-1098.6650620384798
-1099.9936463086283
-1100.9881076152299
-1101.9821608431587
-1103.3263296332452
-1104.6931770556248
-1106.0701617326597
-1107.4322249872375
-1108.765853582897
-1110.1068181978865
-1111.4474746673968
-1112.7937977755885
-1107.8662545850705
-1115.5227009293922
-1110.6216226545619
-1111.9967153143548
-1113.3517340886226
-1114.6962685459212
-1116.0368039908763
-1117.398634377668
-1118.7807302563097
-1120.1619090544436
-1121.5604504188705
-1122.92694924892
-1123.9580262895602
-1124.9770488310141
-1126.3366518561431
-1127.6995959892345
-1129.0953173982427
-1130.4940741323721
-1131.9113307387552
-1133.2764960560125
-1128.3693420375896
-1129.7376506998853
-1131.1226257038445
-1132.4995850047235
-1133.9078444834536
-1135.3138815450125
-1136.7372775865053
-1138.1211271582627
-1139.1639015205158
-1140.1885279690232
-1141.5861719565996
-1142.9820690721838
-1144.4019663017098
-1145.8135056928136
-1147.2412280870512
-1148.6419394225275
-1150.0505740234341
-1151.4286020550521
-1152.8336295298452
-1154.242513977187
-1155.6766850816116
-1150.4692124621986
-1151.554320859404
-1152.962911229473
-1154.3666605589221
-1155.762717969325
-1157.1857643739393
-1158.6203805748005
-1160.0561750010902
-1161.49466475318
-1162.9487808391777
-1164.3704368410577
-1165.4300749125418
-1166.4802588512014
-1167.909394598352
-1169.3568321297864
-1170.8184816947971
-1172.2551069023534
-1173.6961861827124
-1175.1313527319498
-1176.5648132553958
-1171.705121472658
-1172.7878126158982
-1173.8746332944295
-1175.356323087678
-1176.822831637373
-1178.2806172394412
-1179.7119508421054
-1181.1529880741236
-1182.595619047886
-1184.066327750667
-1185.5418891716022
-1186.647590841627
-1187.7487919365235
-1189.2059252011761
-1190.6547673047469
-1192.1060611100202
-1193.5623694084206
-1188.7558489473076
-1190.256530097164
-1191.7525473028468
-1192.8471978241478
-1193.9373135051114
-1195.4066520876856
-1196.8788447790052
-1198.3692037702922
-1199.850308320054
-1201.3399409181197
-1202.8425019175218
-1203.969092744708
-1205.0726524357171
-1206.5266720743548
-1208.0019121920632
-1209.5192529082922
-1211.039514695869
-1206.2576998140019
-1207.7386863175502
-1208.8607847824253
-1209.9830349362433
-1211.4678868997605
-1212.962881486306
-1214.4755150856085
-1215.999606176907
-1217.5227216313444
-1218.6401857579388
-1219.7647407607624
-1221.2576287860181
-1222.7640045500618
-1224.286530804618
-1225.8360275325315
-1227.3655088191947
-1228.8810178839944
-1230.0086245928815
-1231.143217339821
-1232.6594312681582
-1227.90584243432
-1229.4139131182853
-1230.9655122273625
-1232.1290406965472
-1233.2896385828167
-1234.7820687355124
-1236.2906883726378
-1237.8320327044971
-1239.4058518780514
-1240.9473299696638
-1242.102357872158
-1243.2614360712803
-1244.8059662088629
-1246.3463839642436
-1247.8678007087783
-1249.4175189659245
-1250.5999989889583
-1251.77487431752
-1253.3501483617802
-1248.6057688740939
-1250.1363341044005
-1251.683338699635
-1253.2382977942352
-1254.4324325873629
-1255.6134819201295
-1257.1857839330319
-1258.7388709137554
-1260.3023651021388
-1261.8544579295667
-1263.033351908064
-1264.1923195340075
-1265.7944054154582
-1267.3888560926691
-1262.6869243781123
-1264.2353349372156
-1271.6930277308682
-1266.5824569828612
-1268.1828384412024
-1269.775640039043
-1271.3741742827372
-1272.5636590172292
-1273.7486520747602
-1275.3213127782
-1276.906915185107
-1278.4955117645577
-1280.0932772817323
-1281.3035916732597
-1282.5192714487184
-1284.1236276886377
-1285.7020352133786
-1287.2817539463242
-1288.4848050139396
-1283.4302692125177
-1285.053693395181
-1286.659284660206
-1288.257450924515
-1289.472455909051
-1290.6696840742168
-1292.2699125302586
-1293.877901747315
-1295.5227170939536
-1297.165485522693
-1298.3756273789763
-1299.5674822859437
-1301.172904742083
-1302.7961464801583
-1304.4310612518527
-1305.6657117737377
-1306.8971160104797
-1308.5355476064817
-1310.1654994896824
-1305.49871234462
-1306.7160922670782
-1307.9448418747152
-1309.6084208144218
-1311.2612494770815
-1312.9010903656167
-1314.1376697909911
-1315.35896390764
-1316.986058888128
-1318.6233001090543
-1319.8758151049049
-1321.1455618477842
-1322.801269067166
-1324.4332582261038
-1326.0788476766227
-1327.3247712510636
-1328.5745437153967
-1330.2266320689967
-1325.6135505071418
-1333.5803957145117
-1328.5543820383343
-1336.0813073322845
-1331.4316008437668
-1333.0976584735217
-1334.3654896591684
-1335.648322731033
-1337.3343022451043
-1339.0056090136495
-1340.6611798296324
-1341.9198787455302
-1343.1845191361645
-1344.8682332696285
-1346.5562257655802
-1347.8428947118837
-1349.1081375174863
-1350.797743985348
-1346.1683952640417
-1347.8654283822616
-1349.1297391133653
-1350.4303916374936
-1352.1530633204547
-1353.840907535833
-1355.0834809806913
-1356.3568206311224
-1358.0549491519769
-1359.7732070561867
-1361.07247532343
-1362.3444581137956
-1364.0607028515744
-1365.7658164803977
-1367.0594364592398
-1368.3230158062745
-1370.0371274296394
-1365.4798071314378
-1367.2521433166626
-1368.5293204854663
-1369.7963127607811
-1371.4814351160828
-1373.212400114528
-1374.5233962311565
-1375.8398216694675
-1377.59983723733
-1379.2988640338358
-1380.610699104688
-1381.8883415726232
-1383.6219629582206
-1385.3575717173471
-1386.6886600752734
-1381.7274136285737
-1383.482100747961
-1385.1914570453323
-1386.5049774663512
-1387.7972120374288
-1389.5662312114387
-1391.3369621008178
-1392.66015021506
-1393.9767411845787
-1395.7273618043505
-1397.056688904522
-1398.3233743435749
-1400.1104183878194
-1401.8737237389323
-1403.1998004495304
-1404.5095428506434
-1406.2796821610384
-1401.7560293779802
-1403.076890966502
-1404.4034482986822
-1406.2093909900818
-1408.0072192271814
-1409.326839676515
-1410.6292992745327
-1412.3950700322193
-1413.7549489618557
-1415.122154075087
-1416.9116525469904
-1418.672998530383
-1420.0140605483518
-1421.3723506353722
-1416.879443439156
-1418.6600365946367
-1420.0120650559527
-1421.3762844697214
-1423.196278250206
-1424.529077082068
-1425.8453114579524
-1427.6313995165483
-1429.4742225748107
-1430.8560374339545
-1432.208965578159
-1433.9931155980873
-1435.344037730979
-1430.4330285211556
-1432.252188204742
-1434.0616747445972
-1435.4252371257078
-1436.8101084936284
-1438.6411353554165
-1440.0030095077348
-1441.3409898672487
-1443.1632274787517
-1445.0313190292238
-1446.4110679078042
-1447.785155486464
-1443.3108662386207
-1444.673157640686
-1446.054431239085
-1447.9033349771053
-1449.7487377532414
-1451.1363525315278
-1452.5123611309534
-1454.3687232409225
-1455.7298728979124
-1457.112582939864
-1458.9579711735396
-1460.3674004341487
-1461.7675645750173
-1463.638361116638
-1465.4709689376023
-1466.829006435687
-1461.9454220844411
-1463.8326449628694
-1465.2575896866933
-1466.6403927910465
-1468.4960169536698
-1469.8806537586656
-1471.2933129185872
-1473.160710352265
-1474.57215464752
-1475.9809387605587
-1477.8708116836726
-1479.7419395604861
-1481.1335649237128
-1482.5293391891723
-1484.4276172495913
-1479.6020311909585
-1481.0173260130205
-1482.8876796632046
-1484.2791339600374
-1485.6901647586035
-1487.6030439701508
-1489.0264899303145
-1490.4532915024024
-1492.3509192573747
-1493.7777959722162
-1495.196961297871
-1497.0916879237807
-1498.5155933904146
-1499.9558597158295
-1495.596712115959
-1497.5130569053426
-1498.934596476369
-1500.359350606382
-1502.2760793115992
-1503.7205941003833
-1505.1815180140463
-1507.0973397785208
-1508.5360579099397
-1509.96538324228
-1511.8853399165503
-1513.33611675951
-1514.8170863505943
-1516.741441342494
-1518.1989440695263
-1513.345717784106
-1515.2521101462053
-1516.7096855838768
-1518.1720476520136
-1520.132859579439
-1521.5759840546082
-1523.0311437125442
-1524.95723703121
-1526.4164685687256
-1527.8843530558026
-1529.8556850923396
-1531.3144066716554
-1532.7853234272486
-1527.9569785274118
-1529.41813494611
-1531.3741881270587
-1532.8401787557254
-1534.328580045472
-1536.2993995495087
-1537.7689348854183
-1539.2307788190549
-1541.1897713930373
-1542.6736970449936
-1544.175757682574
-1546.15482761845
-1547.6367585346543
-1549.1073987358834
-1551.0824091346938
-1552.5711361136516
-1554.058685548855
-1556.070380749676
-1557.5567070722454
-1559.0549586174693
-1554.7390322904384
-1556.2341397926295
-1557.7221090634846
-1559.246977272683
-1560.7540886953252
-1562.7520090827172
-1564.2336790197016
-1565.7239581913377
-1567.7360797233937
-1569.2559914831506
-1570.7769749100435
-1572.772907622192
-1574.2683388301095
-1575.772728548089
-1577.2865377815644
-1578.8044864068652
-1574.5398408383774
-1576.0702303533344
-1577.5752712511119
-1579.597865799155
-1581.1007553391626
-1582.6239123672142
-1584.6682714012861
-1586.1903371908247
-1587.7230707455935
-1589.224243183446
-1590.7352635810828
-1586.4851053913403
-1588.0373957950196
-1589.5802236852376
-1591.6202129000708
-1593.1292856915234
-1594.6512133198705
-1596.1927456542933
-1597.7397800897827
-1599.8092917016422
-1601.3371469284643
-1602.8814918497362
-1604.9236920147962
-1606.4660597429202
-1608.0202998050822
-1603.294264607575
-1604.8549668355429
-1606.9171037235124
-1608.460657696485
-1609.9996250792467
-1611.563364371524
-1613.120447078445
-1615.2188708110252
-1616.756952381306
-1618.319735558967
-1620.3682421170347
-1621.936247096136
-1623.5179611491906
-1618.8106986739213
-1620.3763159093642
-1622.450932452587
-1624.0098837244598
-1625.5712053453478
-1627.1472321861713
-1628.719970266858
-1630.826324238644
-1632.4135010021505
-1633.965056235803
-1635.5468166435196
-1637.1056032865126
-1639.1949079260653
-1640.839177752316
-1642.4125146260467
-1637.6965903364007
-1639.2680939013735
-1641.3765083653172
-1642.9930346865813
-1644.603113959051
-1646.1833044007244
-1647.7715292990679
-1649.8516653783306
-1651.4870837027152
-1653.0841678658958
-1654.7079821400623
-1656.3065592344408
-1652.1403488485087
-1653.7430574627892
-1655.3473660803213
-1656.964572850734
-1658.5805742051512
-1660.7215154791668
-1662.3307071163706
-1663.9303079346255
-1665.543195659201
-1667.1615606891417
-1669.3275172807032
-1670.9387645973832
-1672.5563104732762
-1674.1459592369285
-1669.4874146180705
-1671.105285374514
-1672.7294543260891
-1674.9318848180042
-1676.5248801082103
-1678.1622272769062
-1679.7747632786566
-1681.4033456790496
-1683.6188959918475
-1685.252514199667
-1686.8854732174218
-1688.5020288068906
-1690.1211712288625
-1691.7847214026044
-1687.159157148413
-1689.350275653613
-1690.9885038624016
-1692.6267114250509
-1694.2662355481282
-1695.8728918351687
-1697.5624982992872
-1699.2278756070011
-1701.40553618055
-1703.0720030763448
-1704.7010974100062
-1706.3607563353723
-1708.0384969894392
-1709.7219187799594
-1705.0575455592038
-1707.253369212057
-1708.9236366012267
-1710.6068890895958
-1712.297019598927
-1713.9828811532775
-1715.6399988382339
-1717.2866034035342
-1719.5021680662865
-1721.1895894139566
-1722.8544911861238
-1724.5669907247407
-1719.9525820346846
-1721.6100659699398
-1723.2608719641676
-1725.5163834049497
-1727.2436389521838
-1728.9403440267888
-1730.603986327439
-1732.2619901809626
-1733.9760112980687
-1735.6343858325724
-1737.3620184440256
-1739.0789651541395
-1735.018221018916
-1736.7360723773008
-1738.4128125720172
-1740.1085065167747
-1741.8459923876926
-1743.5523594646074
-1745.219133181463
-1746.911570484608
-1748.6301668169438
-1750.3351283247728
-1752.0548502366612
-1754.3400153888792
-1749.7641989729432
-1751.4869562538015
-1753.1882030928307
-1754.952529015567
-1756.6750960014083
-1758.3936822982675
-1760.0804450701175
-1761.8045003780073
-1763.5409971783279
-1765.2813207054896
-1767.5917320624694
-1763.0370233426968
-1764.7406455682583
-1766.4702323921858
-1768.2044345102684
-1769.9587517112839
-1771.6859749510415
-1773.4473765069922
-1775.1679924309583
-1776.905968579923
-1778.6276165807067
-1780.9683216758744
-1782.7405499412173
-1784.4865903269924
-1779.9455779396253
-1781.6657403037716
-1783.4156735021472
-1785.1983839028114
-1786.959096500318
-1788.7119286176119
-1790.43632209067
-1792.2009479220503
-1793.96374354152
-1795.743008800765
-1797.514018424816
-1799.26195741561
-1801.0259768816716
-1802.7750007355603
-1798.856365191385
-1800.6238309443095
-1802.413506654419
-1804.1917461774315
-1805.943125687646
-1807.7153162968043
-1809.4968528545223
-1811.2990756291267
-1813.087014562767
-1814.8560905819882
-1816.6232414983149
-1812.1267545321105
-1813.9274764700333
-1815.7239013215174
-1817.522498256742
-1819.2857226827275
-1821.0665826775357
-1822.8620070072216
-1824.6755004824645
-1826.4765959955316
-1828.2656639178183
-1830.0536451503895
-1831.842801829002
-1833.6613263858876
-1835.4866807201456
-1831.6024576321063
-1833.3922221746245
-1835.1876904320877
-1837.012032383817
-1838.8430297539242
-1840.6624977431768
-1842.474393275684
-1837.980846492376
-1839.7925123691489
-1841.6228945973342
-1843.431490880213
-1845.2773400621024
-1847.0773678118603
-1848.895194106476
-1850.7344585430665
-1852.5977726003491
-1854.435735475396
-1856.2497458732842
-1858.0677779804137
-1853.6140850164763
-1855.4230283270897
-1857.3153412792901
-1859.1715584464819
-1860.9769929973181
-1862.792857559164
-1864.6200988728876
-1866.4779558696412
-1868.3342529714257
-1863.91794851265
-1865.7580171362158
-1867.5722263682637
-1869.4086065669928
-1871.269244969646
-1873.147640421651
-1875.0186168294565
-1876.8495536107607
-1878.6767465799094
-1880.5296179086017
-1882.3905619846971
-1878.0037220211457
-1879.8684561167156
-1881.7315332037106
-1883.579741166619
-1885.4363449422062
-1887.325663962554
-1889.1919763728613
-1891.0749288993875
-1892.9301953771526
-1894.797458332977
-1896.6797169435906
-1897.9336223114822
-1893.5411969606912
-1895.4099173341344
-1897.2799736591971
-1899.1538057967582
-1901.0477464590954
-1902.9479360110952
-1904.8282383304381
-1906.707405636071
-1908.581396531538
-1910.4818065318632
-1912.3878290494963
-1908.007753595345
-1909.8971927516736
-1911.7706202137708
-1913.670240398902
-1915.5720980919766
-1917.4872414251508
-1919.3891429223834
-1921.308447715278
-1923.1910947385752
-1918.8134264501857
-1920.7316832823456
-1922.6431373159098
-1924.5468731231338
-1925.8236638681228
-1927.7302018672497
-1929.651980702751
-1931.5881767441056
-1933.5075006143843
-1935.4079962891528
-1937.31763515012
-1939.2350254636328
-1941.1777582778136
-1936.8369977788536
-1938.7568995261051
-1940.6607066636673
-1942.5798859996337
-1944.515355884533
-1946.4697522075223
-1947.7607369100158
-1949.701706967404
-1951.630362186308
-1953.5533889790456
-1955.509465436996
-1957.4376455499944
-1953.10653423123
-1955.049312243051
-1956.9998043372052
-1958.9480790203856
-1960.8935678359276
-1962.8429986007625
-1964.7859771250987
-1966.0840847758845
-1968.02561915899
-1969.9895097286526
-1971.9619998575372
-1967.6222311742115
-1969.5689667550184
-1971.5297886359715
-1973.4992672336027
-1975.4933170415368
-1977.4539208817253
-1979.4087268187286
-1980.7075306119098
-1982.6826762444991
-1984.669641305542
-1986.6456705943476
-1988.6298683369978
-1984.3039157873973
-1986.2788946610394
-1988.2575658667286
-1990.234480804266
-1992.2238918677926
-1994.1895429309084
-1995.5194040809697
-1997.501435979241
-1999.4970155478072
-2001.5037035798068
-1997.194935849782
-1999.1801706303665
-2001.1728962603213
-2003.183691794159
-2005.1996503017156
-2006.527850168452
-2008.5125470723513
-2010.4997047436048
-2012.4852864419652
-2014.4993284820835
-2016.5270937006303
-2018.5287495516516
-2014.2494049223378
-2016.2636095715777
-2017.604813537588
-2019.5964628327176
-2021.61868986633
-2023.6324613352433
-2025.6546253919262
-2027.6854336667661
-2029.7108777915062
-2031.0483262692203
-2033.0573565432167
-2028.7834134125362
-2030.8166072618465
-2032.8658481114821
-2034.9077614249338
-2036.922135680524
-2038.9323096288767
-2040.968686698286
-2042.3285962944096
-2044.3863701564776
-2046.430601756376
-2048.4543751629953
-2044.1955370942405
-2046.232355937152
-2048.288109278383
-2049.64614610416
-2051.696736771633
-2053.7358156031996
-2055.7898467707764
-2057.843103575645
-2059.206481786221
-2061.2588399504593
-2057.013500029098
-2059.0753213078356
-2061.1458511988544
-2063.216977436088
-2065.2782089758325
-2066.6368685041416
-2068.6875517366893
-2070.746708543834
-2072.8178929865044
-2074.9087902105634
-2070.705848744766
-2072.8148749544926
-2074.1650728792974
-2076.238762279144
-2078.296811776093
-2080.3519343742046
-2082.427775931384
-2083.8121508316913
-2085.898011217837
-2088.043607544951
-2090.094905534633
-2092.165823973329
-2087.9697226585586
-2090.065749803098
-2091.4738386425006
-2093.5589320247373
-2095.6562903358695
-2097.7289876695813
-2099.7951320128245
-2101.1822097093445
-2103.2950194422074
-2105.414756553457
-2107.507305671363
-2109.6007851020254
-2104.7412172346617
-2106.833930442754
-2108.94189660286
-2111.022672355256
-2113.124272849633
-2114.5418105787
-2116.669647994451
-2118.8054118609916
-2120.9184408516862
-2116.739141049975
-2118.8567183749383
-2120.9880995326625
-2122.406894591242
-2124.5246773135786
-2126.647881715411
-2128.783549023923
-2130.9147826687363
-2132.3506431870296
-2128.19605716104
-2130.305745251653
-2138.7166681094395
-2134.575304209625
-2136.005053331758
-2138.1665485523645
-2140.2931452840367
-2141.6995590357787
-2143.8332018632123
-2145.9851047849893
-2148.15433283612
-2150.310183031506
-2145.447515553389
-2147.600002338987
-2149.757162429014
-2151.9033403635053
-2154.0535515270853
-2155.488646748586
-2157.6466257314582
-2159.823493438621
-2155.7239331886435
-2157.888901860428
-2159.337947332705
-2161.4869534660706
-2163.6443398097945
-2165.819195050718
-2168.001659939895
-2169.456772012559
-2171.6388757749746
-2173.831362765262
-2175.2738433027293
-2177.449346000415
-2173.316768648097
-2175.4738293786277
-2177.6790364050303
-2179.127011879564
-2181.3558282809686
-2183.5547773559165
-2185.733363100154
-2187.914843955984
-2189.377288030864
-2191.5697825362477
-2187.457193123993
-2188.94138416918
-2197.428865039359
-2193.37193056174
-2195.597573623614
-2197.7884187886466
-2199.25031639309
-2201.4433669897194
-2203.6639476889904
-2205.1285189845003
-2207.3490496509935
-2203.2765126712297
-2205.496831478983
-2207.7238833427136
-2209.205789160405
-2211.42450134608
-2213.6238386051814
-2215.107068257381
-2217.329302368644
-2219.570149899983
-2215.5331944805603
-2217.769067166521
-2219.2408747019103
-2221.4802206672166
-2223.7167574244945
-2225.21429242567
-2227.443873862993
-2229.6874312141604
-2225.6523247339337
-2227.91810954095
-2229.4203416857163
-2231.6712326675
-2233.8912132732235
-2235.3857614745443
-2237.6286385462813
-2239.882417243871
-2241.347740916406
-2237.3261274833844
-2245.8971754985505
-2241.9084298745684
-2244.1342082283704
-2245.6939765353427
-2247.9314023835263
-2250.165211840398
-2251.706558061644
-2253.9480100799487
-2256.2021896410542
-2257.742979886697
-2253.747577696498
-2256.0718681246394
-2257.5812121186973
-2259.860412764615
-2262.0953300859246
-2264.368064444492
-2266.644131630257
-2268.1975445966264
-2270.4775285848427
-2266.4553176307445
-2267.9689075383067
-2270.3423832887834
-2272.653455586882
-2274.1662825863636
-2276.4559378100284
-2278.7159898552427
-2280.2636299392184
-2282.5821627890136
-2278.5548987797943
-2286.4201117650996
-2282.457514450426
-2284.7924825342457
-2287.116010283406
-2289.4017009961963
-2290.926416649751
-2293.231358225903
-2295.565123972008
-2297.11152145262
-2299.4411242407054
-2295.4793252220534
-2297.047816058216
-2299.374981792656
-2301.7059515181536
-2303.2325823145948
-2305.5534140999744
-2307.8839989544513
-2309.4456967527667
-2305.510823196265
-2307.845395264527
-2309.417120459085
-2311.758654993502
-2314.0947268066393
-2315.659282948073
-2317.99873419377
-2320.3401896128335
-2321.9115411817493
-2317.9610675423132
-2320.31672666058
-2321.8918362611967
-2324.2808063434973
-2326.645795407157
-2328.1821837742564
-2330.5678792770186
-2332.9376766807604
-2334.5173489737267
-2336.870343506834
-2339.222692946948
-2334.53912760213
-2336.8723065549666
-2339.2696042898733
-2340.8334168033625
-2343.2092925237907
-2345.6028531481534
-2347.212689799069
-2349.5941006379
-2345.683680558784
-2347.2935883612045
-2355.9748929075517
-2352.0834690947386
-2353.6438827458232
-2356.018989622253
-2358.4082939255723
-2360.030227390985
-2362.4430595127783
-2358.506718158098
-2366.424157547364
-2362.56438446959
-2364.964940151841
-2366.5693758356683
-2368.957407712841
-2371.3525627915005
-2372.9762991375364
-2375.3729400268767
-2377.787158322743
-2379.3738047621814
-2375.485143344922
-2377.968739378954
-2379.6021438786343
-2382.0343056648644
-2384.3966641640995
-2386.058142420204
-2388.499011864078
-2390.930710861123
-2386.237447311879
-2394.142898530314
-2396.5682762278648
-2392.7054450246887
-2394.3505797475177
-2396.800566396837
-2399.240674137566
-2400.880550415265
-2397.0483320621283
-2405.7816081795595
-2407.4105113874007
-2403.559431074273
-2406.0124777121105
-2407.616114396742
-2410.076034437352
-2412.5383190827324
-2414.1869282532484
-2416.6518907387963
-2419.1378993561057
-2414.4879650764524
-2416.1775345826113
-2424.906308614343
-2421.0796023524
-2422.7305080398146
-2425.1956573586954
-2427.647921144077
-2429.245841675397
-2425.4256104688116
-2427.9199349368027
-2435.8653689262374
-2432.0466462157156
-2434.5335717461585
-2436.201955517534
-2437.9059132963275
-2440.409040076973
-2442.891328346261
-2444.560401227305
-2447.0426989386433
-2443.2498768307223
-2444.8989270247303
-2447.3791731644624
-2449.875629906019
-2451.5373406784547
-2453.2100119816046
-2455.7394231446838
-2458.248952080941
-2459.918628005439
-2456.1730371968993
-2458.690825478289
-2460.3661037221455
-2462.8584376057065
-2465.3421161913398
-2467.0098706634067
-2468.684560291282
-2464.943501387845
-2467.415370342309
-2475.393167339493
-2471.6874297284585
-2474.2658951763547
-2476.0029283111107
-2478.507505058795
-2481.030645680763
-2476.442755031601
-2484.3910406236114
-2486.9114074647887
-2483.1227939655823
-2484.809011804299
-2493.58944376778
-2489.814217514854
-2491.503692695436
-2493.2028855781386
-2495.741705056213
-2492.038464263172
-2493.7719759134548
-2496.337036890367
-2498.930232316394
-2500.668074861438
-2502.384715402043
-2504.931661164943
-2507.473386525198
-2502.896761236507
-2505.45315708912
-2507.983068413567
-2509.665600017234
-2511.376995976072
-2513.917650842682
-2516.4724616254
-2518.1683202190034
-2514.422794823862
-2517.000836111894
-2525.018500032362
-2520.4565280579045
-2523.0790664580995
-2525.694191542362
-2527.4585538789493
-2530.1122092452047
-2526.4154303578775
-2528.1296558943527
-2536.1293232412636
-2532.4312229091706
-2534.988373263123
-2536.690104456326
-2539.2390645302667
-2541.790408608933
-2537.2212231616077
-2545.21524468409
-2541.5051052017398
-2544.124695798833
-2545.8627398538656
-2547.643949726754
-2550.316878567904
-2552.999111705488
-2554.770491641705
-2557.452707201678
-2553.7855177543993
-2555.5307723628734
-2563.5312811111776
-2559.832552714286
-2562.397365469175
-2564.091554763784
-2565.833299855312
-2568.399352566232
-2564.71553298203
-2566.470297606915
-2575.376039127712
-2571.7568958677093
-2573.546186317881
-2575.3015036802863
-2578.0192312887866
-2580.726125646816
-2576.2355518628665
-2584.2834223302657
-2586.9500046752332
-2583.2770438040243
-2585.0277908587354
-2586.758539493763
-2589.3715212799702
-2591.9880196696467
-2593.725114448557
-2596.353908214968
-2592.7013376073237
-2594.441893182358
-2602.480885097315
-2598.849483066547
-2601.4828068128886
-2603.226204258107
-2604.9705760351053
-2607.606336830162
-2603.936948232764
-2605.674734240289
-2613.69115454222
-2610.0014401827334
-2612.599077714065
-2614.3185659879573
-2616.0340862158732
-2618.5739495889275
-2614.90798403207
-2622.936364356409
