1.16359539104629
-1.4958836340465422
-2.7307703976789117
-1.4548825835620234
-1.77027184197457
-2.0773837614636763
-2.1426518137094024
-2.198955854539782
-2.167454300838767
-2.1687020167909976
-2.1771062641414027
-2.157138985538352
-2.1637656372260463
-2.1941031237749753
-2.182516867016284
-2.1544486447385767
-2.1894835324133344
-2.2197079084298346
-2.2403328639034066
-2.222340967283378
-2.225232687789859
-2.211324560462723
-2.208825639276497
-2.2378501115940588
-2.2900185033486307
-2.28067207585038
-2.2969779084081727
-2.3323385516547845
-2.345508897683599
-2.343081838554785
-2.3221682110036177
-2.334494794202081
-2.348355864313482
-2.3634364251726128
-2.374498531182724
-2.379906714490186
-2.4022694442375054
-2.4658449388893837
-2.476954157119339
-2.4872102789842794
-2.4944533686179837
-2.5052821519117656
-2.529507169607913
-2.5348284923911497
-2.561190311666712
-2.577702438139157
-2.60564993419531
-2.62688717584936
-2.633353893184069
-2.6438718816518882
-2.6555637696016805
-2.6892507886199364
-2.7046603873414794
-2.713846407734667
-2.737141982909204
-2.7759067860847884
-2.8321303788730408
-2.8367857225187882
-2.8486886005756484
-2.8770456260105033
-2.917046988410399
-2.932559294491598
-2.959777382309329
-2.97647387773369
-3.009546782500653
-3.0239615006177307
-3.039392808677514
-3.075783808933692
-3.113739261450672
-3.174807373667259
-3.195881743640383
-3.218042117426147
-3.2499614592160073
-3.291900179483116
-3.328339603650376
-3.3682193879259508
-3.4038772952989382
-3.4307952571009865
-3.457071422858942
-3.4916751113045343
-3.530781077717363
-3.5601626473926777
-3.57919501349177
-3.626446410096036
-3.665932717463376
-3.694072519433446
-3.730254930063741
-3.7731797837015515
-3.814383347848263
-3.8488264931815874
-3.8828884307769576
-3.9183470480470532
-3.9647239466195168
-4.012857913547154
-4.052430546199186
-4.075636739366224
-4.115024232923522
-4.158972096618237
-4.198922499110753
-4.235408682523517
-4.278686782982101
-4.305954605911133
-4.384448055196894
-4.41811177193396
-4.450289012770089
-4.499841113986089
-4.551114824943576
-4.5660353295263825
-4.603002009135574
-4.649120934531022
-4.702123724916081
-4.75286755671023
-4.8038299558613335
-4.844789001865011
-4.910889283794327
-4.963037476481376
-5.017403157029317
-5.063514013039161
-5.11595668401856
-5.171940262790484
-5.198937539510562
-5.240064391226292
-5.282168479737036
-5.334330796863301
-5.398468229193498
-5.464212255141215
-5.527814691771611
-5.587365665664071
-5.627453674528313
-5.679424874293218
-5.743466705991494
-5.80439939317672
-5.855554703663074
-5.885958332622014
-5.973149121960182
-6.014001199918586
-6.063082168460265
-6.135409184520068
-6.177318573855881
-6.242219673038178
-6.313620379005167
-6.371659094380702
-6.439237990798912
-6.4999648996255415
-6.556874284324121
-6.621353089633043
-6.662200664131367
-6.718687439714762
-6.806713801671018
-6.872044616840613
-6.92901132939581
-6.992302159543939
-7.037750073831505
-7.1077911092393995
-7.173404625687874
-7.237167719158701
-7.303523793378704
-7.370480921421919
-7.4386974689894245
-7.519261806119621
-7.578728549133878
-7.649233259867036
-7.722850651691916
-7.793610024370777
-7.865326610950732
-7.914866277689412
-7.981607686424676
-8.05312476713636
-8.127967881825386
-8.196174872812215
-8.261953385514722
-8.332439079891538
-8.425673866989653
-8.499748363302853
-8.572670753336359
-8.651280860174271
-8.72864980437471
-8.804829964628567
-8.861578170578332
-8.927955528352017
-9.002140407398958
-9.09269007308143
-9.173060456731855
-9.24384306182119
-9.314655340112557
-9.39362916455847
-9.474296859886513
-9.55751346390171
-9.635455808423814
-9.715899475604088
-9.795896662983866
-9.886958512119461
-9.967372512319987
-10.045512921062269
-10.127144882457616
-10.212733740885914
-10.30098460756881
-10.369446475818279
-10.451179266311113
-10.53969492808148
-10.625682136851735
-10.703676389819922
-10.787846809198317
-10.877188637314017
-10.97020571108245
-11.055703770615056
-11.151160248500423
-11.238487236785923
-11.32196840680884
-11.414811679094445
-11.44150449403311
-11.579737302568057
-11.666115720087086
-11.757474916924883
-11.846237225858554
-11.933962193309899
-12.026749169082166
-12.12265764712411
-12.213278404833742
-12.305106948476148
-12.398533086087177
-12.491224078571163
-12.58440275417946
-12.691805591904323
-12.786428020607485
-12.879135343067565
-12.972696770284218
-13.068952163800478
-13.16597316601109
-13.263700665261744
-13.349357515451828
-13.451174395731305
-13.54953503530782
-13.645140225049902
-13.749758664181117
-13.854353558690113
-13.945599993584802
-14.05105612726841
-14.117986181868567
-14.257305256649644
-14.363958805924977
-14.46532742862984
-14.561978522944676
-14.662914419445272
-14.766384380315717
-14.872707417136361
-14.970840432647082
-15.068300485442736
-15.180385337674009
-15.28559276236183
-15.387542542874243
-15.483615786461538
-15.590409004410956
-15.708593528965624
-15.825136558377423
-15.9235769344054
-16.004686217350535
-16.15016556232049
-16.22705734591351
-16.33291294406981
-16.435275078746365
-16.545966762774757
-16.691225324051302
-16.810596674566057
-16.91345360349573
-17.01779361084455
-17.14368787266574
-17.263792259566927
-17.372633067853574
-17.47857119363326
-17.588382447840857
-17.706581106693708
-17.829272634922095
-17.94212586328579
-18.05167124409146
-18.176842594514007
-18.29673322720121
-18.410545583918292
-18.498117791421546
-18.652548201119835
-18.767914025114298
-18.884470237695528
-18.995669998776844
-19.109495227095156
-19.231254730470887
-19.35863007824022
-19.484226837707393
-19.601525097320344
-19.719568225685485
-19.842371561923326
-19.968328363199014
-20.06534016642807
-20.226865835561785
-20.317603286710963
-20.44313371684436
-20.569909729005882
-20.68927080468662
-20.809559037040753
-20.938712110087113
-21.100304163545452
-21.223849973309168
-21.336259779382132
-21.46662352796624
-21.606798066965766
-21.741506913756556
-21.86608012724796
-21.989185784213436
-22.12055413539201
-22.25013555057867
-22.38080410249118
-22.512632650458933
-22.643871318673167
-22.775410028664187
-22.907376302959396
-23.022523224566655
-23.15826466481346
-23.289763504892736
-23.42380799902978
-23.56306645747989
-23.704023287262903
-23.83398852205646
-23.96535168235615
-24.126273225375428
-24.267534547055398
-24.400462334596394
-24.534496904942504
-24.67355152748515
-24.81606139490319
-24.961617368844326
-25.095613589153714
-25.23150299233177
-25.380892344697198
-25.520198122212523
-25.635436987615755
-25.77017326668447
-25.914105258124323
-26.061190221467765
-26.208231270004894
-26.37549370419634
-26.511415967021662
-26.65630350789828
-26.80923079370351
-26.948550771736755
-27.08845999896694
-27.23629309647963
-27.39190357452256
-27.54048819394024
-27.666379187120405
-27.830795866296228
-27.97912055696431
-28.131438684967986
-28.282936869217142
-28.426468649662628
-28.55254056215403
-28.70501335337729
-28.85991737855579
-29.01585287769573
-29.16239661204601
-29.312181232391893
-29.47170466760875
-29.620127981781863
-29.771770656473418
-36.195638211953685
-36.383910973669316
-36.54373836942332
-36.69449429010015
-36.842476582568324
-37.004221990300294
-37.166434929772926
-37.319959769587406
-37.47869397883727
-37.63969901855524
-37.79617750318159
-37.934276273137954
-38.09701303938225
-38.25592427196851
-38.413644744570625
-38.57774613675356
-38.74192777989282
-38.89739933141992
-39.08066725339473
-39.24134495103715
-39.406412033752844
-39.5750432783354
-39.71682509290476
-39.87842784223163
-40.051726211531516
-40.2138256271734
-40.382762947075825
-40.55296913502018
-40.72276415899961
-40.88273754806457
-41.04708154102586
-41.21936549631171
-41.38006070724155
-41.547972484456245
-41.722778080947464
-41.894013827765896
-42.039974160144645
-42.21285260725466
-42.38420090035092
-42.583541534751234
-42.756708985372896
-42.92140306144076
-43.097650684682755
-43.27723831888988
-43.435549275245066
-43.60904844451216
-43.791496961740684
-43.9518466473055
-44.12446179241237
-44.322448478151166
-44.50444873340343
-44.68000541637548
-44.85594736105034
-45.03571251359535
-45.21500513931582
-45.390005167707066
-45.56500713040823
-45.74396838954973
-45.90457285434415
-46.08947117117231
-46.269996745679414
-46.44597409676912
-46.63392385709332
-46.84214453384068
-47.01872199794992
-47.20397102176857
-47.39459161336886
-47.56884672800533
-47.771066496062616
-47.946179372118635
-48.135023448929225
-48.316688125292444
-48.50195654475509
-48.695268661886914
-48.88189075831867
-49.07409627046065
-49.26739124024063
-49.45690317365414
-49.64450087007523
-49.836370271292346
-50.025638613790655
-50.223874124633745
-50.42127301404724
-50.5958736375078
-50.78122651274175
-50.96437033083297
-51.16953511904708
-51.39299388260094
-51.58049426858849
-51.76135878692471
-51.96341338914733
-52.17676762762501
-52.37028005931538
-52.559675692088895
-52.76965172774759
-52.98565448398924
-53.17312675135335
-53.36391309356545
-53.56598940505198
-53.77003396345741
-53.97740344956988
-54.181468752424166
-54.384174802479606
-54.58771512357598
-54.79618960359315
-55.004893934411264
-55.218139090501616
-55.43759348793198
-55.642690241538574
-55.85263429966167
-56.07620294743734
-56.28568020904348
-56.46537913897575
-56.6814583554107
-56.90946217480938
-57.127785909433996
-57.334017995069125
-57.5459985921763
-57.772472348733544
-58.009803321634955
-58.226570613842405
-58.43371807548202
-58.65822189892975
-58.89717175695422
-59.11971266527684
-59.3259942226631
-59.562993331097275
-59.80663523288048
-60.03694224039147
-60.25667292495007
-60.48303765147063
-60.72497715097479
-60.972220137712554
-61.196343875401816
-61.42490197498415
-61.6690550209688
-61.91644277598932
-62.16038058849704
-62.38940178338597
-62.62094381732147
-62.85622064252969
-63.10157338129456
-63.37263292000697
-63.62665822827919
-63.84871235391099
-64.09824970357873
-64.3753775336143
-64.65455110465768
-64.88760220381339
-65.12894107119152
-65.39206970320782
-65.63024096026597
-65.89180449983206
-66.13492397423599
-66.3862426471532
-66.64142879785528
-66.89756052861112
-67.15882837731515
-67.41697508356906
-67.67720810118009
-67.92714478342077
-68.17374785886105
-68.43922112146649
-68.7057201643788
-68.9437164104177
-69.20206410929977
-69.46528309451286
-69.7294402737691
-69.97664811183095
-70.22884179875209
-70.49878755229281
-70.74811462933098
-71.00497684258993
-71.25360953734908
-71.49507092700216
-71.77154953021483
-72.01450586513249
-72.25325937524644
-72.51527165288604
-72.76807071115134
-73.00413998900085
-73.25390461593636
-73.52377867870545
-73.77041564444743
-74.01960703844554
-74.28499379187896
-74.52028898133975
-74.76665469925116
-75.04331178705273
-75.29702785505224
-75.54137815122672
-75.790613966047
-76.02574386645097
-76.28058211235582
-76.54047343530323
-76.79110294396006
-77.03916280377273
-77.28638580158972
-77.549568948373
-77.80989197830766
-78.05966161351809
-78.30667745051899
-78.5745567260161
-78.84758995140947
-79.08474010757547
-79.3243657238246
-79.58505512832812
-79.86386983386322
-80.12199443766261
-80.3627556866026
-80.61284349061343
-80.88839373047335
-81.14172224405199
-81.38749139974612
-81.64824813566985
-81.91143788141474
-82.15941717452536
-82.41003805324337
-82.6891974712052
-82.95834149231031
-83.20005539341226
-83.44864382726517
-83.70692196222254
-83.96590055994095
-84.2477910420841
-84.52333782012632
-84.7772147535294
-85.03636817278124
-85.29244905001673
-85.55331731003837
-85.82310805209895
-86.08896193865608
-86.34438916125491
-86.61279207628625
-86.8823657074514
-87.14757263594404
-87.41776453074439
-87.69029814114931
-87.96424845824649
-88.24275204677461
-88.51427504236126
-88.77643884790984
-89.05801709879857
-89.34082479192695
-89.61539861973985
-89.88651478712613
-90.17306305036237
-90.45936960552702
-90.726378551042
-90.98949128616896
-91.27509456887837
-91.5704930552254
-91.8681555372595
-92.16148678418487
-92.43690777146396
-92.7150635540248
-93.00666498824681
-93.30680687331225
-93.58792873987373
-93.87256301590122
-94.18512710183374
-94.49936587555767
-94.81210800990637
-95.05933297000202
-95.40772305539143
-95.67465742560127
-96.03178788926431
-96.36410078474138
-96.61609003757414
-96.91546676238758
-97.24131894426054
-97.60711963729436
-97.93649759892128
-98.26186788876929
-98.5230098225476
-98.84362427295784
-99.14861368871878
-99.54019064090978
-99.80883016757237
-100.13379090409437
-100.4445491845968
-100.76869908702766
-101.11038383124527
-101.45289428548475
-101.76106846509103
-102.07902997083663
-102.42071992666627
-102.721093212833
-103.0902237374118
-103.36809134599595
-103.68789989126905
-104.01817163909213
-104.34140999489216
-104.657732198953
-104.95080287330777
-105.27524658192087
-105.60564285993374
-105.89771377905456
-106.21378955929572
-106.52523436548427
-106.82019110771486
-107.1442930720223
-107.4709256714093
-107.76220489289321
-108.07884600903434
-108.40503551056682
-108.71159540587873
-109.00602928996032
-109.3172763129723
-109.64095759648553
-109.95931119916449
-110.26212871218428
-110.55821224320917
-110.87687728347898
-111.1911873714297
-111.49501084694518
-111.80734667538003
-112.11829569496625
-112.42324031070295
-112.74619779838724
-113.0782835223802
-113.39328746782473
-113.70450047991856
-114.01582801514253
-114.32525875078984
-114.6354262715952
-114.94903618875595
-115.26283117413605
-115.59703790738826
-115.94081783350052
-116.26401153014835
-116.58918414660455
-116.90779829315292
-117.22213582903447
-117.54627973448564
-117.8761721865248
-118.21669388935685
-118.54354156281619
-118.84254601735265
-119.17609479092098
-119.54798502806388
-107.29038104427582
-120.23127894552078
-120.48619253025412
-120.81421216754474
-121.18458921806224
-121.53869841780471
-121.8771761160227
-122.23032787088071
-122.59148536240973
-122.9578755552035
-123.31763957987438
-123.65486250468123
-123.9911683347915
-124.36171040398453
-124.73142383690681
-125.10545073796288
-125.48765516199954
-125.83768125393408
-126.17344953328724
-126.55583996638865
-126.95252459259376
-127.34456802021865
-127.70482843354486
-128.0352008201501
-128.41840536242304
-128.81186337684284
-129.1726160755533
-129.51354905095005
-129.8987566885285
-130.27244403680402
-130.62712835744017
-130.9761263718321
-131.34818318179472
-131.69479142494205
-132.0460688626245
-132.4245087698091
-132.7773259343034
-133.1226097706058
-133.5320124498611
-133.8777488141841
-134.22164826109713
-134.57030214956558
-134.92510083984277
-135.2693359862536
-135.6072419978025
-135.9822417339549
-136.36023122606494
-136.72192765722278
-137.06533772526055
-137.41328449410102
-137.7300888357434
-138.08255421818268
-138.46030426742527
-138.78318876674666
-139.15675654651676
-139.48656443414396
-139.8775178206571
-140.27651369032955
-140.6290866950231
-140.98139599103607
-141.3494050051302
-141.64123106319857
-142.0404601598199
-142.37690254009703
-142.74601324014324
-143.11682294336387
-143.52529508281248
-143.9119363066331
-144.23657921390304
-144.67107625173608
-144.95740463702919
-145.33892749414537
-145.78569731126322
-146.10889707891747
-146.50315465834484
-146.93679525567072
-147.25104235710697
-147.64387978417255
-148.0836729999614
-148.481007018402
-148.82041303144877
-149.21677713357303
-143.33348263662535
-149.99670753848605
-150.36963808114442
-150.8457488237954
-151.20093843116194
-151.58107468101207
-152.0375369730816
-152.3911828980196
-152.77001480769624
-153.25671274687159
-153.6826045613164
-154.03368365967165
-154.36320941021137
-154.8236817844184
-155.26182825392314
-155.63484113134118
-155.99298741863973
-156.3604447249898
-156.7659608738402
-157.16381118124517
-157.5477286771475
-157.95869969354905
-158.33141387191566
-158.72145390414533
-159.14754988618347
-159.50663772737443
-159.88476094136345
-160.26257128965398
-160.64309466006992
-161.091211313409
-161.52080892549415
-161.9149165233285
-162.26730490529545
-162.65493728134268
-163.07751987247138
-163.43398378757922
-163.86701091899138
-164.26002974717116
-164.68135723831296
-165.09189050819393
-165.5233307131271
-165.91654305572794
-166.2809026981025
-166.6837670758912
-167.12846955901333
-167.46777068327398
-167.86909960150314
-168.27812117743503
-168.69398126113643
-169.14171633831128
-169.5457129142886
-169.96536641762788
-170.32137054214402
-170.75050750437865
-171.1595950134439
-171.57401426461325
-171.99469133200438
-172.41458657191455
-172.83806009874064
-173.30946857073891
-173.7223522521339
-174.1148807983031
-174.54064452463086
-174.9623225960615
-175.3857299438679
-175.77965914752366
-176.16047375181776
-176.59824702675814
-177.0200605771365
-177.44511956611163
-177.88063597546918
-178.3164489421742
-178.75106364310838
-179.2331145176764
-179.6383532580051
-180.0492259060888
-180.4345574625038
-180.86854962392616
-181.31479264494192
-181.81140331558248
-182.25628067080976
-182.65866881285876
-183.0179024101587
-183.4772892601197
-183.93088808219338
-184.37812030296246
-184.82910539170268
-185.31211672204492
-185.69277576622952
-186.1075021067506
-186.55094347238528
-186.9616600293599
-187.36796182209363
-187.86482086001044
-188.32530490550073
-188.7823437872421
-189.15877440003618
-189.57262750025302
-190.02765746501666
-190.48256957221497
-190.88893246133733
-191.34406425197201
-191.80131929959052
-192.18283043432308
-192.5900863255145
-193.06294012999757
-193.49908533861577
-193.8994521137543
-194.35950119994362
-194.83023172962726
-195.26762702535257
-195.71182931553062
-196.17549320133773
-196.59062450168008
-197.0905402299568
-197.57975101704912
-197.9678487059421
-198.4554298843353
-198.91377222269202
-199.36324201281357
-199.8673641627031
-200.25157948125081
-200.71596899280695
-201.21876782487678
-201.6600624246453
-202.11272902522813
-202.58293508735267
-203.10365938675392
-190.93582985156903
-204.00560981417865
-204.51974527082362
-204.924513088925
-205.42787024223085
-205.8228128583892
-206.32625641940618
-206.73545051156037
-207.19314139024797
-207.7412616825931
-208.14641411389965
-208.64458610773224
-209.05786523351784
-209.5514102034117
-210.0002634646823
-210.44427136210027
-210.91213130577563
-211.36353919311176
-211.81667127486605
-212.25679905892684
-212.67562074985386
-213.18731886692058
-213.66668122766674
-214.09806907736956
-214.5193220495719
-214.9474222277931
-215.46339532734962
-215.88960940737798
-216.40028855151908
-216.89609021260483
-217.36995738011797
-217.8057548431575
-218.29234168781997
-218.80050475010577
-219.24742770488734
-219.81309800245836
-220.25186013460026
-220.74965689994661
-221.2750898871275
-221.73979200287582
-222.24939977000562
-222.75651662943673
-223.26120911083507
-223.77264148274674
-224.25014415866252
-224.73992737741486
-225.24110838948994
-225.68883248710569
-226.1801259749325
-226.67458320980134
-227.1204206693709
-227.60662153659464
-228.10820717873406
-228.53288175107573
-229.01766012968494
-229.51619536300453
-229.95165902994046
-230.4308276660964
-230.918448947336
-231.35740700230494
-231.8573627770138
-232.34839870549567
-232.78121031464175
-233.2876256616388
-233.8056800366555
-234.2642392104465
-234.71495247041153
-235.22615294245006
-235.76444772209692
-236.2412969019864
-236.71475183352902
-237.2680528722897
-237.82346882079258
-238.32401906865033
-238.83222740414217
-239.39718357654309
-239.97762739992075
-240.48366879313556
-240.9846979615367
-241.5475699033455
-242.1004309996241
-242.5799906098548
-243.08459496314458
-243.56678016721628
-244.10679377245296
-244.6327664663152
-245.1046524257103
-245.57743466229678
-246.04499075920458
-246.57925139471078
-247.1082797126818
-247.56921466047183
-248.0064604912926
-248.47198621742808
-248.9357358536463
-249.39694071270264
-249.91303372556118
-250.442367731582
-250.9257261133135
-251.406573559627
-251.881487458817
-252.3635791809209
-252.85020311050513
-253.45750089912684
-254.01502470779758
-254.54437301017705
-255.0765854707485
-255.61941436642036
-256.1739281655995
-256.74146985643716
-257.29847920575736
-257.8598425069729
-258.4468907539747
-259.0651203260872
-259.6605689135904
-260.2278345436872
-260.7525460363251
-261.2440071562452
-261.7546701971134
-262.2608480620979
-262.76204017331685
-263.2472915204222
-263.72928747215377
-264.2197739150648
-264.7239161282334
-265.2275455453985
-265.71228701370126
-266.19234819520034
-266.67368094518605
-267.16939260964944
-267.67985847882017
-268.1972302675531
-268.7073282945219
-269.22285902231994
-269.7403742843261
-270.27623442932605
-270.8212425875301
-271.37818843047177
-271.9675061070985
-272.5703424862887
-273.1630771094514
-273.7435117827896
-274.3470634202934
-274.96482663208315
-275.55894946980266
-276.1721823415798
-276.72268966492237
-277.2889479200459
-277.8646967863483
-278.40215576402124
-278.9344786302221
-279.4636103604036
-279.98817187092305
-280.45031355321174
-274.6284327844007
-275.14946185778433
-281.95621522975017
-282.47450000861653
-282.9784057578683
-283.52417466112877
-277.76992984142896
-278.31398932947036
-278.85929820929954
-285.6870221281403
-286.18966237994096
-286.7031906804087
-287.2835626863879
-287.88739439412154
-288.5157683457282
-289.159628846738
-289.79663945331436
-290.4129520737563
-290.9753756579632
-291.54539028894385
-292.15344821328324
-292.75198941240905
-293.35156005306675
-293.94861395562106
-294.4608894837248
-294.94584655176016
-295.5009484615609
-296.0725945384657
-296.62725926692946
-297.16922625683395
-297.6499684919644
-298.1408231732921
-298.70450461486837
-299.26981014467
-299.83005306863834
-300.3283739010941
-300.8320444498113
-301.4314275277108
-302.0236723321308
-302.6338091554019
-303.17158923034197
-303.7765289351105
-304.4384076420869
-305.09308567689925
-305.6998149413182
-306.2774895662998
-306.9297314232115
-307.5814590816912
-308.1278971216285
-308.72177742574934
-309.32906642920113
-309.95261501254174
-310.46589428252196
-310.97572592844324
-311.5507763260988
-312.1457774207541
-312.66213969317744
-313.1757311167306
-313.771405993617
-314.3664410152838
-314.8853796680243
-315.4035557651204
-316.0121666626097
-316.5605673526041
-317.1092628691761
-317.74106053802325
-318.32931469061276
-318.928047353881
-319.61889377994186
-314.0126767879318
-314.61175978914486
-315.2227219351519
-315.9191509148594
-316.50345515929035
-317.1088961594293
-317.7680132743586
-318.33435418637146
-318.89322195635026
-319.5115132697992
-320.05909752458285
-320.6082617933852
-321.15246306713703
-321.6940785602515
-322.30904188059736
-322.8659000588022
-323.4325377207453
-324.0696209774044
-324.6366176988764
-325.21328242425295
-325.88817580620236
-326.46919179625996
-327.0704081316015
-327.70849870626677
-328.3505985992833
-329.07055516071824
-329.6895357941362
-330.31432176545195
-330.9374476362198
-331.5307726688505
-332.20320184646755
-332.7926948845841
-333.3886861776246
-333.97619174673684
-334.55203632724897
-335.12266841951913
-335.70125549787446
-336.35559668234697
-336.940330110389
-337.5147433470767
-338.09366024957853
-338.6909506601636
-339.3019516629396
-339.9239543082186
-340.54653325835915
-341.17484748385345
-341.9112867794051
-342.55051497098697
-343.20702670719146
-343.85697913152836
-344.5027673388195
-345.1402150772681
-345.77692974779916
-346.41805457075566
-347.0418129846256
-347.6420685416486
-348.2355817223652
-348.83584566800283
-349.4356427265701
-350.038230009343
-350.6399827374316
-351.2530331487691
-351.86347464392384
-352.4938133335971
-353.12387710644913
-353.7473575814136
-354.385404771052
-355.04509541342304
-355.722420612899
-356.3977138416002
-357.0761968730972
-357.77358186952875
-358.4620571504349
-359.1242640763695
-359.77884020007514
-360.41769831696007
-360.96624321015486
-361.58258472559976
-362.209646788184
-362.8373416658707
-363.4693022482607
-364.09994205463533
-364.714373456246
-365.33146332930573
-365.96203366359117
-366.5190484774064
-367.1682168966753
-367.823259934063
-368.50090335786695
-369.2162295950476
-369.83140303073907
-370.54718224459344
-371.27025330521525
-371.9967788941021
-372.7019491584054
-373.28542897454037
-373.9602744402166
-374.6312968672942
-375.2940256752424
-375.93908893372225
-376.49401784558466
-377.12246511993413
-377.76705081924615
-378.40173108282147
-379.04152516912666
-379.6035807978213
-380.2640348640596
-380.943807856285
-381.5374738265868
-382.24267649049006
-382.97478897207833
-383.730469473867
-384.49009175719107
-385.1488380488819
-385.896090543224
-386.6232949414514
-387.24762572970883
-387.9517087015994
-388.6335700320926
-389.2123386150844
-389.8828497680248
-390.52975098772396
-391.0861745572771
-391.71973112086437
-392.39276965184126
-392.9642336368975
-393.63365658923925
-394.3287631539398
-394.9413630888319
-395.56453949089007
-396.32414350275195
-397.10224368505635
-397.7884049722608
-398.5965833823601
-399.37066468459386
-400.02981772204896
-400.8021670942238
-401.5349764237713
-402.12899032411724
-402.7297373539989
-403.3867922817339
-404.07651506012127
-404.6368795369789
-405.30915194663044
-405.9803450086727
-406.5746035696006
-407.1705536075395
-407.885274753163
-408.65818764918686
-409.31817697238375
-409.9868366377036
-410.80624014362115
-411.64884582493073
-412.36704814044344
-413.0627274039046
-413.85450730856604
-414.6058591352099
-415.2501634372823
-409.5909793150352
-410.30443992852975
-411.01103776293684
-411.5986683061581
-412.19459166269337
-412.79396709110085
-413.48573072256454
-414.1917998000161
-414.8189559684835
-415.4783250185908
-416.16500625836653
-429.5269863192844
-417.8074922806588
-418.55221356860346
-419.29994299979245
-420.0264443092529
-420.8462125243446
-421.633154956673
-422.28858468819885
-422.9347331754232
-423.5647704889459
-424.31275838899387
-425.0332955272249
-425.6461483992146
-426.2542731053422
-426.86349995225083
-427.6050407977781
-428.37436260879866
-429.0456944419667
-429.7517723846237
-430.4730528243174
-431.28195381652216
-432.05451965526436
-432.92556428771854
-433.75548302103243
-434.4687784172461
-435.1562013242826
-435.818873206429
-436.4687579184079
-437.24268542160706
-437.9781602388546
-438.61478148603027
-439.25263067011906
-439.911694637198
-440.57241674078347
-441.23980815455826
-441.9213509006045
-442.75050085074065
-443.6260710252134
-444.42053721012815
-445.2117205248757
-446.0027698896679
-446.7410639330542
-447.47019576139695
-448.17103673536735
-448.84825382977687
-449.6488383686571
-450.4199758788493
-451.07965903433967
-451.7411353228705
-452.4088444596333
-453.0876367451421
-453.7996502574037
-454.4996105236695
-455.21591519050247
-455.9580580582367
-456.7348755681209
-457.52345872206126
-452.1606910356934
-453.07762398722576
-453.8591816008916
-454.6047408058974
-455.3167201622812
-455.99083490202486
-456.6864099086606
-457.37191436039944
-458.04401911483126
-458.72525459220424
-459.43131198926454
-460.14781934910786
-460.89062496982103
-461.63124510362957
-462.4028397201123
-463.19454168941235
-463.98342395809055
-464.77640820393185
-465.55097378845835
-466.36995999194187
-467.2655412016572
-468.12176191760614
-468.8496757244126
-469.5523724824536
-470.2766581868485
-470.99158939033737
-471.701915008643
-472.4231365861236
-473.1626569149224
-473.91187842062044
-474.66456463660296
-475.4561184062859
-476.30621932491147
-477.1284533233043
-477.9395347306084
-478.7431864437335
-479.50981899821727
-480.2999058222919
-481.01867380839155
-481.79362913877645
-482.5398250295374
-483.25229772326196
-483.98863929776934
-484.7378238894409
-485.5011005453467
-486.2744875382193
-487.0651566954387
-494.0057609821678
-488.40563127527264
-489.22877247258
-490.09791581468306
-490.9224385391132
-491.7302983910331
-492.52332549460317
-493.3182867950036
-494.09324396126107
-494.8466846676917
-495.5997838155685
-496.33467912318997
-497.11094020125984
-497.8921548435614
-498.69572438072277
-499.52236574533515
-500.35420497955255
-501.200882416614
-502.0373592603431
-502.8995964500096
-503.56938673015367
-504.24468337319956
-505.0507690680645
-505.8409241925057
-506.63368359050503
-507.4336511295484
-508.2324256634041
-502.7250146068385
-503.5302382751432
-504.35917214666904
-505.1850870660667
-506.0177851403326
-506.71158249005566
-507.4367437757638
-508.2928504912808
-509.1279986101743
-509.9972131165572
-510.82651026449105
-511.64686635057114
-512.4571270457986
-513.2561974446843
-513.9327598902779
-514.5962978421103
-515.43849930621
-516.2917994578693
-517.141572371914
-518.0202361923417
-518.8955604905399
-519.7521561100967
-520.4946037693649
-521.189736714396
-522.0335118276031
-522.8557491444444
-523.6878916713599
-524.5388391602972
-525.4037970930999
-526.2656260209179
-526.9762851246725
-527.6688028499693
-528.5437112736576
-529.4056125436359
-530.2717493710959
-531.1389806709069
-531.9123229324048
-532.6061259655936
-533.4784197551758
-534.3741484690573
-535.2328446518691
-536.1078801535833
-536.8260116571814
-537.5353986213839
-538.392974512795
-539.2804307081404
-540.1870629614461
-541.0353161618589
-541.8259542659537
-542.5431480964622
-543.4510823018642
-544.3354925083243
-545.2057939483619
-546.0810048297188
-546.7957536963772
-547.5668465092358
-548.4483616950455
-543.0513462888229
-543.9546794949357
-544.7133565459142
-545.4976949383306
-546.4200498383289
-547.2841082310615
-548.2053685830643
-555.2138511294917
-555.9918198313071
-550.6029484439097
-551.5164241949847
-552.3165793687954
-553.0486150091853
-553.9361683811342
-554.853347911375
-555.7712770811969
-556.5133851348868
-557.2886528503233
-558.2426728043906
-559.1559100579539
-559.9008291698243
-560.7224897488674
-561.6744617844494
-562.5981349964836
-563.3959579143532
-564.1589374051839
-565.0435560481857
-565.9178962600844
-566.6766742955282
-567.4754002429598
-568.4353069745431
-569.4144110141971
-570.2367245511376
-571.0751134731413
-572.0425360001153
-572.9729356884827
-573.7444031027603
-574.4686778331227
-575.3714237037934
-576.2801625103752
-577.1257495377854
-577.9089340939862
-578.8611497669531
-579.6215795986832
-580.6567399239301
-575.2197177975788
-576.1876709970354
-577.0077813484033
-577.7720906148922
-578.7400040507863
-579.6963565163811
-580.5360909004435
-581.3478821761561
-582.2823862414697
-583.0514736383952
-583.8585915030193
-584.8254254179569
-585.8111210408963
-586.6461410673621
-587.5284394740728
-588.55069433258
-589.3742389370452
-590.17450058819
-591.1594124663259
-591.9222938949736
-592.7178245438502
-593.6547871278531
-594.5063921231775
-595.310359589313
-596.3116787794602
-597.1748279775413
-598.0868133560824
-599.1479143572503
-599.9959950837447
-600.8835491379338
-601.7940872405911
-602.5676035464649
-603.3885918068863
-604.3529291224179
-605.1429082256604
-605.9969850974546
-607.0564941184338
-607.8710841741706
-608.8290646042525
-609.894781468188
-610.7599340947379
-611.6370638660391
-612.6513046607076
-613.5001508660177
-614.3652973569217
-615.3442156479425
-616.1408584881909
-616.991221530231
-618.0268870250659
-618.8521634422093
-619.7297376443652
-620.6164222358826
-621.5549142652021
-622.6450457412416
-617.228192378921
-618.0673577957657
-619.1536286677886
-619.9738629945975
-620.7556301821467
-621.6289035741953
-622.4286636496025
-623.4673286587303
-624.4041173438324
-625.3440934992655
-626.474467356473
-627.3893686123718
-628.3085351926499
-629.1960964914834
-630.0559396448388
-631.0639305630928
-631.8903845819646
-632.7531776431291
-633.6030941461987
-634.5019299469567
-635.6318020882926
-636.5638623821594
-637.5339122908765
-638.4544792386873
-639.3680257599759
-640.4190592991428
-641.2633453361453
-642.1004377057596
-643.0043773736095
-643.9035427143846
-644.795688410364
-645.7338582464924
-646.8815861419969
-647.7983918551724
-648.7567517344426
-649.6619892881818
-650.5727705474426
-645.3770154191567
-646.2707144743339
-647.200350227652
-654.3518604333487
-655.2821141437945
-656.191882214809
-657.0795720247886
-651.7772714911774
-652.710939189931
-653.8769197160042
-654.8252156564363
-655.7699257278036
-656.6800393678096
-657.6003558073447
-658.5192716967761
-659.4281076586946
-660.3125770328021
-661.2347939612828
-662.1752816624817
-663.1774357095712
-664.3553681487462
-665.3387539390341
-666.3265535448501
-667.2687545542249
-668.1875495197888
-669.0846861350799
-669.990314834715
-670.9011966717317
-671.8436466659433
-672.8002831133282
-673.8176738755405
-674.8371650101635
-675.8454086218812
-676.8213135199767
-677.780890421567
-672.4165850738228
-673.3305866977541
-680.5380706999421
-675.2078094408168
-682.439018361635
-683.4416205823796
-678.3443203455128
-679.4172503013247
-680.4173599920897
-681.3802726330694
-682.3377804611022
-683.2666840375466
-684.2006608023694
-685.14334438899
-686.1480852397725
-687.1310704515324
-687.9429758282835
-688.9956601323516
-690.0304525821415
-691.037450529991
-692.006982805994
-692.9749147105696
-693.9340922077864
-694.8990319305138
-695.8576984444422
-696.8642886545429
-697.8750782005164
-698.9261074729826
-699.9497087440933
-700.9786842734626
-701.9718509856301
-702.9779627182958
-703.970836579085
-704.951448926728
-705.9362744084705
-706.9343124225317
-707.9583918449533
-708.7603968815426
-709.7878796639967
-710.8181612079788
-711.8697648276752
-712.9282114295979
-713.948482045303
-714.9491106087714
-715.9553461443054
-710.6845319475448
-717.9706344613857
-718.9579003734698
-719.7163397782454
-720.855766541742
-715.6453985352997
-716.7059280047899
-717.756453145535
-718.7631869465913
-719.8113213745398
-720.8004184861593
-721.8127418259614
-722.6381107024771
-723.6580874741564
-724.717872152023
-725.830104725993
-726.9418687004381
-728.0284627581699
-729.0712788331086
-729.8934078506079
-730.8985499198484
-731.8817623216593
-732.8901028265099
-733.960979172108
-734.8346443354855
-735.9576058623873
-730.8234780067751
-731.947641249762
-732.9848464127671
-733.9863420764084
-735.0085225971114
-735.814275334607
-736.8185526738694
-737.8839639379279
-739.0379862941687
-740.2078831989178
-741.105544498545
-742.2244787670453
-743.2859659443059
-744.3079265699877
-745.3010168678445
-746.1226506329903
-747.1738676277982
-748.2879343041991
-749.208229097532
-750.4007736754328
-751.55794126916
-752.6593783587899
-753.6879336191682
-754.5144894143588
-755.5367075569213
-756.5590984012598
-751.3683707598897
-752.5520509035155
-753.5019025785436
-754.6851435531224
-755.833030186255
-756.7120280047407
-757.7645884226424
-758.7572980923856
-759.6072648983873
-760.6900207215674
-761.8056973483094
-762.9804943390716
-764.2102626368808
-765.1502266663729
-766.2639930695593
-767.3428372547286
-768.1793668882266
-769.2233210441635
-770.2951260487765
-771.2109664324004
-772.3771380609518
-773.5707449764888
-774.5490637889029
-775.7371092317386
-776.835715109392
-777.6776680836002
-778.774097463958
-779.8468312146982
-780.9842928720833
-782.1138989761237
-776.7895999113897
-778.030669619762
-779.216243781896
-780.1210528305794
-781.2088084527917
-782.306712876394
-783.1794332908289
-784.2832787267664
-785.4576710678066
-786.4231187357522
-787.3822657798254
-788.6274344589611
-789.8091491050664
-790.6981477807029
-791.7999798105773
-792.9184533047768
-793.8138547743287
-794.9428242262845
-796.1441878303563
-797.1374338744231
-798.3819594467551
-799.5668792814438
-800.4886430980845
-801.641968078991
-802.7408379102757
-803.640548184963
-804.7811837044976
-805.989665124286
-807.0036991854529
-807.9977319173684
-809.2071798685223
-810.3964669777804
-811.315264724744
-812.4276709302466
-813.5734746563089
-814.508440441103
-815.4655927014292
-816.7054722642289
-811.7064697919648
-812.6948295323594
-813.8672827027086
-815.0224424110406
-815.9511819528241
-816.8615594718057
-818.0437595413234
-819.2279883707589
-820.2471583175027
-821.5425104073946
-822.7726701681003
-823.7345819765417
-824.6841900442028
-825.844751569171
-826.9878291354679
-827.9387792312709
-828.9204903859746
-830.1924161604907
-831.4702229686911
-832.4971728946648
-833.7144275459041
-834.896270178388
-835.8282716547046
-836.762156015057
-837.9597873860407
-839.2080672087711
-840.2348297040675
-841.2727292802113
-836.2730101116766
-837.4943294468467
-838.4591651250895
-839.4079877504678
-840.6950731600452
-841.8742351110593
-842.9006859809508
-843.9435650348407
-845.2247397099527
-846.4464160325332
-847.4371836909056
-848.4034039589167
-849.5967773289568
-850.8102617445841
-851.7918315873322
-852.8165907693597
-854.132763985965
-855.4446656217822
-856.468039404538
-857.4664127387751
-858.4444951542779
-859.658199176274
-860.8771346144443
-861.8798874478931
-862.9223472736638
-864.2859513354392
-859.2716638884966
-860.3194686537711
-861.3265754534441
-862.3177529010935
-863.5303714173784
-864.775386435471
-865.8294661387167
-866.875447847493
-868.1996930333611
-869.5397666738486
-870.6029381435551
-871.5692023942075
-872.5670087163847
-873.8100503793374
-875.0768014545052
-876.1203594248234
-877.1814632474042
-878.2375035966205
-879.5708896358256
-880.8607535901481
-881.9286916140412
-882.9416863828329
-883.9339159958816
-885.2344811174568
-886.5636712782272
-887.6232262429739
-888.7036725559493
-889.7700421887796
-891.0705100819409
-892.3531597752818
-893.3754041413049
-888.1243828236792
-889.1661203186985
-890.2740013637844
-891.5837124577753
-892.9541482437864
-894.0250167311062
-895.0797951078872
-896.1119784860865
-897.4145297599972
-898.7318148520817
-899.794971368946
-900.8639791838987
-901.9655370802161
-903.0636216853549
-904.4020998684766
-905.7276118092013
-906.7796925415296
-907.8305917164275
-908.8909919867903
-909.9755112342109
-911.3412622834443
-912.7109073175609
-913.8132518473608
-914.90284807486
-915.9670565470534
-917.0159902330244
-912.0734407669232
-913.4434893716691
-920.8185079928256
-915.6332860028929
-916.7378525527304
-917.8520742849616
-919.2073819286209
-920.5370456013229
-921.6152807975968
-922.7068632613933
-923.8084809067781
-924.922006791044
-926.0400784886906
-927.4377253842855
-928.8288643229333
-929.9182760706634
-931.0161477082663
-932.1046625505635
-933.1883690713315
-934.3175647492033
-935.7269852255317
-937.130047592431
-931.962272857966
-933.0796258425546
-934.1867151845297
-935.2737081673787
-936.370071500033
-937.5005024546792
-938.9293924265907
-940.3465200353696
-941.4709781819663
-942.5949288704869
-943.7224585883006
-944.8335122095936
-945.9401494251322
-947.068928530074
-948.4813543730485
-949.9194187205723
-951.0612677696943
-952.2184371519398
-953.3456040334108
-954.4648613142069
-955.5953976051661
-956.7358946505103
-957.870402262771
-959.2870325108993
-960.7407466378606
-955.6442654234327
-956.7915968035688
-957.917532783572
-959.0481323332465
-960.2055021053294
-961.354797456516
-962.4925871677527
-963.658833055722
-965.131491223778
-966.5909447163757
-967.7343515664771
-968.8737897753291
-970.0158205543698
-971.1646766028183
-972.3399160939407
-973.5196658955895
-974.7050552929869
-975.8845128478675
-977.0652136403477
-978.5285771473134
-979.9678834294772
-981.1180238347564
-982.2951108325057
-983.491735214012
-984.6655651746544
-985.8633982949123
-980.7687515927594
-981.968675934228
-983.1372408511163
-984.3001237507164
-985.4511400179648
-986.9497460649196
-988.465881430519
-989.6601770323464
-990.8734456618748
-992.0675364857668
-993.2493075728236
-994.4253340957332
-995.5949721551958
-996.7793751733326
-997.9912421262158
-999.2070447485765
-1000.4293606175318
-1001.6484116036587
-1002.8488658739532
-1004.0308343345175
-1005.5246773375504
-1007.02670345779
-1001.9466117591145
-1003.1661330037933
-1004.4135796900993
-1005.6489408273194
-1006.8553034796294
-1008.0547733694108
-1009.2544366129405
-1010.4728317588604
-1011.6871065241738
-1012.8960265283205
-1014.1430607018741
-1015.4019865051966
-1016.6448050144297
-1017.8534521172535
-1019.0627575643082
-1020.286139227718
-1021.510951666325
-1022.7350097844565
-1023.965822210889
-1019.268346723129
-1027.1128162482776
-1028.3419912313198
-1023.2820875639466
-1024.515807148829
-1025.7430811372926
-1026.9776760565949
-1028.237755887414
-1029.513644965469
-1030.7685437600844
-1032.0073552375354
-1033.2534712870813
-1034.50634478342
-1035.735689014323
-1036.958858542639
-1038.2340870693138
-1039.5372795742032
-1040.8179016986269
-1042.0509962707138
-1043.3083484958072
-1044.5923368578162
-1045.8365308263253
-1047.0636866599152
-1048.3224261749108
-1049.629816984864
-1050.9338632651074
-1052.1958140567483
-1047.1758327627874
-1048.4522656989739
-1049.7166217080417
-1050.9656052619296
-1052.2458053702637
-1053.5464789226455
-1054.8493401368153
-1056.1376362649228
-1057.4243326170251
-1058.704497206715
-1059.9651229488982
-1061.2248693569022
-1062.5276337845037
-1063.8440024194635
-1065.1479029543323
-1066.434193755436
-1067.74227818145
-1069.0458327860322
-1070.3128517114349
-1071.5738431285074
-1072.8719387081555
-1067.926413893692
-1069.2606746589904
-1070.5539171621808
-1071.8653160711772
-1073.1747391775104
-1074.4726422032563
-1075.7568596097888
-1077.059892211273
-1078.3811046574824
-1079.7212721410206
-1081.046320118802
-1082.37251998913
-1083.6764355345747
-1084.9655051406728
-1086.279518755845
-1087.6073343278204
-1088.9322781649291
-1090.2742787051072
-1091.616593975555
-1092.9646189018329
-1094.2827589114195
-1095.5893126861843
-1096.9140917947298
-1091.962798600606
-1093.324765647882
-1094.6660633071638
-1096.006616204648
-1097.370249509642
-1098.6769796490037
-1100.0002667482122
-1101.0044607304692
-1102.0089532877498
-1103.3530859435702
-1104.712930926383
-1106.1009971181481
-1107.4661675106186
-1108.794279718928
-1110.118295777537
-1111.4698798791947
-1112.8283437228483
-1107.89658217013
-1115.5397775949614
-1110.66271649848
-1112.036004492719
-1113.3756201662006
-1114.7011838404908
-1116.0605640366705
-1117.4310205398829
-1118.8150582535484
-1120.1993476285277
-1121.5809819912186
-1122.9634430627466
-1123.9797180056232
-1125.0074830735532
-1126.3657824965283
-1127.7359947921466
-1129.1148694825122
-1130.5238394109085
-1131.933080021613
-1133.3090353879177
-1128.385903753794
-1129.7553474788863
-1131.151557895172
-1132.5279680249405
-1133.9235106807225
-1135.353506718306
-1136.8043517333554
-1138.15302986711
-1139.1869524980557
-1140.2041764887085
-1141.6112775208896
-1143.0107602328828
-1144.418910290391
-1145.8387005993472
-1147.2730152959402
-1148.6723051126992
-1150.0532525217602
-1151.4482236165043
-1152.8664344827125
-1154.2935844857423
-1155.7015487051212
-1150.4945481557513
-1151.5825720793507
-1152.9935345993163
-1154.373398243399
-1155.7719338361737
-1157.2156601480385
-1158.6626838698392
-1160.0849566904515
-1161.5194213729628
-1162.9695745097079
-1164.3973796770192
-1165.4473870801044
-1166.4923746312265
-1167.9386996489486
-1169.3989065476874
-1170.8496698616439
-1172.2752463562656
-1173.7214859106743
-1175.1575081318156
-1176.5794994246721
-1171.7253065644022
-1172.8089718682168
-1173.913144193176
-1175.3855523676502
-1176.8426063454237
-1178.3085211146597
-1179.7426906697012
-1181.1771563007753
-1182.6145825688027
-1184.0946293797683
-1185.5763526756075
-1186.6787454626037
-1187.7669208554266
-1189.2244473435355
-1190.6816631857484
-1192.1359068627542
-1193.5839628576812
-1188.7824413450091
-1190.2925212638681
-1191.7759420802781
-1192.8624350385323
-1193.9548921588926
-1195.4103529183565
-1196.8930220511725
-1198.3877741166018
-1199.8790484902804
-1201.3755022883668
-1202.865605265746
-1203.9848692895036
-1205.083267583432
-1206.552581052667
-1208.0265464548745
-1209.5398606251395
-1211.0606515277452
-1206.2804971135674
-1207.7553549949835
-1208.869329072271
-1209.9890863800674
-1211.4882863215569
-1212.9784681540561
-1214.4900022547208
-1216.0155879152799
-1217.5414518836458
-1218.663126697627
-1219.774533123766
-1221.2609442615485
-1222.7781290137943
-1224.3097358250664
-1225.8439403485452
-1227.3689373094692
-1228.8834974857862
-1230.0108906472033
-1231.142874007059
-1232.6596998638968
-1227.9102584077625
-1229.4392520991182
-1230.979908243466
-1232.133131234376
-1233.2927751626207
-1234.7954153425615
-1236.3046632650717
-1237.8355488340444
-1239.4103759645106
-1240.9718987575259
-1242.1187728200625
-1243.2623802100532
-1244.804991612716
-1246.3497766156615
-1247.8891094742419
-1249.4330742482025
-1250.611151359246
-1251.7820455477022
-1253.3564528739544
-1248.6081910062373
-1250.1363886420756
-1251.6833979311339
-1253.2498182304123
-1254.4438850287804
-1255.627020305809
-1257.1857404286338
-1258.7405311297348
-1260.313688239335
-1261.8623826656797
-1263.0342947684535
-1264.2025652524171
-1265.799401883226
-1267.3896701096453
-1262.6869239999353
-1264.2318922839474
-1271.694048039888
-1266.584621978636
-1268.1909712754814
-1269.7887760211538
-1271.3860693526713
-1272.5700770647256
-1273.746345379765
-1275.3213179619613
-1276.91182127342
-1278.4982681846295
-1280.1004708316027
-1281.3091851674262
-1282.5261367973221
-1284.1236035748066
-1285.6924943052409
-1287.2820458923723
-1288.484782019462
-1283.430267182694
-1285.0537192071033
-1286.6592856145041
-1288.257461962877
-1289.467936985002
-1290.6582192843066
-1292.2652661150748
-1293.884050750851
-1295.52165822434
-1297.151700072591
-1298.3649654558026
-1299.5558024803138
-1301.1711214581214
-1302.7845644474728
-1304.4244930315856
-1305.6657886785633
-1306.9031062048532
-1308.5314606334296
-1310.1525915724617
-1305.4869216446177
-1306.7159319660218
-1307.9458965852143
-1309.6075005021075
-1311.25991789781
-1312.9004989163964
-1314.1351170878136
-1315.3578298138182
-1316.9859281814784
-1318.6271912050688
-1319.8805338832535
-1321.1455580877866
-1322.8065363466396
-1324.4326480236286
-1326.069030036789
-1327.3157649429486
-1328.5710426236565
-1330.2430592405515
-1325.6235796789176
-1333.5765631970428
-1328.552230387389
-1336.0834906539458
-1331.4490383134998
-1333.1002698129016
-1334.3652304273842
-1335.6483012272945
-1337.350149960286
-1339.0068316502416
-1340.6546545933877
-1341.918992955669
-1343.1914303082347
-1344.9008512863165
-1346.5740058692045
-1347.8430474297827
-1349.1099022682763
-1350.8066378121637
-1346.1859419965724
-1347.8656396411948
-1349.135407580453
-1350.4460917053832
-1352.1564305136403
-1353.8410057698761
-1355.0793295152248
-1356.3609065171474
-1358.074580641962
-1359.7998952849641
-1361.0832887961942
-1362.3619666212974
-1364.0696713505904
-1365.7778706928805
-1367.0667421531527
-1368.3460801752638
-1370.0618421640925
-1365.5016582274272
-1367.2532288240263
-1368.5344265020742
-1369.8226668831521
-1371.5058785585748
-1373.2389903249548
-1374.5562546033093
-1375.8893319213037
-1377.6194782466157
-1379.317276798393
-1380.620511906163
-1381.9227748509886
-1383.6795843867635
-1385.3960538774286
-1386.7256741497172
-1381.7595680037011
-1383.5301100126835
-1385.2374940327177
-1386.53708221294
-1387.8273080524636
-1389.612247813437
-1391.3981958771863
-1392.712827229217
-1394.0193260185451
-1395.7492528517512
-1397.0763439173684
-1398.403942329405
-1400.1673769974564
-1401.9091386686553
-1403.2674934362665
-1404.5875611320685
-1406.3269785474224
-1401.7939254269786
-1403.1193521777204
-1404.4565727854902
-1406.270793609585
-1408.0529645956633
-1409.3759900290559
-1410.677497361946
-1412.4573680745136
-1413.8191418263195
-1415.1810684419368
-1416.9648311440624
-1418.7356863289108
-1420.0722196843567
-1421.4154281181395
-1416.9243382113832
-1418.7233685248489
-1420.079222724362
-1421.4454215745052
-1423.2427072804976
-1424.5771602186933
-1425.904946614839
-1427.70330501122
-1429.5306394335296
-1430.898432243394
-1432.2608167609685
-1434.0553494926437
-1435.4057688973155
-1430.4826268072486
-1432.3056828404224
-1434.1320199645877
-1435.5033949845576
-1436.8670726862301
-1438.689037895678
-1440.0470014966586
-1441.4111815050394
-1443.228057871533
-1445.067618637078
-1446.4577275849686
-1447.8460615200877
-1443.3799215528868
-1444.7259749009543
-1446.0965281184986
-1447.9519572606223
-1449.8188440584092
-1451.1997852454833
-1452.573376884319
-1454.3958728886728
-1455.777617503311
-1457.1754771956346
-1459.0315486259758
-1460.4162348522673
-1461.8148861917568
-1463.6775835885414
-1465.5184617402542
-1466.8876294432096
-1461.9988500293775
-1463.8871472092417
-1465.3061916880126
-1466.6946681492723
-1468.5313063211015
-1469.9177624153854
-1471.344333748535
-1473.2328031149366
-1474.636102325319
-1476.0234412945883
-1477.9114191794736
-1479.8032472444713
-1481.182036937949
-1482.5864978738907
-1484.45836919458
-1479.6304353173625
-1481.0576018776974
-1482.9765486785675
-1484.3162647085603
-1485.7614966371198
-1487.6471654194136
-1489.094443710398
-1490.5137807328174
-1492.4049232658797
-1493.815174606034
-1495.2471452124678
-1497.1463627308212
-1498.5654061133966
-1499.980664745521
-1495.6500542396088
-1497.58029743154
-1498.9842153057198
-1500.3931667680465
-1502.311337499451
-1503.777670426689
-1505.251985296959
-1507.1385309907598
-1508.5666032705171
-1509.9893348502176
-1511.9565499390203
-1513.3905989544132
-1514.8696647778463
-1516.7624505182046
-1518.223237335584
-1513.3858385570559
-1515.3103014453645
-1516.7443282833415
-1518.1934752963275
-1520.16575895319
-1521.6247790519822
-1523.081247099672
-1524.9857416657971
-1526.4400731163587
-1527.9123581547144
-1529.8965821494107
-1531.354341958302
-1532.8118982241142
-1527.968435559663
-1529.4358516140385
-1531.4074771367568
-1532.880545282704
-1534.360631922733
-1536.3142167483188
-1537.7870912265907
-1539.2541070474576
-1541.2238791468772
-1542.6952511730376
-1544.1999232052783
-1546.1685295618015
-1547.6689904083091
-1549.1373718675572
-1551.096374275366
-1552.5823704315524
-1554.0851810315764
-1556.0918853711812
-1557.5857857397912
-1559.0715259105862
-1554.758889304465
-1556.2620214200342
-1557.7542959786792
-1559.2776470102865
-1560.7778255969845
-1562.7650038359207
-1564.251420308603
-1565.732487895617
-1567.7543049323083
-1569.27739673657
-1570.795013779641
-1572.782445963857
-1574.2778645150227
-1575.7851039016289
-1577.3055277332653
-1578.8255726709829
-1574.5571257683869
-1576.072661168111
-1577.5779324300904
-1579.613337918983
-1581.1153050781088
-1582.6433519504478
-1584.668857544006
-1586.2002933764952
-1587.7325318617013
-1589.236640850877
-1590.7477151300898
-1586.485680334666
-1588.0386479634892
-1589.583454544946
-1591.6417749602624
-1593.1678365583753
-1594.651779429485
-1596.1926269463277
-1597.7409254611805
-1599.8101786676314
-1601.3391233203442
-1602.8779900670083
-1604.9181129764288
-1606.4672997480636
-1608.0244547051896
-1603.2951611500987
-1604.8598847346648
-1606.9169843909056
-1608.459932947528
-1610.0012301434126
-1611.5676009073977
-1613.1369796208846
-1615.2184784583208
-1616.7556316706336
-1618.3083414676594
-1620.360291368586
-1621.932166574699
-1623.5049285155549
-1618.7896531517017
-1620.357792698936
-1622.4084442182636
-1623.9886175332979
-1625.5448200119915
-1627.1396000546579
-1628.6793296577607
-1630.8171935388643
-1632.383819786909
-1633.9542121259128
-1635.4993851111444
-1637.0409693532383
-1639.1478032894897
-1640.806833086064
-1642.401666813624
-1637.6806375321319
-1639.2456439491568
-1641.3616187080581
-1642.9661755794066
-1644.591964729557
-1646.1691548355436
-1647.7453795875467
-1649.8295118472813
-1651.4493031303489
-1653.0695334386135
-1654.6957927140907
-1656.2839641698604
-1652.05758979155
-1653.6961143855021
-1655.3059377726574
-1656.9523380356889
-1658.564929328043
-1660.6896425512693
-1662.2808193430646
-1663.8782223840444
-1665.5256698082019
-1667.1500677941028
-1669.305582385113
-1670.8872332162448
-1672.4674070354763
-1674.12001088656
-1669.467975163556
-1671.0895103783287
-1672.709459656364
-1674.8312603180575
-1676.493667375365
-1678.13500014999
-1679.757118654159
-1681.3840691996465
-1683.5095866683037
-1685.1943107422042
-1686.8492978161507
-1688.4787230331983
-1690.098226263101
-1691.727847721578
-1687.0323005772118
-1689.3095197139487
-1690.9611285883973
-1692.4839939169499
-1694.2035207264205
-1695.8425142611227
-1697.5318291989229
-1699.1860028521
-1701.3771824911364
-1702.9948644731455
-1704.6517700890868
-1706.3267748878084
-1707.9947327462955
-1709.6455583454626
-1705.0248788054748
-1707.2209290140233
-1708.886462972428
-1710.5601145679889
-1712.2137741479698
-1713.9128230504418
-1715.5452732636588
-1717.2298026113235
-1719.4523996083112
-1721.1223957838542
-1722.8234899073711
-1724.490246183897
-1719.8946463412617
-1721.572307192741
-1723.230613092768
-1725.4861471276117
-1727.166566395742
-1728.881923173987
-1730.56431267738
-1732.228606051927
-1733.90154994935
-1735.600339942415
-1737.3131883366077
-1739.0183308087812
-1734.9820038360078
-1736.6579191110452
-1738.3555116014163
-1740.0677429603195
-1741.78660214085
-1743.4634327758563
-1745.1844311437794
-1746.8743468539392
-1748.5756055928398
-1750.293184971421
-1752.0168403027644
-1754.3033297935679
-1749.7261220423916
-1751.435446965635
-1753.1490318132553
-1754.8584410301805
-1756.6084392946261
-1758.342755383311
-1760.0377514601396
-1761.7526339333501
-1763.4741563844173
-1765.1986073504354
-1767.5403380569958
-1762.9611446687118
-1764.689232445805
-1766.4109474758388
-1768.1257858291349
-1769.8915351221929
-1771.634885326979
-1773.3282032502545
-1775.073423822308
-1776.8375402367014
-1778.581763474546
-1780.9232535357219
-1782.6672564708185
-1784.3947986989388
-1779.8696189368175
-1781.619035612036
-1783.3819012507543
-1785.1241979346926
-1786.8785584948325
-1788.6478645452617
-1790.3912651884348
-1792.1573161920385
-1793.8932167523733
-1795.6822752243968
-1797.43419603292
-1799.2043709134596
-1800.954804884864
-1802.7109384047487
-1798.8039286691467
-1800.5910707480666
-1802.3627714696584
-1804.0996065259972
-1805.883719232431
-1807.655768862337
-1809.4626874860173
-1811.2568178749007
-1813.025345047268
-1814.786903585938
-1816.5736307991979
-1812.0972800971379
-1813.9033091215213
-1815.672031793134
-1817.475002707258
-1819.235739726653
-1821.0462442718942
-1822.8412928798298
-1824.6484865366544
-1826.436400165957
-1828.2434969621613
-1830.0310927793641
-1831.8340692573247
-1833.6465060604362
-1835.4657906764305
-1831.5752846258315
-1833.3865764523248
-1835.1808599837975
-1837.0090500650492
-1838.8446736908788
-1840.6731147342778
-1842.4596337889852
-1837.97996266838
-1839.7689535096629
-1841.6027262267635
-1843.4201799287255
-1845.2368640432078
-1847.0504255029225
-1848.8863265267132
-1850.7374840580535
-1852.6012354697289
-1854.4420553973107
-1856.2535804749139
-1858.068431019813
-1853.6239768932342
-1855.4951658051048
-1857.3610376527347
-1859.2316128971852
-1861.04492721873
-1862.8850734600173
-1864.687267532161
-1866.5448711954914
-1868.4579415497717
-1864.0260563602512
-1865.8885702192597
-1867.6563001632173
-1869.4947823319358
-1871.392632266347
-1873.2785232478175
-1875.1562985460455
-1877.0248805175474
-1878.823589943229
-1880.700353992852
-1882.5198609128188
-1878.1629769316407
-1880.0744090147577
-1881.963327659786
-1883.7398219586669
-1885.6010813701675
-1887.4814313508155
-1889.4309900632481
-1891.3091444704105
-1893.1362784546545
-1894.9939800962015
-1896.9327512239597
-1898.1798881176326
-1893.7561243981918
-1895.619015176439
-1897.5006598760042
-1899.372158123373
-1901.316113220405
-1903.1670242147056
-1905.0357963737442
-1906.9175982589604
-1908.8769345937799
-1910.7214808445194
-1912.6318036248822
-1908.2487480193024
-1910.1660776829985
-1911.9929476708205
-1913.915670157543
-1915.8434456292346
-1917.7392472139243
-1919.6209424397323
-1921.4998975709034
-1923.406622314129
-1919.0627242273672
-1920.980797266198
-1922.892317657028
-1924.7926811132186
-1926.0862457269402
-1927.9806998185495
-1929.8936309037524
-1931.8255647881801
-1933.7801412059891
-1935.664453137655
-1937.5660579637322
-1939.5534079942777
-1941.4189384577373
-1937.0822588204564
-1939.016772634649
-1940.899497416134
-1942.8299131613592
-1944.7775500687383
-1946.7372640863853
-1947.9973596800912
-1949.9230113117414
-1951.861185673443
-1953.8058782046362
-1955.7792150311857
-1957.6873920869095
-1953.3500511339237
-1955.2967126827484
-1957.260858658426
-1959.1831660000291
-1961.1324346376764
-1963.0817060787824
-1965.0486574882368
-1966.341788454439
-1968.2658651635852
-1970.2260265759007
-1972.2039335751963
-1967.8724528569885
-1969.7993540937557
-1971.7686987015848
-1973.734426637718
-1975.7415602300653
-1977.6924494087202
-1979.638622609382
-1980.937165954001
-1982.9211544397558
-1984.8851722597058
-1986.8583842949668
-1988.8389092953394
-1984.502661487845
-1986.485812880088
-1988.4843139052045
-1990.4450984708144
-1992.4253167596933
-1994.4023454005523
-1995.7240081036928
-1997.6846167018646
-1999.689375129708
-2001.7069035570912
-1997.4016002812234
-1999.3776172645871
-2001.3547322904692
-2003.356170031803
-2005.3809350698673
-2006.7062394331085
-2008.6780559510153
-2010.6757083860998
-2012.6829504142652
-2014.6972092113226
-2016.7016775428585
-2018.6898754245108
-2014.401349829274
-2016.4131653321028
-2017.7594740818843
-2019.7635379502133
-2021.7757261384377
-2023.788384990522
-2025.7954248843469
-2027.8214655243542
-2029.8478507437287
-2031.1872672197244
-2033.2002757137261
-2028.9378706721793
-2030.94545503017
-2032.9890397298032
-2035.0299384193634
-2037.052748199225
-2039.1087238915422
-2041.1068087727476
-2042.4737095992002
-2044.5095652202904
-2046.5914482049704
-2048.546410849875
-2044.2921272848025
-2046.347650733991
-2048.417368557153
-2049.770978643518
-2051.8181217393017
-2053.8445926402455
-2055.8864849295887
-2057.933985971151
-2059.2985503107475
-2061.347684005023
-2057.1205936821225
-2059.1903297157573
-2061.2481596123453
-2063.3098518398924
-2065.3537356069614
-2066.698755420222
-2068.751643991043
-2070.8262225704552
-2072.9036016191094
-2074.9951724966418
-2070.77815633826
-2072.822131273396
-2074.179535924773
-2076.255644662397
-2078.337893618343
-2080.410502725632
-2082.4897684363673
-2083.8722481296054
-2085.958464073032
-2088.0481925413696
-2090.1236128433857
-2092.2007636421913
-2087.9810019431643
-2090.0641501097666
-2091.4765884638236
-2093.572102284568
-2095.6571526078346
-2097.731919198688
-2099.8046437248336
-2101.1975162165863
-2103.30228129525
-2105.418745350614
-2107.5102817440456
-2109.6128150890136
-2104.745894670984
-2106.8449339273075
-2108.940838068575
-2111.0206497312756
-2113.1240731932926
-2114.539302751547
-2116.661354042108
-2118.810891508014
-2120.9266058687776
-2116.7480954593725
-2118.8516466255564
-2120.9696946001004
-2122.382680747591
-2124.501443297449
-2126.626015981154
-2128.7663783434054
-2130.899631065038
-2132.3499565739276
-2128.1938200638474
-2130.2896908503612
-2138.6893927193128
-2134.5424168522786
-2135.986341350741
-2138.127778064234
-2140.2642177498433
-2141.6892606700253
-2143.8259231462885
-2145.9743857005196
-2148.1250634876496
-2150.2729434381995
-2145.4116871614465
-2147.561891615949
-2149.7305957456774
-2151.893100160295
-2154.0471095620323
-2155.478216970584
-2157.6143549969597
-2159.7750668170343
-2155.662003393807
-2157.8431241501276
-2159.2941853959983
-2161.4576786652947
-2163.6357336945384
-2165.8169181104704
-2167.9648768469433
-2169.410653148335
-2171.5648929394592
-2173.7500822881693
-2175.1922831063025
-2177.383045260523
-2173.2850945817945
-2175.468653323864
-2177.6592562835135
-2179.0953719824465
-2181.292372307822
-2183.474019812926
-2185.619255880825
-2187.8196359494546
-2189.297346922686
-2191.519279817563
-2187.4539491317973
-2188.9129157065545
-2197.3213230195283
-2193.3039408031204
-2195.4805657766055
-2197.6782580917775
-2199.1456780130293
-2201.355713013443
-2203.619068750708
-2205.09884176886
-2207.3414406362135
-2203.2420244209543
-2205.426627288108
-2207.614206175032
-2209.0833911524333
-2211.286069212471
-2213.5335940620434
-2215.0361386920226
-2217.2830113507325
-2219.5472969915304
-2215.510405079062
-2217.7056118050755
-2219.166111312764
-2221.3699189499507
-2223.602759875264
-2225.106692346343
-2227.3572971715857
-2229.6190747415144
-2225.607960197258
-2227.868802532013
-2229.3583306938835
-2231.5889483307137
-2233.781810817816
-2235.2798224732633
-2237.5142454857255
-2239.797812492096
-2241.3182539237027
-2237.312913420473
-2245.8679154529823
-2241.860078472244
-2244.054707976452
-2245.5637655180294
-2247.794173118356
-2250.0352126375064
-2251.5820461867597
-2253.8681823097254
-2256.199245658577
-2257.7151005025607
-2253.750387169231
-2256.000473121899
-2257.50742306065
-2259.752497880194
-2261.9214316227976
-2264.1797414209577
-2266.5186223707415
-2268.087224650019
-2270.413867705376
-2266.4021204784854
-2267.9615319791155
-2270.3046746101345
-2272.5775222015995
-2274.059374802158
-2276.3237540064124
-2278.5468374184206
-2280.0860953216475
-2282.4309461286443
-2278.487241554132
-2286.347114823859
-2282.4101340730926
-2284.7186135816432
-2287.0224487757387
-2289.2575770426165
-2290.831768436075
-2293.1208126988477
-2295.4583481081445
-2297.004872439372
-2299.352459437828
-2295.4068513579246
-2296.9820451980913
-2299.3178506512972
-2301.6307826081734
-2303.1361436299144
-2305.4511912457733
-2307.7738388681682
-2309.323342638621
-2305.3656588860604
-2307.724317114943
-2309.333979266538
-2311.659886537589
-2314.053825210526
-2315.607386277979
-2317.953251593063
-2320.28014220364
-2321.8340395430364
-2317.866183707166
-2320.2244239345487
-2321.8000681569347
-2324.1756177658353
-2326.559767263914
-2328.1008301523198
-2330.4505342942634
-2332.8442058750375
-2334.4548514603807
-2336.8183882083194
-2339.1695488934192
-2334.4789960517596
-2336.866704541658
-2339.217706036235
-2340.7755698637284
-2343.1354040489373
-2345.520861773024
-2347.1413616012574
-2349.498152665124
-2345.6063749424843
-2347.2235332992345
-2355.8970499145194
-2352.012603326094
-2353.568763249059
-2355.940622264932
-2358.3491409169974
-2359.963475728995
-2362.3834518103163
-2358.506614791356
-2366.390007958374
-2362.5372321386453
-2364.947157997987
-2366.5338487153867
-2368.922770626883
-2371.3000777195552
-2372.915383968522
-2375.294890935343
-2377.702795191888
-2379.287477702787
-2375.4295535647143
-2377.893052205315
-2379.538277022838
-2381.9882772061546
-2384.391163559709
-2386.049287602448
-2388.496327106705
-2390.9295180238237
-2386.2397881909055
-2394.142432464686
-2396.542587989119
-2392.680452464446
-2394.2874357007886
-2396.718146576113
-2399.1553689106786
-2400.7846986733534
-2396.9394606489545
-2405.6876958731464
-2407.35595692451
-2403.542442364453
-2406.0091091452264
-2407.6303098683916
-2410.1212421564796
-2412.5781482036637
-2414.218514021633
-2416.6550207675923
-2419.0876021965123
-2414.439517533774
-2416.097521684906
-2424.8282666831533
-2421.0253917767623
-2422.6808420549396
-2425.165958527877
-2427.5998681887227
-2429.2208434574227
-2425.4235037637213
-2427.9407980735164
-2435.893993422599
-2432.067354194665
-2434.533586423996
-2436.183797982539
-2437.8786020405787
-2440.3740012960493
-2442.862670958306
-2444.5384283615
-2447.0307008381856
-2443.245198900699
-2444.900233449743
-2447.384038052024
-2449.8910323284695
-2451.539150654806
-2453.2373901536084
-2455.7547767506194
-2458.2599085506113
-2459.9206065575686
-2456.1576280936415
-2458.672166736482
-2460.3444664470853
-2462.853939744971
-2465.350642837535
-2467.0276752221157
-2468.7233332761784
-2464.980563959844
-2467.4983742201052
-2475.4893896378685
-2471.784752030426
-2474.3494380017414
-2476.0101919327312
-2478.54534957366
-2481.0580345462745
-2476.464766378835
-2484.4019839136845
-2486.8751106575646
-2483.105089298755
-2484.7924455833368
-2493.5872478158526
-2489.8494285504235
-2491.5553879032195
-2493.28177233986
-2495.8788560715147
-2492.1830943610616
-2493.930892534158
-2496.5483581536673
-2499.111974777163
-2500.8245203311176
-2502.5312519301688
-2505.0252376774893
-2507.539124071378
-2502.951453241441
-2505.490045803962
-2508.043302097398
-2509.739849210173
-2511.450363692018
-2514.0209529445524
-2516.615150341551
-2518.3574522574395
-2514.621904216743
-2517.214502629158
-2525.267190148904
-2520.668235137886
-2523.2785411232585
-2525.863058569063
-2527.606561710543
-2530.2246243564264
-2526.5102516023726
-2528.2134556120604
-2536.2067025576534
-2532.495728006515
-2535.089046813497
-2536.8019967654773
-2539.4143358688557
-2541.9710117036598
-2537.415104366809
-2545.424825344826
-2541.784914835495
-2544.3944419773416
-2546.181428136753
-2547.9635867845127
-2550.6096134713257
-2553.2479578687003
-2555.0376500472767
-2557.6773651424405
-2553.977165987701
-2555.71346717156
-2563.743075513996
-2560.0321266449296
-2562.581982914806
-2564.2827997203353
-2566.0837793719306
-2568.655478156826
-2564.946664439481
-2566.7058689997943
-2575.683139181939
-2572.034496813584
-2573.833636370179
-2575.6569197439558
-2578.3063243434044
-2581.00636434994
-2576.544609117765
-2584.5161859592904
-2587.1591100585165
-2583.4783186140435
-2585.214674668965
-2586.9372025972643
-2589.5338361671593
-2592.1622082207623
-2593.884997203044
-2596.557942339633
-2592.8653572862163
-2594.6088536985417
-2602.6589498796707
-2599.0398805589343
-2601.689766488465
-2603.4490739041125
-2605.216186867364
-2607.869992543939
-2604.2230851414733
-2605.964155755393
-2613.965934234336
-2610.291786849342
-2612.880582250627
-2614.6057670328482
-2616.32973788337
-2618.8927687267947
-2615.2250200991325
-2623.2325757422605
