1.145910262728278
-1.627909667447853
-2.9013446298748757
-1.8047960689448566
-2.060897125296972
-2.165837147356818
-2.229389176458808
-2.2887857715372353
-2.2596622797903976
-2.259342867010522
-2.2741136044162675
-2.2529548624415097
-2.2500269681122522
-2.281247099362911
-2.2793814172674525
-2.253296336915914
-2.2877581280793287
-2.3143449718790237
-2.4132763636014696
-2.2981006805241497
-2.3007905016832844
-2.2883544438909738
-2.28760612831736
-2.3213629625092014
-2.3908529198474895
-2.378404140483881
-2.3938546374139817
-2.4290019897409905
-2.4413392153852365
-2.436060041434102
-2.4070043533115575
-2.4209749121566175
-2.437734518793961
-2.4540998192273342
-2.4653559782174153
-2.4759150140771906
-2.50062913047077
-2.578512381507452
-2.5816224338797813
-2.584404312224142
-2.596515678514859
-2.6181052258816813
-2.6493271964170955
-2.629434340067203
-2.6538998259129674
-2.667003861445219
-2.692486067990638
-2.7173558670054367
-2.725197960973865
-2.7366518894018883
-2.7264063306100743
-2.759030048869041
-2.776284795095347
-2.788147958121432
-2.812108566538951
-2.847801049191889
-2.919323589658133
-2.9278320254863845
-2.941319386955058
-2.9679891185300673
-3.0081484968770797
-3.0268225088545653
-3.0564074860797414
-3.0558868700724755
-3.085752660732531
-3.0997379277210086
-3.117212684025858
-3.154579042379753
-3.191685889884825
-3.268423521502561
-3.292856302451377
-3.3145285011236845
-3.3412238192651182
-3.381955491796237
-3.4217825499519146
-3.6184056292612867
-3.6560754757044522
-3.6969041367068782
-3.7326798816219307
-3.7847662294347844
-3.5834219212060074
-3.6131756529556243
-3.6772836269920606
-3.7236305221035852
-3.7616278809766914
-3.7882481256922804
-3.82576269163293
-3.8716396805970295
-4.1895870823391075
-3.9015873885966994
-3.9351242254213816
-3.972255400173292
-4.019326487555331
-4.0688476445765085
-4.1089507084555565
-4.1775031644733485
-4.21456380730817
-4.256670678753244
-4.29704645687269
-4.3350630262080765
-4.380728674201488
-4.352103933952224
-4.488338532920601
-4.519126960126335
-4.552400675483017
-4.6015530598751795
-4.65024345574008
-4.65059658063856
-4.691491713541091
-4.738571648126758
-4.789436279735924
-4.838920264869418
-4.892530297084034
-4.93379723903621
-5.020948543254206
-5.071473700185778
-5.12384100938223
-5.168797417108814
-5.2207032359420396
-5.278325555349213
-5.285598238079554
-5.32893464721426
-5.3730590528753055
-5.423218423821947
-5.48626174174929
-5.552784128984336
-5.615409676037784
-5.694152964614864
-5.73753592854244
-5.788599670174596
-5.853908524770956
-5.916737913240515
-5.971313679924423
-5.975518816283641
-6.03545601742431
-6.099002806012656
-6.149338484727553
-6.198602866509884
-6.265505777365836
-6.3286531080257244
-6.432348204505446
-6.497667158190085
-6.562669267982479
-6.623781428300591
-6.681293997828714
-6.745822402980558
-6.749780668620499
-6.806774542229137
-6.932388892225505
-6.999036344049696
-7.056599306162927
-7.120905311612279
-7.126315252715026
-7.195830409569347
-7.258537315252941
-7.323462660547642
-7.38858986681335
-7.454261565294539
-7.523348916206524
-7.657711747609333
-7.71787576634699
-7.794183449673259
-7.862341163946905
-7.935428076062432
-7.996493145486382
-8.002045009713235
-8.069785921981435
-8.139796725147
-8.212458805219093
-8.280247740891715
-8.349790474207634
-8.41872673771358
-8.584614298814374
-8.656061275817494
-8.732557004433385
-8.812014864777979
-8.878381688339848
-8.966339431805006
-8.943622475679442
-9.01372767588392
-9.088341918363431
-9.17441476251035
-9.25424603196886
-9.327511314714934
-9.399979466355807
-9.479127684901329
-9.558757089902423
-9.642728638112974
-9.721253566492875
-9.800307748696483
-9.877459345580966
-10.063247878399975
-10.151475999012133
-10.221458049795464
-10.171098994804927
-10.399186739813672
-10.50131216392513
-10.45441845240333
-10.534578833541913
-10.622926754261911
-10.708536206732795
-10.785951301229185
-10.870391332635638
-10.959722086936328
-11.15693200697002
-11.277858679429167
-11.36206906592264
-11.455973523253839
-11.366329882300318
-11.458264964210766
-11.536968741893212
-11.662371865844872
-11.748826538049013
-11.841140837219266
-11.929131137578395
-12.01615794945417
-12.110157429810293
-12.207570928037804
-12.297239867470703
-12.389458523379645
-12.484749458400733
-12.578029139419789
-12.668771281464942
-12.905124414706505
-13.04372481593079
-13.116736395236703
-13.01729492973741
-13.112623989168199
-13.210609004843128
-13.501461515293206
-13.434719583267997
-13.534619170985401
-13.632449867830966
-13.72925082991793
-13.833681947065386
-13.936140612290263
-14.02664759288879
-14.096405982807282
-14.193426362030834
-14.301639760089715
-14.40959231300864
-14.510448909654691
-14.607086664980093
-14.707349038321858
-14.810012490815378
-14.917511119626422
-15.015037346007459
-15.113385233960784
-15.224394038974427
-15.369092884735037
-15.473728646517843
-15.56693147898419
-15.673603830789531
-15.792674945375234
-15.91278358003796
-16.008036285968227
-16.07844493464327
-16.194488533806833
-16.300422298466923
-16.407296044622814
-16.51028025222699
-16.619350173434146
-16.77490625866468
-16.89610782581314
-16.998545311566104
-17.10173276794094
-17.188103236152426
-17.309645291705667
-17.45706314871385
-17.560454404617584
-17.672843632586783
-17.789965661378968
-17.916179923014834
-18.026845386776053
-18.135086324037307
-18.22114128422874
-18.341720506613754
-18.45578076528275
-18.57277172279678
-18.698198445184246
-18.81108590683973
-18.92844178072165
-19.07967838042806
-19.195389795813572
-19.31774942443295
-19.4432065465276
-19.57300469129381
-19.68749327701722
-19.807124533219984
-19.92765026828533
-20.05659861155906
-20.106044318576828
-20.31383628633625
-20.355676433451645
-20.513536805863996
-20.641141960209463
-20.76062318895119
-20.880012005856603
-21.010122331855392
-21.145827466987623
-21.269385476796057
-21.42319889201086
-21.55426841890159
-21.69441659631833
-21.828204948994067
-21.949154562399876
-22.07521787142133
-22.207103861558018
-22.333660862155646
-22.46714782833216
-22.5965600596189
-22.732369863420335
-22.862027584457152
-22.993303558057363
-23.095978734534818
-23.230311894332385
-23.360638430362897
-23.492619996523665
-23.631434787451223
-23.773385521301112
-23.869322804177447
-24.001244442611732
-24.21300756961297
-24.355413517974693
-24.484369167757993
-24.62279915428336
-24.76124600846895
-24.901612547698132
-25.046704815213136
-25.177106786801847
-25.31731939962247
-25.467544505894196
-25.60305008748096
-25.704742728865046
-25.838909442259908
-25.985065086938963
-26.1312865409238
-26.278577709353215
-26.420692845777364
-26.558468882082636
-26.7470692617402
-26.894493068072066
-27.034972141152586
-27.176288684677512
-27.323267388073205
-27.481054564266618
-27.62228963510956
-27.70056734840695
-27.91480627727348
-28.065165002964065
-28.218203296866594
-28.368961664700237
-28.506637769495587
-28.622472219151497
-28.77611074349135
-28.93077804464349
-29.08516990536621
-29.23120148179304
-29.382290535088373
-29.5411131184857
-29.69010360291904
-29.839503642631282
-36.26611578289171
-36.42897296497494
-36.58777648079249
-36.74060336587489
-36.925965043156495
-37.09364789438502
-37.2527574619888
-37.406761201049115
-37.57161863536508
-37.72568874404327
-37.88070189307295
-38.00169780171875
-38.164580683752504
-38.32285867773467
-38.481001727767094
-38.64612175921454
-38.81027791475152
-38.96608053093719
-39.1256073336689
-39.28549407723255
-39.44962943020587
-39.61863481500493
-39.78346158183415
-39.94368643628895
-40.12885176606534
-40.29471636689923
-40.46302659658641
-40.635958324547396
-40.80910617144693
-40.962955073357136
-41.133422082911956
-41.3069273071439
-41.46210572855075
-41.63649943615718
-41.80490209221419
-41.98341668075531
-42.106692342265376
-42.28043573077647
-42.452311151274195
-42.62554576466756
-42.797620628257036
-42.96339458704141
-43.140896220902874
-43.3171086839777
-43.513516140201894
-43.69554837825161
-43.87234378608709
-44.01608203850369
-44.18792972814292
-44.407656035762514
-44.58343349793513
-44.75962967830498
-44.934915734129305
-45.114430070009966
-45.29378876780802
-45.467392556174474
-45.60446091181075
-45.78347664027505
-45.96503515003861
-46.15027256846313
-46.3315203695618
-46.507685318334744
-46.69427958667459
-46.87877282208563
-47.05810910084275
-47.243521160855515
-47.432804676474845
-47.62697271339625
-47.80579977637132
-48.016917549967296
-48.20363709591954
-48.380352050931684
-48.57122458526171
-48.76510481204732
-48.94660104890445
-49.14206366063042
-49.33035545920974
-49.52458921403123
-49.70863458526667
-49.905329320379494
-50.091743045344906
-50.2951775221259
-50.48624408664296
-50.65133375670781
-50.834483981374454
-51.01708243515382
-51.22206197327779
-51.42474664844804
-51.61244578620048
-51.79262853142179
-51.99524343760658
-52.20706172611058
-52.40080794399135
-52.59072808874639
-52.801055850817484
-53.0157708635153
-53.227022327779395
-53.41755851295831
-53.62028109026835
-53.82330785281319
-54.02806874002668
-54.23238799550039
-54.433174705565904
-54.63338205275241
-54.84172876839341
-55.051760087781574
-55.263793899325584
-55.481703535459836
-55.68787109614543
-56.12089935463169
-56.09897379144528
-56.30759868690235
-56.500908943582346
-56.71517686256443
-56.9430332249927
-57.158133229971114
-57.36127072725699
-57.5745775501106
-57.80340015617195
-58.03391610531924
-58.240127569197874
-58.44856320172404
-58.68246266442138
-58.92025625595306
-59.141289458236315
-59.34614158180884
-59.58214319321443
-59.823031736522225
-60.04208496034761
-60.260482351635694
-60.487436808335126
-60.72808924267013
-60.97330702468624
-61.19806663057524
-61.425151852410295
-61.67047377089019
-61.917044475819715
-62.16031626730165
-62.38730548916395
-62.6197313969197
-62.855788200062655
-63.09918233078395
-63.36948648366585
-63.62227773849195
-63.837347317053585
-64.09008995315189
-64.36601750503115
-64.65262669178225
-64.87644305598326
-65.11562118416808
-65.38402845385828
-65.60518092400363
-65.86910220958573
-66.11403279715795
-66.36659139602162
-66.62491251466638
-66.87850766333526
-67.15756149014905
-67.41137809832718
-67.65644832097426
-67.90919144585712
-68.15874874714447
-68.42185078129584
-68.68532585512219
-68.93278464947899
-69.18053580935842
-69.44611970609012
-69.71116293133555
-69.95794988675561
-70.21526289687588
-70.4829751264557
-70.73155151195044
-70.9919776780033
-71.2426209238004
-71.48802278770648
-71.76459707305641
-72.00977108957458
-72.24829676027977
-72.51213271483904
-72.76538658871638
-73.00413488522705
-73.25160980766033
-73.52355719370898
-73.77034498754169
-74.0195319913266
-74.2852523862064
-74.52127189925469
-74.7679077468062
-75.04386501421023
-75.29899695136805
-75.54230493965117
-75.79353880260528
-76.02586448762759
-76.28147700682058
-76.54062519739585
-76.79118333197468
-77.03983560063755
-77.28998738767758
-77.55455625379874
-77.8137708302523
-78.06372228084594
-78.31006089565976
-78.5758776990002
-78.84890596860116
-79.08630806630845
-79.3277705223316
-79.58839792922915
-79.86522486759425
-80.12296006447136
-80.36422742885473
-80.61663533274309
-80.89040185559855
-81.14367008493782
-81.38913020978862
-81.64914030782164
-81.91215567254436
-82.16067902043986
-82.41169613451437
-82.6901660774378
-82.95900796851633
-83.201435019241
-83.44883079589324
-83.70953507209788
-83.96858909441339
-84.25117423027949
-84.5238490002011
-84.77762802495359
-85.03661533048763
-85.29282253363591
-85.55377334638469
-85.82340092399937
-86.08914475234708
-86.34461990759377
-86.61279679501835
-86.88236522741703
-87.14741636805572
-87.4164117234899
-87.68962603781178
-87.96276613779506
-88.23947515031159
-88.51283938750498
-88.77394661787059
-89.05398737426515
-89.33545476279426
-89.61001654594895
-89.88211489900526
-90.16767205389176
-90.45551476519853
-90.72199942743576
-90.98617765586005
-91.27144432693099
-91.56504453410228
-91.86058007958668
-92.15151550594501
-92.42062204769864
-92.69763690531471
-92.98753233756426
-93.28625159360031
-93.56230624566277
-93.84757188175496
-94.1578864326724
-94.46704928456762
-94.75663235346245
-95.02947484970323
-95.34374948338079
-95.64576112413837
-95.96034407886498
-96.28774491102438
-96.57919337919755
-96.87787919891765
-97.20115606636038
-97.51658499746989
-97.84356074666687
-98.16633528048857
-98.47928456457555
-98.80218749295172
-99.10398373181505
-99.44519580745667
-99.76390874773311
-100.08750672783384
-100.4024936054675
-100.72307797603456
-101.06324057831691
-101.37008503077374
-101.67913436397036
-101.99918464998602
-102.34097048075921
-102.67576340937508
-103.00150825053328
-103.29697790417931
-103.62084032407834
-103.95343539514282
-104.27908029955483
-104.59550888488529
-104.89206637351843
-105.22388334892976
-105.55597960131396
-105.84952496763067
-106.17019812324047
-106.48225942960194
-106.77870120350333
-107.10654635474971
-107.43503102245931
-107.72839689354089
-108.05267904237627
-108.3777739461886
-108.68407549654022
-108.97692789643465
-109.29177649708258
-109.61374819402896
-109.92264745717368
-110.225697733328
-110.52219422240037
-110.84359121467877
-111.16633575041385
-111.46979623915917
-111.77349000183608
-112.08326297869843
-112.38577071234977
-112.71201641939231
-113.04267209612662
-113.35647066496263
-113.66676790706188
-113.97660189581383
-114.28534535215466
-114.59677275700996
-114.90780557482215
-115.22154050314504
-115.55702512408244
-115.89815960998492
-116.22083280638392
-116.54347700874708
-116.85793238835723
-117.17172405142283
-117.49182604079205
-117.81850290700454
-118.1564471709362
-118.48025016052816
-118.79135959521152
-119.12069006925267
-119.47263200635345
-107.24477351661801
-120.14527877058046
-120.44145999200197
-120.73945838383872
-121.10477130841257
-121.45649446788673
-121.79153440729414
-122.13920607883934
-122.4936998280777
-122.85372001556844
-123.20685938525295
-123.53836302215247
-123.87183941937124
-124.24450337917808
-124.6152883906182
-124.98318044300093
-125.3579643693185
-125.70330546339471
-126.04016126296062
-126.4260515953095
-126.82215744626187
-127.2136221425599
-127.57454588737863
-127.91076995531623
-128.2940800067087
-128.6923450668312
-129.05497992292132
-129.39678202874683
-129.7853293735623
-130.16528616028765
-130.5262080537612
-130.8798615014109
-131.25297345529881
-131.59999842732387
-131.95852061958507
-132.3399377777096
-132.69314416100008
-133.04257546342637
-133.44148084869997
-133.79611900339322
-134.13812133309375
-134.5010386281158
-134.85465140186196
-135.201434145341
-135.56262711710534
-135.90598160002241
-136.28614164138625
-136.64382664749485
-136.99173134128577
-137.34272003588285
-137.66899912901744
-138.03709086869475
-138.38726423973114
-138.73909973377965
-139.08193871615595
-139.43962741166703
-139.79956635703005
-140.19796863558025
-140.55172705064743
-140.89876146748395
-141.26217140170257
-141.5912338248719
-141.95227704496352
-142.32369429089297
-142.68457522522465
-143.05997510487356
-143.42467199699342
-143.80361847508246
-144.16920688325212
-144.55613256015292
-144.89331852244723
-145.26646512461213
-145.65640000957677
-146.0330632319637
-146.43156003686545
-146.79753229860225
-147.1713788197011
-147.56128189705697
-147.9361414495686
-148.33453312688138
-148.80157530206606
-149.13335399437793
-143.27200230057417
-149.9064406475759
-150.2491543478665
-150.70074642508516
-151.05371842451515
-151.50305915963997
-151.90489201866944
-152.315700141276
-152.69697217932648
-153.1225944956762
-153.54860132672906
-153.9161010449533
-154.2535186649351
-154.7096461879922
-155.14356698550026
-155.52003003515836
-155.8869094187505
-156.25626624437368
-156.66298437562068
-157.07386291275296
-157.45696135399945
-157.858268226378
-158.2269669769668
-158.62436641069726
-159.04950468396268
-159.4231365905366
-159.8009386282874
-160.1758286372252
-160.55476704918524
-160.98859301608857
-161.41870603509582
-161.81011195411952
-162.17242906321133
-162.56208812777197
-163.0198301980712
-163.3417893817432
-163.75343042283785
-164.14553433325932
-164.56327505300484
-164.9854864475589
-165.45965126808863
-165.8530789555932
-166.17536424831073
-166.57757876554
-166.99702811005932
-167.3930558926134
-167.76491445024752
-168.16849745685246
-168.58080456647505
-169.07457947961257
-169.47855177954773
-169.83021993461213
-170.2418205626492
-170.64333008743588
-171.050606366143
-171.46315802537276
-171.88249004168216
-172.30252436872146
-172.72291917140743
-173.18302991063183
-173.66085221242906
-174.00495822830055
-174.43338494619482
-174.85824566340204
-175.2814368998329
-175.67208829750135
-176.0535154883532
-176.49289457568543
-176.91760032982972
-177.3446640326794
-177.7792472749652
-178.21775278499032
-178.6539289338758
-179.11965920193032
-179.531301620648
-179.9399768564937
-180.3238405682307
-180.75856779394647
-181.20410347879513
-181.7467006723412
-182.1325562913116
-182.60218689964307
-182.90438025088972
-183.36066065905072
-183.81267942159334
-184.26113576343317
-184.71471147143637
-185.16723381776816
-185.56054646477898
-185.99369584952655
-186.4359858197718
-186.84119622333523
-187.2506848104568
-187.7345231755085
-188.19506078574298
-188.65253159557528
-189.0422036272851
-189.46224038015234
-189.9206259392207
-190.37513053494015
-190.81589055541426
-191.21663599890815
-191.675169660895
-192.0676556509494
-192.48009911955901
-192.95496074795682
-193.39026584440055
-193.82219429674515
-194.28204133216096
-194.75436636559323
-195.19797458604845
-195.60028842647455
-196.06486860671828
-196.52222318860606
-196.96687680725393
-197.45525548824975
-197.897108354025
-198.32637753581506
-198.78699726299868
-199.230181863547
-199.72904840863475
-200.0771612372987
-200.63140664548845
-201.13399722033705
-201.51660486859453
-202.02527724172867
-202.4870954543414
-202.96321261975962
-190.84775908575176
-203.85893587127984
-204.3746388642629
-204.7857710593082
-205.29113462116516
-205.72344765592396
-206.1902733196559
-206.6879217128937
-207.11047528033816
-207.61384852468976
-208.14970244216983
-208.5220996227916
-208.98590216475284
-209.43306335464226
-209.88792367189413
-210.3333800213104
-210.80405138701244
-211.25543706191934
-211.71012694983813
-212.15130513560973
-212.80225258843035
-213.08034810687457
-213.5540295303786
-213.99191344029708
-214.5776125187319
-215.00679587283076
-215.35269429463426
-215.94065540775063
-216.28468866190858
-216.7686856543657
-217.24662262968138
-217.8253561676458
-218.29505004385098
-218.78101277179334
-219.22247535115122
-219.66660708236714
-220.2317677275815
-220.76218216029042
-221.27311035591856
-221.72906365730825
-222.1607246741196
-222.6830469466734
-223.17372317257028
-223.71933461367854
-224.12954821203482
-224.63108909006306
-225.13229851453613
-225.58463856514115
-226.10404981516558
-226.65731083825713
-227.03000269099377
-227.52440108583238
-228.02609068075844
-228.45512293576388
-228.9475495416311
-229.4396948801216
-229.87851870019549
-230.36829352118517
-230.84934552813283
-231.28665883956393
-231.7897931506003
-232.27790283577525
-232.71165051448696
-233.2223308120714
-233.72846314754887
-234.18317864923324
-234.62822413880397
-235.13795669901504
-235.66714283230172
-236.1399968607535
-236.61002674722366
-237.16229860168818
-237.70920444126295
-238.20565660485371
-238.70651892596078
-239.2730179008681
-239.84750733631196
-240.35453966618638
-240.85815911835076
-241.42858223289963
-241.9898400680955
-242.58828041733145
-243.15787651602088
-243.64635291680247
-244.0364105149033
-244.5565860175555
-245.03132267690117
-245.52534213613112
-245.99438967855548
-246.50537315184263
-247.0360890335453
-247.50123386060238
-247.96441753212375
-248.4286770444063
-248.8910110793721
-249.35324127779214
-249.86899517136678
-250.40000925649804
-250.88120257291493
-251.3610554590016
-251.83498653855807
-252.29030530598178
-252.82242708106546
-253.3633797653508
-254.12975724031688
-254.64083858946165
-255.09990542815046
-255.54099857416733
-256.095310098764
-256.5720949432473
-257.1285494431665
-257.7201361194705
-258.32691672644296
-258.96422585602426
-259.7102555735796
-260.12153014330113
-260.6575262918558
-261.17077200861587
-261.6871461160091
-262.19822041771
-262.7051547733247
-263.19589734032127
-263.6845668881037
-264.17981391247133
-264.68835048560635
-265.1963354025942
-265.6844499875213
-266.1673136113565
-266.64688644503934
-267.13692508130623
-267.6413625935335
-268.1534191217628
-268.6598427943496
-269.1732072088206
-269.6866293932277
-270.2164549626652
-270.7532875524563
-271.3006168108023
-271.88210196134753
-272.47738385449
-273.0658758390783
-273.67640449560145
-274.28017858672723
-274.9019195017255
-275.4997495807727
-276.084793688976
-276.67429722142475
-277.2454163550944
-277.80317472091104
-278.3466920536442
-278.8851577534385
-279.4201939893407
-279.9470331988735
-280.4108209150416
-274.5937401486526
-275.1153159315799
-281.9216077667034
-282.4405348260174
-282.9553525331249
-283.4874077424271
-277.74002800079796
-278.283844619246
-278.82831791719406
-285.65207848579837
-286.1366326144431
-286.6492616548477
-287.22353547356084
-287.81494380412363
-288.4318316111887
-289.0707155923999
-289.7096155300773
-290.3263120854717
-290.9037380284807
-291.4738937024109
-292.0896322297346
-292.6972705397264
-293.30798660180955
-293.91444530262993
-294.42690836528067
-294.92405275502273
-295.48639577443794
-296.05393971880164
-296.608509422991
-297.16068913852155
-297.6348430655831
-298.1212397742082
-298.6825817077733
-299.24824323336014
-299.80835524187955
-300.30300004364744
-300.8028515160119
-301.3972248766213
-301.9844535945473
-302.58192293886924
-303.2178787272661
-303.7094318079125
-304.3678935864442
-305.0186084623354
-305.6219257177971
-306.2081597719905
-306.8658241470255
-307.52143429084043
-308.0852685737714
-308.6879225761422
-309.29595024241223
-309.9411565030022
-310.46347870092984
-310.9733483760701
-311.5490628484929
-312.14556317931283
-312.6620058112806
-313.17479473384094
-313.7702562514989
-314.3651410144261
-314.87864853492204
-315.39577925395196
-316.00154238951166
-316.5463930208911
-317.09966834470373
-317.7223470336149
-318.29930004979167
-318.8969459021676
-319.5853771349731
-313.98348329496014
-314.61562306756514
-315.2004815598588
-315.8883241236957
-316.48422461211675
-317.0829877686476
-317.7493525369379
-318.31695111181017
-318.88770997540655
-319.5111448521744
-320.058594159017
-320.60676308654513
-321.15109416183225
-321.69291908453073
-322.30892124179724
-322.86483715744043
-323.428407438659
-324.0697180255265
-324.63660050703385
-325.21317631170734
-325.88804499483524
-326.4691286660331
-327.0702849008759
-327.70742761187654
-328.3486546896118
-329.06894510485245
-329.68051450182116
-330.305913396592
-330.93336592405984
-331.526470481034
-332.19946162812016
-332.79047226566655
-333.3873721721314
-333.9752933526895
-334.5504183450427
-335.1226894503663
-335.7022702273327
-336.3565405312261
-336.94050114476033
-337.5150830814422
-338.0943337579155
-338.6909402540533
-339.30135157081673
-339.9236724158622
-340.54630806346916
-341.1739319919876
-341.91034295838665
-342.5547944125352
-343.20959479104016
-343.859430020818
-344.50556034404957
-345.14587243724066
-345.7811533360713
-346.4184888601808
-347.04347486432056
-347.64619017253284
-348.24622378237456
-348.84193317239107
-349.44636923048296
-350.0478538677588
-350.6474885066995
-351.25546229810004
-351.8657756382369
-352.5010525546642
-353.1322249054353
-353.758268361023
-354.40262722938667
-355.0489854798693
-355.725629355014
-356.40233298435635
-357.08188148274877
-357.7794328205036
-358.4687878083306
-359.14470181073915
-359.80388705189006
-360.4377555200467
-360.98513412367447
-361.6044304373447
-362.2217411260857
-362.8557769361471
-363.48688385890523
-364.115064208214
-364.72862903552425
-365.3450961686705
-365.97707573951556
-366.5337851812884
-367.181496660847
-367.83767419816377
-368.50744502374465
-369.22340956156614
-369.8545297558112
-370.5554411318519
-371.29601123510537
-372.0285331122605
-372.7323061279425
-373.31656763063035
-374.00078918066066
-374.6650886298069
-375.34632805341266
-375.97541581987275
-376.5305463551776
-377.1450893479618
-377.79165899288125
-378.4248062397619
-379.062641170992
-379.62443143466936
-380.28687482470497
-380.96738294410807
-381.5627024953762
-382.2714264725785
-383.0066922648065
-383.7690542256541
-384.5315888360529
-385.19604244396015
-385.95600496803513
-386.64217502762216
-387.2998231998733
-388.02129547070336
-388.68284830937364
-389.2599940578419
-389.9442361320544
-390.5699725805206
-391.12254654383725
-391.7503579886899
-392.4270583952245
-392.9969805619089
-393.66888295467686
-394.3657895073422
-394.9783645353711
-395.6024888599294
-396.36462722835535
-397.14521884162457
-397.83485131952597
-398.6451234699132
-399.4180888543461
-400.0764535941048
-400.85713669863765
-401.57939613614855
-402.15007312339384
-402.77552148055184
-403.4240907950212
-404.1001722444709
-404.6701304924768
-405.34482782579056
-406.0117841442646
-406.6055283380611
-407.20197585494213
-407.9220816635404
-408.7143764778723
-409.376949193743
-410.03900062086933
-410.8637692984497
-411.7052227086129
-412.4235433089212
-413.11936341931084
-413.9105385628159
-414.65930752645795
-415.30411103416924
-409.6446690645613
-410.35916874993234
-411.07405031859827
-411.66460903628894
-412.2620518933838
-412.8618031811927
-413.58994041177203
-414.26215117375546
-414.88779535483815
-415.54617939749875
-416.2307605348448
-429.5859021170512
-417.86655096960254
-418.61349195408815
-419.36324774712824
-420.08982986816306
-420.91100857312034
-421.69503600457654
-422.3495901743192
-422.99452506467
-423.62413489603546
-424.3390682369703
-425.111769331586
-425.7270973721933
-426.33580637786235
-426.9434192676233
-427.63052269113916
-428.4529294759073
-429.1257680595293
-429.83319970022376
-430.5058893295271
-431.36449742662865
-432.13546658632686
-433.0212226961875
-433.8282407781377
-434.54177016052324
-435.22728576335896
-435.8881483959629
-436.5378544892384
-437.30875569285854
-438.0476885768937
-438.68529225871487
-439.3227571692571
-440.0000633646623
-440.6593607116027
-441.32422641316157
-442.00719627451406
-442.85606999992814
-443.7149277677732
-444.50929806276815
-445.3037763367964
-446.0948226999382
-446.82167788774933
-447.55193341414804
-448.2519913122106
-448.93003832086373
-449.7262749086547
-450.4988040541986
-451.15820815702153
-451.8186178127859
-452.4860714931464
-453.1647486003019
-453.8828557119411
-454.58429832711994
-455.3005458009388
-456.04598559325007
-456.8271078226942
-457.61785754164276
-452.2778509399652
-453.1839648547011
-453.9676902954098
-454.7128936145767
-455.4266692610455
-456.08246130711666
-456.7760283585927
-457.45896759792606
-458.1291739738177
-458.8092119738466
-459.5128276239515
-460.2269640002115
-460.91939468717754
-461.72874468578846
-462.5011450219887
-463.29935539576934
-464.0947203137749
-464.89412003286765
-465.59827559439316
-466.4970388071528
-467.439449616233
-468.25327985125625
-468.9815581260846
-469.64882330786685
-470.36993621162026
-471.08154474689803
-471.7913656662292
-472.512092341996
-473.2510258927407
-473.99891069712504
-474.7561640191651
-475.5547285036957
-476.406860998149
-477.2296698040555
-478.0417452770255
-478.84497240148164
-479.5658295142782
-480.3934250657683
-481.0758469496785
-481.89346097003323
-482.64540825544094
-483.35332360460296
-484.0902428037315
-484.83879463575386
-485.6005297692196
-486.3758116486291
-487.16772738749927
-494.1015668353401
-488.5140620665884
-489.3452316292092
-490.26232842294917
-491.0855427178217
-491.89277941437354
-492.6817555110181
-493.4710353108083
-494.2376002455988
-494.9829765356706
-495.7300313485175
-496.4423459838165
-497.21885468703385
-498.0037287862241
-498.81095722545336
-499.639998185994
-500.4746352774147
-501.3230580358295
-502.15589927387305
-503.0033881085885
-503.67812169425554
-504.3512028393346
-505.16351358288273
-505.95755608553105
-506.756225828817
-507.5585004566432
-508.3574887101361
-502.8430922917758
-503.65004090408326
-504.4788513055031
-505.3037893293939
-506.1384733814173
-506.8274173416547
-507.5599451297081
-508.41608340057707
-509.25219686087763
-510.1245940172762
-510.94973554983056
-511.7655878648495
-512.571668083556
-513.3690913386679
-514.0444512573765
-514.718346264162
-515.5637848761145
-516.418405391377
-517.2710051821573
-518.1506158831894
-519.0225019071418
-519.873423969384
-520.5605986428915
-521.2952171532861
-522.1422540261656
-522.9690694356996
-523.8076761751753
-524.6629070892018
-525.5328295822442
-526.3969915585302
-527.0991667328524
-527.8004360332529
-528.6745688838888
-529.5349434799745
-530.399769595495
-531.2687979877569
-531.9850322859843
-532.7402976894726
-533.6092953280687
-534.5111473393905
-535.3678355950569
-536.2384797867552
-536.9427938987437
-537.6601878492455
-538.5175913232899
-539.4024941239321
-540.3073391507953
-541.1755935277711
-541.8384405433442
-542.6845744593817
-543.5856118695101
-544.4658229497919
-545.3295212008796
-546.2024871811238
-546.9180520356724
-547.6425499069129
-548.5237696267982
-543.1294822495632
-544.0392247220606
-544.8274255957965
-545.5735647760496
-546.4883923323296
-547.4235083225808
-548.3380556490506
-555.3573272923823
-556.1170921479389
-550.729333681507
-551.6459291717948
-552.3847099308266
-553.0932406244968
-553.9831852526452
-554.8962496723202
-555.8124414408196
-556.6088448839407
-557.3408813219679
-558.2951134543367
-559.29483947926
-560.0622313974222
-560.8590486348596
-561.8025473131707
-562.7202810465403
-563.4445431906472
-564.2118386435693
-565.0991599872134
-565.9455434224452
-566.7689339681641
-567.5215767800937
-568.4910980922402
-569.4809537485239
-570.3431583661829
-571.1165021679723
-572.1087196731534
-573.0369038404549
-573.7800388566504
-574.577089344657
-575.485230921885
-576.404693930811
-577.1722334855076
-577.9311212213436
-578.8913282377771
-579.8220061061733
-580.7425016948172
-575.2323838154193
-576.1910562076198
-577.042493029522
-577.891781121815
-578.8596234206369
-579.8149957305965
-580.54375941014
-581.3948242319807
-582.3396719104703
-583.1114091187821
-583.8257433155335
-584.802390712636
-585.8050268320405
-586.7295745603013
-587.5234126318901
-588.5257367575665
-589.4358187778505
-590.2889245874387
-591.2585666115157
-592.040007103411
-592.812521423135
-593.7567056235902
-594.4895846193465
-595.3932447967015
-596.282667550271
-597.2508757688078
-598.0555379002218
-599.2268782615151
-600.0336361652041
-600.9124722902807
-601.8930322017512
-602.6847598283706
-603.4818386071244
-604.4534849818829
-605.2778302038222
-606.1174383938329
-607.1394528868462
-607.9438118402954
-608.9095024466078
-609.96918156031
-610.7901337966767
-611.6997789325993
-612.7132232613467
-613.4167466215697
-614.3829425177938
-615.3714912759837
-616.0630375584291
-617.032994711067
-618.0632652345766
-618.8775681020447
-619.8008078862254
-620.6500649788319
-621.6247762814269
-622.7090788640447
-617.2977507594094
-618.1613484663563
-619.1827833038417
-619.838991739314
-620.8361248961886
-621.6583206363152
-622.519257571557
-623.5743186985206
-624.4809823918622
-625.4144859357172
-626.5407033024727
-627.4587525162761
-628.3584649374935
-629.0630982995558
-630.0754811512621
-631.0796747025596
-631.9157997829466
-632.7725215600107
-633.5175136621654
-634.5405694694458
-635.67658107041
-636.5901127848147
-637.5913532959106
-638.5131951510674
-639.4108727063218
-640.4584433059354
-641.3123224495082
-642.1697468895026
-643.0418700417264
-643.9303985126912
-644.7411515004375
-645.76687688257
-646.9104809318799
-647.813192382045
-648.8031910914485
-649.7137840851477
-650.6149178686537
-645.4196657738764
-646.3225808209387
-647.2136468796282
-654.3877340744833
-655.3000790074541
-656.1193784317254
-657.1580498232323
-651.7115708571105
-652.7537587144233
-653.9222154586838
-654.8774822895929
-655.8109510727573
-656.727803502957
-657.636612297922
-658.540845753086
-659.4382500954349
-660.3325408528998
-661.2452988599265
-662.0911678102526
-663.1987495053887
-664.398610443935
-665.3879015869851
-666.361660474071
-667.3079401052079
-668.212511811066
-669.1027526715543
-670.0030912556044
-670.7659507989525
-671.8582637953184
-672.7352568105847
-673.8407023897716
-674.7942727898906
-675.8838996277402
-676.8599737694743
-677.8049917134712
-672.4459949232762
-673.3491530096344
-680.5531482539603
-675.2099519996647
-682.3779980422105
-683.4585357242566
-678.4144317359834
-679.3862460372736
-680.445334354364
-681.4092805847151
-682.3571918599075
-683.2918623923598
-684.2202686764107
-685.1719590590785
-686.1512575645427
-687.0966351167095
-687.9167624549364
-689.0105799954349
-689.9913124472051
-691.055360158805
-692.0278951551098
-692.9895199435937
-693.9552312891325
-694.9144141272365
-695.8801936953447
-696.8686071694286
-697.890063075991
-698.9289075981119
-699.9217892187729
-700.9837412671022
-701.968814697728
-702.9951336723535
-703.9721589497036
-704.9715182035544
-705.9380332168012
-706.951811037292
-707.9621545109684
-708.7956332046311
-709.8131795989827
-710.8501765076222
-711.9007041414878
-712.9344485830918
-713.9120701270102
-714.9483983310032
-715.9701903126443
-710.6980631685929
-717.9773367512569
-718.9786138792862
-719.7381520323206
-720.8708138970378
-715.672098186578
-716.7324792698081
-717.7862910273949
-718.7722615848181
-719.8304474578345
-720.8036513798883
-721.8133143399523
-722.6363534316861
-723.6622559481623
-724.7183278621844
-725.8452340119625
-726.9469946226318
-728.0455911363632
-729.0767875609112
-729.895174664393
-730.8984582541918
-731.8815640891546
-732.8899699180633
-733.9610353604703
-734.8348350539907
-735.9599171604173
-730.8305676256239
-731.9474138409017
-732.9795023606073
-733.9826751767665
-734.9943945152019
-735.8008950908072
-736.8158862163024
-737.8777686079475
-739.0377267769718
-740.2086928559885
-741.10695162702
-742.2165902111759
-743.2822216945749
-744.3011615542141
-745.2861818724533
-746.1053162012923
-747.1582202835431
-748.2724077118802
-749.1957329985751
-750.3968835461109
-751.5525252505101
-752.6410162989021
-753.6782843534771
-754.5073387548163
-755.5185293073013
-756.5392248665403
-751.3516860831556
-752.5291038259785
-753.4786917657228
-754.6630914914779
-755.8251938216763
-756.7018941424622
-757.7393542832576
-758.7459813450148
-759.5818943339847
-760.6623915842341
-761.7787423290837
-762.9537976381006
-764.1733407672949
-765.1198127008561
-766.225885471261
-767.310234660761
-768.1665274387684
-769.2087657390185
-770.2685968485598
-771.1795391022403
-772.3435023282758
-773.5353262240856
-774.5141465901332
-775.6998644493721
-776.8233570271607
-777.6749450869586
-778.7384498204859
-779.8231611129678
-780.9458883446873
-782.0721100666976
-776.750538448193
-777.9884071641599
-779.1739646382679
-780.0796967793918
-781.1909880451329
-782.2901196340622
-783.163805686619
-784.2671130890474
-785.4147098838754
-786.3778732584403
-787.3568769823594
-788.587069234083
-789.7632370071187
-790.6488495387609
-791.7794930040332
-792.8756437738365
-793.7733257986937
-794.9235742168763
-796.1013295023228
-797.0934304927764
-798.338511896639
-799.5229901008711
-800.4439941860659
-801.5954084444854
-802.7268541819934
-803.625442253452
-804.7624771405355
-805.966087651437
-806.9588619492167
-807.9550551660961
-809.169915416408
-810.3505818270243
-811.26799119191
-812.3974641587874
-813.537636080746
-814.4707547924673
-815.4266041133635
-816.6614502167366
-811.6569205926777
-812.648093741273
-813.8263534191186
-814.9757802618598
-815.904564991678
-816.8420120268294
-818.0003575569315
-819.2094213265502
-820.2311568125791
-821.5028087039092
-822.729547764627
-823.6923365649084
-824.6426942483832
-825.8023873224282
-826.9612400354999
-827.9092072285005
-828.890713688509
-830.1562229450541
-831.4314989492426
-832.4563669133793
-833.6752937216393
-834.8514690408515
-835.7830255847999
-836.7317087518779
-837.9395131663248
-839.1750247037605
-840.2046095253035
-841.2505594938366
-836.2400428599778
-837.4545574478152
-838.4226095213875
-839.3746206306472
-840.6453042402209
-841.8143288346506
-842.8429068576231
-843.8860705887907
-845.1677363633977
-846.4049575508039
-847.4030707287435
-848.3719458195534
-849.5635146918033
-850.7735763527664
-851.7718814748641
-852.7951148462906
-854.1141924028083
-855.4306289499638
-856.4379566233507
-857.4340871905391
-858.4082110909377
-859.6290484489097
-860.8502752269179
-861.866928978003
-862.9070900137289
-864.2494927720006
-859.2446091654472
-860.2890430419462
-861.2954518703926
-862.2929477006791
-863.5092837205973
-864.7448167745756
-865.7963756333108
-866.8484787897886
-868.1719730784911
-869.5089120871502
-870.6026557719505
-871.5474516739762
-872.545185754463
-873.7869235450971
-875.0557769137446
-876.0980409472597
-877.1570906680658
-878.2281673081568
-879.5603144013098
-880.844518856396
-881.9266687032049
-882.9284721671851
-883.9173760178837
-885.2323445634944
-886.5586025907577
-887.6043727194638
-888.6898518048296
-889.756854207709
-891.0530488493865
-892.3373704960964
-893.3641100651541
-888.1211211385214
-889.1502602950911
-890.2684146989843
-891.5707382133068
-892.941130757969
-894.0112402912447
-895.0735062289854
-896.1113784753812
-897.4084723549548
-898.7309006184142
-899.7924813434356
-900.8559957970868
-901.9568516538519
-903.0552582397581
-904.4015315431957
-905.725820516622
-906.7712070072629
-907.823236441826
-908.8853153641884
-909.9747079230037
-911.3410802769903
-912.7105515432299
-913.8127264962876
-914.9013873443425
-915.965722779582
-917.0160874443932
-912.0733575397744
-913.4431378100049
-920.8184893729114
-915.6332883109948
-916.7381739669443
-917.852060725943
-919.2079323825978
-920.5395826251952
-921.6161781447233
-922.7064808111505
-923.8084679934015
-924.9218266081992
-926.043024739454
-927.4420785732749
-928.8294802882501
-929.920519738013
-931.0175785720286
-932.1052557910575
-933.1887657829946
-934.318133331597
-935.7269527940194
-937.1299285376841
-931.9623955362869
-933.0798136592657
-934.1868588403079
-935.2793433882597
-936.3763431351242
-937.5012889618126
-938.92932901715
-940.3465933951701
-941.4713638134227
-942.599649818834
-943.7249687811534
-944.8365144907991
-945.9442583516965
-947.0699778176142
-948.4833960122548
-949.9199826671914
-951.0640156452073
-952.2181384101378
-953.3460830245864
-954.4699143286302
-955.5990971828435
-956.7370435455067
-957.871043082601
-959.291699579914
-960.7413768116173
-955.6448311398249
-956.7925109673434
-957.9228845298701
-959.0498308974253
-960.2059038134622
-961.3550382177649
-962.4937049641995
-963.6594071306354
-965.133608074984
-966.596324911311
-967.7396342805893
-968.875426265939
-970.0214451107303
-971.1703736916409
-972.3401310655888
-973.5196223297783
-974.7055108545804
-975.8880603854112
-977.0652894752707
-978.5320876003722
-979.9689904107333
-981.121557136916
-982.2953594585371
-983.4915394325116
-984.6661317247439
-985.8634087896572
-980.7690244374872
-981.9687138020222
-983.141503947507
-984.3042244048971
-985.454551089787
-986.9498258980129
-988.4657998256804
-989.6613657104355
-990.8692283967063
-992.0674115980996
-993.2493458262102
-994.4277134262483
-995.5960590149966
-996.779524016529
-997.9915529327848
-999.2111372002507
-1000.4306301435881
-1001.6482457202411
-1002.8499955218211
-1004.034956590006
-1005.5269629410964
-1007.0264921554669
-1001.946663678919
-1003.1661991527952
-1004.4129198416424
-1005.648285956402
-1006.8553281192127
-1008.0609219058443
-1009.2549278190978
-1010.4728485020094
-1011.6876673741525
-1012.8967111856731
-1014.1429572206905
-1015.3971036981318
-1016.6440892128563
-1017.8564791838197
-1019.0643148452377
-1020.2861416916203
-1021.5111275600044
-1022.7376437708717
-1023.9675891115003
-1019.2664904848144
-1027.112866057484
-1028.3440553177184
-1023.2824345225562
-1024.5147145046924
-1025.7426889240623
-1026.9776765517956
-1028.236798609901
-1029.5100695909061
-1030.7684983196752
-1032.0089193766778
-1033.2540914185702
-1034.505490449815
-1035.7356242093908
-1036.9593636159789
-1038.2342478734734
-1039.5323267672593
-1040.8147762714034
-1042.050996605914
-1043.3086240031428
-1044.5879850595477
-1045.8361563437024
-1047.0636532487526
-1048.3222261242208
-1049.624084050935
-1050.9305329832214
-1052.1978013237087
-1047.1796895951206
-1048.4513308750634
-1049.71653228401
-1050.9692202734343
-1052.2461090880538
-1053.5427213014752
-1054.8358757579101
-1056.137581838937
-1057.424335543458
-1058.701707122258
-1059.9647192578636
-1061.2262568257506
-1062.5278132570968
-1063.8397977492602
-1065.143811828723
-1066.4372500428021
-1067.74233743305
-1069.0432669242848
-1070.3107701007486
-1071.5739645762112
-1072.871497229791
-1067.9164030803115
-1069.2536830169172
-1070.554049604755
-1071.8651847488482
-1073.1726545841373
-1074.4714051700391
-1075.7570695131449
-1077.0594754881745
-1078.375510032839
-1079.7158720431585
-1081.0459002737289
-1082.3671485873053
-1083.671314444322
-1084.961182331367
-1086.2760582862977
-1087.5990239514942
-1088.9249768210611
-1090.269619860891
-1091.6154094679248
-1092.9630581240112
-1094.2790751148218
-1095.5868526961735
-1096.908081613449
-1091.9532608809195
-1093.3158268818734
-1094.6590572179814
-1096.004651870063
-1097.3667847623467
-1098.6761442113443
-1099.999697321263
-1100.9990122590546
-1101.9994351707194
-1103.3449973172978
-1104.7077005798528
-1106.0949215165347
-1107.4579543739164
-1108.787832718308
-1110.1178389286479
-1111.4636074923087
-1112.8165716890292
-1107.8881622763756
-1115.5359833754333
-1110.6506757003692
-1112.0228150447876
-1113.368852213421
-1114.7008718391812
-1116.0520984860414
-1117.4180469347216
-1118.8045964116272
-1120.1898723747238
-1121.5744851452434
-1122.9498033298767
-1123.9731995187735
-1125.0028510668353
-1126.3640473452442
-1127.7227744674253
-1129.1085096055244
-1130.518465144964
-1131.927261399585
-1133.2974333161128
-1128.3795931972777
-1129.7540339581421
-1131.147606529157
-1132.5231917247615
-1133.9221730858155
-1135.3417251149033
-1136.79206828753
-1138.140397930239
-1139.1771435129244
-1140.2029036320425
-1141.608572578811
-1143.0057699224326
-1144.4131847410672
-1145.8314924539022
-1147.2645086182838
-1148.661719208556
-1150.0520061632913
-1151.4443653073051
-1152.8623206860823
-1154.2738508967454
-1155.6919276036401
-1150.4871755820107
-1151.5754191557526
-1152.9839217146966
-1154.368764262296
-1155.770634461721
-1157.2125864744391
-1158.6500522656177
-1160.0749431295687
-1161.513565537228
-1162.9653086573949
-1164.3891024394427
-1165.4404889037091
-1166.4866484179172
-1167.9297355910207
-1169.3851656867448
-1170.8367868115447
-1172.2720643751163
-1173.7191274430133
-1175.1537287889907
-1176.573883557858
-1171.718097070753
-1172.807817317451
-1173.9033737662498
-1175.3803340846678
-1176.83837070787
-1178.302269518748
-1179.7401252914515
-1181.1655640205788
-1182.6047407833357
-1184.0873516675301
-1185.5702949183787
-1186.6684507602422
-1187.760134735074
-1189.218887879857
-1190.6799118689285
-1192.1331247329292
-1193.5793946638385
-1188.7791047051503
-1190.285539412704
-1191.7691124506143
-1192.860526562891
-1193.9497955266604
-1195.4072071133262
-1196.8912901256033
-1198.3834419845425
-1199.874442032855
-1201.3690019480905
-1202.8593596807018
-1203.9779778904172
-1205.082030409192
-1206.546129554872
-1208.0196802516623
-1209.5316809453132
-1211.0516264431687
-1206.2734038418319
-1207.7533739286737
-1208.8641757951711
-1209.9868555105347
-1211.4828624097267
-1212.9744161158908
-1214.4845831465286
-1216.0120741481142
-1217.537553847988
-1218.6583947277097
-1219.7690009482503
-1221.2583362647129
-1222.7760651853298
-1224.3008744575757
-1225.8378781715621
-1227.3660976420622
-1228.8808508567015
-1230.0085657688685
-1231.142352375421
-1232.659485801367
-1227.909713475028
-1229.436814035342
-1230.9739657365988
-1232.1320379269214
-1233.2913466775497
-1234.7893178493757
-1236.2984663507502
-1237.8326462370828
-1239.4080069588447
-1240.9655171547593
-1242.1163826987013
-1243.2614449822413
-1244.8050452901707
-1246.3496021699139
-1247.8806817577617
-1249.4303820122896
-1250.6060107049893
-1251.7788775836766
-1253.3527042836683
-1248.605602402877
-1250.1363181892514
-1251.683371487545
-1253.2468557920754
-1254.442316497916
-1255.6227198481529
-1257.1857951805662
-1258.740226908303
-1260.3104589662896
-1261.8582848594062
-1263.033627207123
-1264.2000542886517
-1265.796512165198
-1267.3888628351556
-1262.686924052409
-1264.232529313236
-1271.692138245097
-1266.5819903979757
-1268.1901449083796
-1269.787738985251
-1271.3847201811
-1272.569409918484
-1273.7465952211537
-1275.3213108454443
-1276.9095066018622
-1278.49752927911
-1280.095315601586
-1281.3059739120217
-1282.5240205968082
-1284.1236062851149
-1285.6945647318835
-1287.28184892507
-1288.4850748054846
-1283.4302726849364
-1285.053759366384
-1286.659286686179
-1288.2574501065953
-1289.4701719601405
-1290.6635560170262
-1292.2669402875497
-1293.88364198599
-1295.523599635891
-1297.1560913016838
-1298.3687768744062
-1299.5569956626032
-1301.171597502977
-1302.7866377590606
-1304.4251296657308
-1305.6657850341758
-1306.8996950471953
-1308.5350554956565
-1310.1615233721247
-1305.490123359115
-1306.7154664031477
-1307.9450461410845
-1309.6089581162569
-1311.263256464048
-1312.9005391620021
-1314.135412710685
-1315.3595398291918
-1316.9869886985225
-1318.6257593703012
-1319.8798527935812
-1321.145566422725
-1322.8083709809978
-1324.4331962425915
-1326.0701721156192
-1327.3164520223454
-1328.573011342869
-1330.24227917122
-1325.6221567785947
-1333.5771315674817
-1328.55369336434
-1336.0829405357456
-1331.4447523865751
-1333.1001411624027
-1334.3652691579748
-1335.6483324338
-1337.3496402587327
-1339.006787740684
-1340.6586383460858
-1341.9209314178288
-1343.1913128514423
-1344.8977450077734
-1346.5716041409735
-1347.8433024314475
-1349.1093290466563
-1350.8063612293347
-1346.184273535286
-1347.8654500355256
-1349.1352084306343
-1350.4453861526638
-1352.1563520350624
-1353.841358567813
-1355.084349081709
-1356.3608118694235
-1358.069522774394
-1359.7949568872202
-1361.081120045162
-1362.3585790992777
-1364.0659361028988
-1365.7764800957386
-1367.0657283395617
-1368.3417298456636
-1370.056007137928
-1365.4999028238121
-1367.2532115962797
-1368.5343790006098
-1369.817510176178
-1371.4993592834937
-1373.2327390420671
-1374.5473767498602
-1375.883315491393
-1377.6185432781176
-1379.3132303844448
-1380.6201999771347
-1381.9162277954622
-1383.6721703978187
-1385.3862457102068
-1386.7221823252353
-1381.7574908835945
-1383.52675918876
-1385.2244499024123
-1386.5267602452175
-1387.8243991001889
-1389.5994610892121
-1391.3811939828593
-1392.7005688873094
-1394.0152396660435
-1395.7479951509142
-1397.0753534341218
-1398.3910310925005
-1400.1490133236855
-1401.9042582299014
-1403.2507029003282
-1404.574464458388
-1406.3143891312693
-1401.7904632731468
-1403.1150633426314
-1404.4481705682065
-1406.2523046786912
-1408.039877939094
-1409.3612166721032
-1410.67024582314
-1412.4458794335349
-1413.799837974933
-1415.1617880747829
-1416.9496188207713
-1418.7177756949802
-1420.0561724650738
-1421.4075222626582
-1416.918846337811
-1418.7057273636726
-1420.064797536457
-1421.4228706896204
-1423.235636445527
-1424.572068132979
-1425.8966933859465
-1427.6792820594112
-1429.516234272691
-1430.8926767927087
-1432.2480873046418
-1434.040345067164
-1435.3944034898752
-1430.463097176545
-1432.286558559317
-1434.1198457001153
-1435.4801726951493
-1436.8555377543917
-1438.6699337830335
-1440.0393504473536
-1441.3879334061394
-1443.21590588195
-1445.0635930402998
-1446.4495200087053
-1447.8257330548886
-1443.362360292357
-1444.7138173554158
-1446.0873275876986
-1447.9433155441081
-1449.806096125225
-1451.1850152029795
-1452.5493874142562
-1454.39139009568
-1455.7680655789684
-1457.1639812493497
-1459.003779530877
-1460.4058534671803
-1461.7955551769326
-1463.6722110636376
-1465.5128515719268
-1466.8788853035985
-1461.9764250061785
-1463.8753633373158
-1465.2992223778788
-1466.6863519460999
-1468.5252806618748
-1469.9071540862485
-1471.3333845633551
-1473.2194792828443
-1474.621412120184
-1476.016862716806
-1477.9042283818799
-1479.790821177732
-1481.1735050427044
-1482.5739280298526
-1484.4523289648969
-1479.6262294886224
-1481.0514953193692
-1482.9145704326984
-1484.30257518547
-1485.7082292587572
-1487.640496989968
-1489.0850441163088
-1490.5023804318819
-1492.37452968495
-1493.8048437392026
-1495.235269796513
-1497.1367593458156
-1498.5552613957632
-1499.982280798301
-1495.6375536506514
-1497.5535333899677
-1498.9760954000483
-1500.3887000893103
-1502.3033619045216
-1503.7645916309837
-1505.223274495022
-1507.1332452593613
-1508.5587314588468
-1509.9852126249582
-1511.9231294612441
-1513.380328439841
-1514.8267915124927
-1516.7583324296581
-1518.2198835018244
-1513.380579034141
-1515.2866963869253
-1516.7336138039736
-1518.1892559380567
-1520.1604854190186
-1521.616566365129
-1523.0610387274587
-1524.9768856625767
-1526.4305893281032
-1527.9074527926884
-1529.8910335388366
-1531.3413542508197
-1532.8033444716752
-1527.960044791501
-1529.4319406237532
-1531.403222555304
-1532.8727811055844
-1534.351895859002
-1536.3029588252498
-1537.7816854249456
-1539.247244771476
-1541.2173576203768
-1542.6875505509352
-1544.1836317572725
-1546.1729987785816
-1547.661761207599
-1549.132345188149
-1551.107342940079
-1552.5801086862884
-1554.0724293588426
-1556.0875724046336
-1557.5782212583408
-1559.0629220622773
-1554.7451006176868
-1556.2477866037461
-1557.7416095196
-1559.2656865960184
-1560.7656678898122
-1562.7575762815825
-1564.241002322201
-1565.7276532962278
-1567.7484063088361
-1569.2713100306337
-1570.7872800233326
-1572.780034175757
-1574.2763569437925
-1575.7832482708168
-1577.2994749652316
-1578.8161552641225
-1574.5543494595418
-1576.071767219653
-1577.5764606388107
-1579.6111028041523
-1581.1105996761987
-1582.641695289262
-1584.6687516960317
-1586.1988110642455
-1587.7310397058343
-1589.2323860458655
-1590.7422125866576
-1586.4853545903468
-1588.0380750904894
-1589.582056994431
-1591.62570464266
-1593.148391317434
-1594.6516614930501
-1596.1925158221827
-1597.740204661642
-1599.8074074098877
-1601.3378918163796
-1602.8783438939724
-1604.9188034068002
-1606.4651641898681
-1608.0162198772507
-1603.2926171081517
-1604.8544638777717
-1606.9169984690614
-1608.459995941404
-1609.998459837937
-1611.5629231720914
-1613.134232241134
-1615.217626262893
-1616.755839642264
-1618.309262066247
-1620.3607912049326
-1621.9328637305184
-1623.5063478101486
-1618.7969190526007
-1620.360057368085
-1622.4183502203728
-1623.991520035229
-1625.55624475304
-1627.1412482747749
-1628.684130852452
-1630.819088135848
-1632.3877750747915
-1633.9560852278266
-1635.5167192812596
-1637.0485978545287
-1639.151700103752
-1640.8161841758558
-1642.4040984355672
-1637.6834571498778
-1639.251033755281
-1641.364671038594
-1642.9804363366927
-1644.5948273985844
-1646.17211978343
-1647.7507376319372
-1649.833430974851
-1651.4644078229383
-1653.0731421700216
-1654.6987956536989
-1656.2887140441449
-1652.0955652395871
-1653.712403131589
-1655.3185261128083
-1656.9559495907727
-1658.569464865425
-1660.6967016291633
-1662.2988551330159
-1663.8935490567967
-1665.5302412815333
-1667.1549284410269
-1669.3118898015136
-1670.9068543568271
-1672.531126991301
-1674.1251977903905
-1669.4740695458897
-1671.0932878526835
-1672.713803799787
-1674.9057416454418
-1676.4993318889096
-1678.1429456026651
-1679.7614525476251
-1681.3893938572442
-1683.5975568036713
-1685.2207335746007
-1686.858892993164
-1688.4837196349386
-1690.1040502926683
-1691.756602467468
-1687.1415805294641
-1689.3208682571433
-1690.9672657853528
-1692.6194685081955
-1694.238693989081
-1695.8498971501601
-1697.5389887214405
-1699.1984930038232
-1701.3838667485602
-1703.0377885431
-1704.6669611450195
-1706.3336452045332
-1708.0087253641243
-1709.691364557749
-1705.0324524337595
-1707.227938507591
-1708.8938914459159
-1710.5751144996154
-1712.2643659645853
-1713.9268774627878
-1715.603304389797
-1717.2474447784186
-1719.4696757564848
-1721.1326224087381
-1722.8316769768394
-1724.5031388236976
-1719.9143704450016
-1721.5814169488776
-1723.238251577594
-1725.4939769700743
-1727.1794514123133
-1728.9025743558727
-1730.5743270128849
-1732.236989351534
-1733.9120328434599
-1735.608740256313
-1737.3279566542217
-1739.038798122103
-1734.9910972600828
-1736.6689122133546
-1738.3735945267235
-1740.0770155633334
-1741.8055781283126
-1743.5215118932992
-1745.1934545717297
-1746.8831536184698
-1748.5913457601678
-1750.302248528292
-1752.0262570401599
-1754.312340998362
-1749.7340688419517
-1751.4478851706763
-1753.156714307668
-1754.9185569612728
-1756.6355192285528
-1758.3546907844172
-1760.04508042931
-1761.7615457022728
-1763.491011722815
-1765.2222917847955
-1767.5503480012583
-1762.9754049984444
-1764.6969869764118
-1766.424105257084
-1768.1503638150068
-1769.9069465002556
-1771.6439249015705
-1773.3899045529447
-1775.097466498508
-1776.8574309090814
-1778.589908916604
-1780.9312481973695
-1782.6919369172488
-1784.4181949234212
-1779.8965207262831
-1781.6281315686615
-1783.3884973411139
-1785.1484543560805
-1786.909237418966
-1788.65709476077
-1790.3977827291524
-1792.1664927887728
-1793.9368111207446
-1795.6942641039336
-1797.4535882510702
-1799.2127210750862
-1800.9675101574617
-1802.7242924451182
-1798.8166468041934
-1800.596394609407
-1802.3719784178195
-1804.1479384505578
-1805.8952769461082
-1807.6939536056962
-1809.4802019844794
-1811.2672433279338
-1813.0346783866794
-1814.8212297431614
-1816.5858677196309
-1812.1099151735764
-1813.9187836836086
-1815.7031909190346
-1817.4837531499452
-1819.2639327809068
-1821.0524723400051
-1822.8516988183424
-1824.67455631701
-1826.4620064879791
-1828.2464237425136
-1830.0386454660786
-1831.8412167994811
-1833.672995876123
-1835.488311234756
-1831.5920612146294
-1833.3906239997273
-1835.1868383376536
-1837.0290786446994
-1838.8615035505443
-1840.6786338711263
-1842.471295127931
-1837.9872577992317
-1839.781546796555
-1841.612863066433
-1843.4214619577313
-1845.2433438840642
-1847.053729707601
-1848.8874568236818
-1850.7394618554838
-1852.6026888015938
-1854.4450232560403
-1856.2596385732513
-1858.0692744909156
-1853.6242337219314
-1855.4866775156854
-1857.3598841080686
-1859.2300741415386
-1861.0401472895735
-1862.8721233897613
-1864.676056705964
-1866.538102036439
-1868.4358292378463
-1864.0030207828609
-1865.8753252744339
-1867.6443408642301
-1869.4881399294966
-1871.3626777238833
-1873.24410882615
-1875.1214557380433
-1876.9869867044147
-1878.788021383931
-1880.6604553105626
-1882.4877738549822
-1878.1207031659767
-1880.0237933630124
-1881.911829724881
-1883.706753984212
-1885.5630527506923
-1887.4457443582762
-1889.3774651758147
-1891.248649242557
-1893.0861890559336
-1894.948736026701
-1896.8757618312384
-1898.123780550735
-1893.7002210606133
-1895.5614564483424
-1897.4435091878622
-1899.3228181176084
-1901.2482357541028
-1903.110059672892
-1904.9793854753095
-1906.8644596316344
-1908.7936405746477
-1910.6663024852526
-1912.572539106756
-1908.1846077427856
-1910.0908674932507
-1911.9329932020878
-1913.8450063525124
-1915.7674283244646
-1917.677684670454
-1919.5702278653687
-1921.4632561844885
-1923.3662294748717
-1918.989544178115
-1920.9212512001855
-1922.8603762850082
-1924.7431072515028
-1926.017404197176
-1927.9113048038657
-1929.831193535751
-1931.790961202182
-1933.7041205351197
-1935.6046164904278
-1937.5144197611608
-1939.4687125533392
-1941.3575082353407
-1937.0073471745545
-1938.940003571196
-1940.8663124008606
-1942.7814142001612
-1944.7164428230915
-1946.6634174330634
-1947.942306080997
-1949.8898690232031
-1951.8104888882858
-1953.7462066332328
-1955.7117939657023
-1957.6560174712777
-1953.2984391696948
-1955.2293138810337
-1957.184945930787
-1959.154705832485
-1961.0915250092055
-1963.0566148736805
-1964.9830818220373
-1966.2786686041309
-1968.2344073452446
-1970.1765812515368
-1972.1485883132734
-1967.814367436865
-1969.7746096634735
-1971.7283845322268
-1973.7043262608101
-1975.680959386442
-1977.6345155315264
-1979.6008657977345
-1980.9027453205658
-1982.8740208068814
-1984.857680959169
-1986.83175977334
-1988.8011877888357
-1984.4768196239513
-1986.4556165650795
-1988.4434692565599
-1990.4295359650082
-1992.4044700549762
-1994.3554748552385
-1995.6763267707076
-1997.664533296668
-1999.6749546189687
-2001.6696854885695
-1997.3627988621465
-1999.3396767381187
-2001.3259330824665
-2003.335582357216
-2005.341584207338
-2006.6710625267422
-2008.66215658423
-2010.6594594233518
-2012.6432414964506
-2014.655138061667
-2016.6628267874166
-2018.6725574294726
-2014.3888976105502
-2016.4021304715307
-2017.7476858998707
-2019.746776537444
-2021.751081938226
-2023.7542386309017
-2025.7727829146295
-2027.810753451411
-2029.839545435362
-2031.17796369868
-2033.1737020924832
-2028.9046729898655
-2030.9280858305374
-2032.9699561257144
-2035.008514780643
-2037.027985624389
-2039.0686396725732
-2041.0890385422229
-2042.442822248065
-2044.4837208889933
-2046.573435562482
-2048.539020253452
-2044.2871256249755
-2046.332182785478
-2048.3944816088247
-2049.762512042722
-2051.8063792547896
-2053.826710708073
-2055.8770205752467
-2057.9224559327995
-2059.286730526325
-2061.3363723950574
-2057.101860953873
-2059.1693841297806
-2061.2350020537897
-2063.2981804365863
-2065.3446626633818
-2066.696217349424
-2068.7450475819624
-2070.8180179657093
-2072.8993239717347
-2074.9918416075575
-2070.775954535607
-2072.822046745812
-2074.1795780616285
-2076.256003404302
-2078.340571226782
-2080.405044945426
-2082.4834811153514
-2083.8650144638714
-2085.9502538742277
-2088.048221707116
-2090.123605039393
-2092.198767015754
-2087.978836900789
-2090.0660094294167
-2091.476497865102
-2093.571955898563
-2095.657237273919
-2097.7322137552374
-2099.804324957318
-2101.1982009151106
-2103.3004245959
-2105.417840110666
-2107.5099552329684
-2109.6134319140824
-2104.745939944378
-2106.8472187369002
-2108.942635725861
-2111.02228315261
-2113.1234583750684
-2114.538970170944
-2116.6691335779356
-2118.81480292716
-2120.93635407726
-2116.748239793394
-2118.854291962973
-2120.9733239744887
-2122.3858187055084
-2124.502233754166
-2126.6272013036523
-2128.7734278621956
-2130.913107210989
-2132.3527703528644
-2128.197044692332
-2130.2955478905155
-2138.6900911176485
-2134.5423621480563
-2135.9859354854843
-2138.1358817293494
-2140.278078226563
-2141.698305157898
-2143.8485249889204
-2145.9762357672976
-2148.1316072428544
-2150.278577673858
-2145.4122041478727
-2147.5662825077925
-2149.737773798577
-2151.9025903806028
-2154.05268823806
-2155.4862758306363
-2157.6236529874573
-2159.7831476064293
-2155.668196450634
-2157.8446878354694
-2159.3014428276947
-2161.466429076484
-2163.6384004016195
-2165.819124103635
-2167.9759607010346
-2169.4194058131548
-2171.574194270063
-2173.7533154422335
-2175.20639478763
-2177.396969654508
-2173.2954460101737
-2175.4715986977167
-2177.6603346171623
-2179.1037287248387
-2181.3004976423904
-2183.475859919155
-2185.630670515774
-2187.8245843383434
-2189.3135310260354
-2191.5317236902747
-2187.4551710376695
-2188.916791029257
-2197.3489501015733
-2193.3053254271213
-2195.4934124860893
-2197.69512431724
-2199.1634087225343
-2201.3714410706284
-2203.629255374707
-2205.1006146529385
-2207.3448984956935
-2203.244509636332
-2205.432744794323
-2207.624044177914
-2209.1007653675542
-2211.2959900266533
-2213.5492025273174
-2215.04852523979
-2217.28937509054
-2219.5535425978755
-2215.513083183948
-2217.710824779989
-2219.1735829925783
-2221.3826226580018
-2223.619414848252
-2225.1209913861567
-2227.373307171673
-2229.6316647803687
-2225.6164179881007
-2227.87072422381
-2229.368556058259
-2231.6011186773508
-2233.79177359295
-2235.2966789833877
-2237.5327435193212
-2239.8105405910196
-2241.319787694911
-2237.3119040519096
-2245.8748703837423
-2241.868991626321
-2244.059377603649
-2245.5836323668145
-2247.8174087503467
-2250.0556553717106
-2251.5984955458453
-2253.882612624188
-2256.1993964765616
-2257.721931413585
-2253.7473119877113
-2256.0169248494417
-2257.521533699182
-2259.7713384581057
-2261.938339571815
-2264.214061548417
-2266.529643048934
-2268.0954352932454
-2270.422381862339
-2266.4066760206147
-2267.9619927674767
-2270.3115925292523
-2272.585065537905
-2274.0796150156107
-2276.346429590213
-2278.5636995731847
-2280.1036698137523
-2282.454381011166
-2278.4902103331287
-2286.3509248500604
-2282.4162637187055
-2284.7318931518785
-2287.0426234960023
-2289.2750266171947
-2290.8469804332735
-2293.1271898107807
-2295.473079235726
-2297.018124240007
-2299.357325867817
-2295.4136697937834
-2296.9890557205413
-2299.331360726357
-2301.6481001779325
-2303.1509649912728
-2305.4700006472785
-2307.7901576418635
-2309.340895260442
-2305.3820803400026
-2307.7369702671735
-2309.342408086906
-2311.673272808154
-2314.0619048554954
-2315.619777763987
-2317.965475067957
-2320.2940565805507
-2321.842871635301
-2317.8772412366307
-2320.2279552009304
-2321.8032369182106
-2324.183268037879
-2326.561204239849
-2328.108883847016
-2330.4662496301603
-2332.8632881392946
-2334.458839288686
-2336.8314321529406
-2339.1827199216646
-2334.4854001838894
-2336.866742326595
-2339.219168378827
-2340.7802529719297
-2343.139781734367
-2345.5284523433256
-2347.1481436802355
-2349.50811808638
-2345.620539201156
-2347.2378156525488
-2355.9149406166252
-2352.0274624323697
-2353.5769768940913
-2355.9505056498315
-2358.357037358958
-2359.971296480876
-2362.3853564704646
-2358.5066547519873
-2366.3923859400757
-2362.538156200919
-2364.9525097695628
-2366.5436187856594
-2368.9320099895867
-2371.3047335747824
-2372.919074933997
-2375.305885992822
-2377.713564580634
-2379.291559710349
-2375.429815290322
-2377.895528732737
-2379.5457961592347
-2381.995804698172
-2384.3914288637507
-2386.0553972405787
-2388.50063456905
-2390.929361616619
-2386.2380098435497
-2394.140302675818
-2396.5398211252605
-2392.680643384636
-2394.28939218788
-2396.723025070642
-2399.159981729506
-2400.798818302468
-2396.96349082208
-2405.6963809476742
-2407.3723402707697
-2403.5456851851554
-2406.0109921638605
-2407.6295869100372
-2410.105637801095
-2412.571783607358
-2414.2128485728276
-2416.6536608068154
-2419.0911441388835
-2414.442052237228
-2416.11334474897
-2424.854666221262
-2421.033630703177
-2422.703163170817
-2425.1939817985162
-2427.6107176818978
-2429.2282335065265
-2425.4253692141374
-2427.9379933483824
-2435.887787727692
-2432.063929219278
-2434.533426256044
-2436.184713728399
-2437.8825477069126
-2440.378600659427
-2442.8667214909865
-2444.542777086084
-2447.0336147958583
-2443.2484978982698
-2444.899295371277
-2447.3830535053644
-2449.894407403549
-2451.5564551693606
-2453.2461154033117
-2455.763141773672
-2458.2668528911513
-2459.9249989891064
-2456.162328123638
-2458.677629422833
-2460.346009025383
-2462.8514448989854
-2465.3457642171743
-2467.020495857683
-2468.7085920403188
-2464.978806700762
-2467.4871038718056
-2475.4796132327706
-2471.7740045818005
-2474.3444873055214
-2476.0101215634745
-2478.5467294315267
-2481.061968290256
-2476.466830880647
-2484.409921768477
-2486.8859110630947
-2483.114347244985
-2484.799656821452
-2493.588346549094
-2489.846554680546
-2491.5432958984707
-2493.2659316459344
-2495.855167351486
-2492.159893465418
-2493.9021936590916
-2496.515397117198
-2499.087577964482
-2500.812661043235
-2502.518100768089
-2505.020426834135
-2507.5351277155005
-2502.9473999143006
-2505.4898921907234
-2508.0397241273163
-2509.7337510818447
-2511.4475755333865
-2514.0055629658236
-2516.598500672869
-2518.3328105503824
-2514.5935281268567
-2517.186522929807
-2525.2368056347523
-2520.658986714006
-2523.253727466081
-2525.855578895891
-2527.5939283299294
-2530.209265459563
-2526.4942267000138
-2528.203165929322
-2536.199093327833
-2532.4762454407346
-2535.061311816244
-2536.782290502821
-2539.370265665397
-2541.9302992023113
-2537.377295572331
-2545.4107346863248
-2541.741260971474
-2544.358971021378
-2546.1449979667686
-2547.9303945162064
-2550.5800094063193
-2553.2159766410914
-2555.008267866506
-2557.648575145377
-2553.9425959653695
-2555.6771310139206
-2563.7014039940073
-2559.9823357896385
-2562.5345192906434
-2564.2332049294027
-2566.0208611625917
-2568.588645796212
-2564.891511449035
-2566.653559915722
-2575.62032184706
-2571.981107878298
-2573.7811681997805
-2575.6028764401503
-2578.2794941491657
-2580.9610323891857
-2576.5187800803087
-2584.4930910642342
-2587.1394638272523
-2583.438396604608
-2585.176579928877
-2586.915837817106
-2589.5127808163243
-2592.121606099538
-2593.86597109321
-2596.5000008610778
-2592.842015226177
-2594.5882596858232
-2602.636678465644
-2599.0155657067553
-2601.674710066385
-2603.4290779664043
-2605.185641894327
-2607.835136146813
-2604.1583096160516
-2605.8989972311083
-2613.9324346319927
-2610.242149887761
-2612.850993201358
-2614.5684914968056
-2616.2906457768036
-2618.816311416419
-2615.1472408142004
-2623.178870294677
