1.1466847492949108
-1.3785725025890052
-2.541705178121056
-0.662476808757902
-0.9237064660590187
-1.8059577818448653
-1.8825781655904095
-1.9580101706158373
-1.9711308981443398
-1.9847594891818452
-1.9776577838549791
-1.7056926496000153
-1.780194485839944
-1.812389556201431
-1.828128057667996
-1.863501762263403
-1.917579378443718
-1.947355814377669
-2.0434780988336767
-2.070980497076425
-2.0821159759229793
-2.0697457797038585
-2.062815719758734
-2.0810862562474455
-2.069608915653178
-2.0751910458463922
-2.091978342074092
-2.123347550724064
-2.1364614959756327
-2.1419960259378175
-2.1701243130225016
-2.186455651181774
-2.2030121141636654
-2.2140586603686274
-2.2205246297649537
-2.191657783755133
-2.212413241369355
-2.272055812985529
-2.2921401974221394
-2.2964093928608453
-2.2972399310501923
-2.3105931454203295
-2.3380048172338177
-2.3398138897707
-2.3606185176523167
-2.3851681229090484
-2.4158302541685543
-2.4325355509375655
-2.439875207225457
-2.4537041360473264
-2.515942902886543
-2.547602017517314
-2.560369745607852
-2.5667205798125243
-2.5908486012318375
-2.631297104175189
-2.6313420446283704
-2.6384398214033737
-2.6584085579177192
-2.691527880936407
-2.724540500470748
-2.7319886150585106
-2.7523621024760687
-2.8242086917583338
-2.862245870509469
-2.881953553688268
-2.89990544363859
-2.93423230903553
-2.9706284216464915
-2.975489865501305
-2.993025018581101
-3.0176452886372713
-3.054639368918957
-3.0978104873706753
-3.134573655646252
-3.180695637317169
-3.2151260594864883
-3.24831175555614
-3.277686268629994
-3.306785850697456
-3.3411344747122844
-3.371798272827989
-3.3814968014339373
-3.432202085339263
-3.474437855837683
-3.501722954093844
-3.5361109048003683
-3.580994893418696
-3.630551414351575
-3.6631095949817016
-3.693300144403527
-3.7306513354591453
-3.7799640655410665
-3.8313792016695416
-3.8689945358647067
-3.8801538049841082
-3.918546539529644
-3.963062930159316
-4.008149878507124
-4.047791177877086
-4.08899126513394
-4.155154916104825
-4.188367877322921
-4.223851534436845
-4.257266938882532
-4.307189655001742
-4.362950081485046
-4.4181903045455275
-4.45357798680977
-4.499151423565732
-4.553269991831404
-4.603729745095274
-4.650690309864985
-4.693063732729737
-4.7178533173740105
-4.76944817452071
-4.826217934439223
-4.876039944426445
-4.927849545881083
-4.98263427726431
-5.047854036486168
-5.089783614479615
-5.131221277774537
-5.184503484137702
-5.2463964828323935
-5.30936299105278
-5.336344433937607
-5.403596866441796
-5.4452635268020115
-5.495996331493536
-5.555837457528627
-5.614012297563342
-5.66365845842735
-5.732862579400315
-5.798518937566846
-5.864032223658723
-5.913008608464311
-5.959833069297669
-5.989433334995489
-6.054492264014851
-6.127744578661733
-6.183993786862283
-6.2482160287911865
-6.31116542227294
-6.369653831903869
-6.43634550477891
-6.471412117597111
-6.566626936791606
-6.621375607658734
-6.687020641351962
-6.744842249076102
-6.806415908568074
-6.883209685761747
-6.95236637471852
-6.979457224012272
-7.042010894411607
-7.110753010707471
-7.179337060327627
-7.246488956809954
-7.3345750028956855
-7.395298001994915
-7.465101686812436
-7.538589144452183
-7.610731472782262
-7.679513326512671
-7.75640235739221
-7.825720606456052
-7.898819050593529
-7.976002994709033
-8.046130521884814
-8.108186006267387
-8.140643699446912
-8.239752298720095
-8.31238382981061
-8.384455162157842
-8.465133925693221
-8.546287396293073
-8.624376422658731
-8.645325369345919
-8.713095577543037
-8.786331325568845
-8.882891422555629
-8.984464564552638
-9.030221045860065
-9.096543971609957
-9.182726134100992
-9.262144383303836
-9.343862974151556
-9.417539164649991
-9.500649311066422
-9.586447883301542
-9.71003906448862
-9.790142211753723
-9.865574598471488
-9.947640806394448
-10.032529030304385
-10.116280588813288
-10.155893044549916
-10.241473297218185
-10.331093488903926
-10.416751822027361
-10.494727288307013
-10.586265554038235
-10.676605297777716
-10.791247196125818
-10.87458856181413
-10.96528434301097
-11.053877541593653
-11.142964840628379
-11.235630318292298
-11.179437400893288
-11.380128824035893
-11.467562577319926
-11.558616743538815
-11.647933253951754
-11.733893132691042
-11.824375629391835
-11.920183040650507
-12.008509866882065
-12.10267899731751
-12.196065883210164
-12.286385062718162
-12.38202602081544
-12.513547580252053
-12.607430636207837
-12.700881866117975
-12.797704601434102
-12.895111781741303
-12.99058004068549
-13.083397290858024
-13.165321617309402
-13.2663982515147
-13.366792220970666
-13.466493713556746
-13.562549959702503
-13.665804194761915
-13.75158391385549
-13.877377953834761
-13.978423800656822
-14.083446547366629
-14.187360420188886
-14.287322869886866
-14.386460563035717
-14.488183108466107
-14.591938955927953
-14.697964316778771
-14.794677136257372
-14.894630768760631
-15.009508404240865
-15.10681367008798
-15.205565644452724
-15.305121999449042
-15.412949910493248
-15.520693797853848
-15.634091434586711
-15.739298058250554
-15.866743401228744
-15.97702456765997
-16.088816011687268
-16.19599066486116
-16.299159774778794
-16.409427897165067
-16.514511977000048
-16.631459995646807
-16.73325319937908
-16.837478022460253
-16.97351487036803
-17.090441469974547
-17.19496313608149
-17.305541966446516
-17.413690246147535
-17.531077996818855
-17.653140100693268
-17.76748510262104
-17.877133005707226
-18.008095355902004
-18.12769968786813
-18.242948435475355
-18.359935387269914
-18.483038411227955
-18.60032761489512
-18.718585178846446
-18.819414446061884
-18.934944849937082
-19.05591121484597
-19.182206001701683
-19.309496871565184
-19.427564570216255
-19.546344946053374
-19.6688006196444
-19.793557861474042
-19.93960643777798
-20.050253063569183
-20.191023964399882
-20.311516592099917
-20.438933929956303
-20.55951731059015
-20.681096392362328
-20.80939137313446
-20.937620915772065
-21.05986901424213
-21.1635141245982
-21.290521955399527
-21.42734565035639
-21.563535094777468
-21.690490160637392
-21.816583036583708
-21.94920210096845
-22.08391254468875
-22.21804557150668
-22.34596513595167
-22.474642537626433
-22.605192879909946
-22.732464716759317
-22.884920434189567
-23.022368054622532
-23.15478079060531
-23.291800935403348
-23.434353954235238
-23.575770435050668
-23.705884597246424
-23.837111569000406
-23.9603788351758
-24.101494911827377
-24.234630089621316
-24.364055723238565
-24.502905693279136
-24.647248836005744
-24.791267256081515
-24.92391425556696
-25.06436247667709
-25.217563791623558
-25.35629195096845
-25.507682940902676
-25.645139554314884
-25.7883616275076
-25.936106696265476
-26.08100857361565
-26.219153181353853
-26.35139862612055
-26.486918909437968
-26.640892544335713
-26.77789980743133
-26.919675029274153
-27.06807939991891
-27.225137957536173
-27.37561860666419
-27.5355121415682
-27.666865620019415
-27.815579094840313
-27.96858592981095
-28.12003076771887
-28.259534177819347
-28.422057685303763
-28.57387671792365
-28.727928742986492
-28.88462524235832
-29.03252955420626
-29.180752674753062
-29.34110233854863
-29.461844918847728
-29.644615278126583
-36.02125937648338
-36.23117642268906
-36.39125211463515
-36.54245328981954
-36.68120370091312
-36.84228393913735
-37.00057957251173
-37.15309092614914
-37.31487685865418
-37.474956358212374
-37.633385652633685
-37.80936194792744
-37.970840323393546
-38.130857243743236
-38.28996366851042
-38.45353929967405
-38.61635124877238
-38.772939134881874
-38.93066540629316
-39.089581761362766
-39.25496846648533
-39.42446964902001
-39.59115287629356
-39.75484180222546
-39.89639068733814
-40.060482673983635
-40.22755301664024
-40.39705073694045
-40.57011247048443
-40.731866579273536
-40.897276122325486
-41.06710604547745
-41.2261840169388
-41.39498374556718
-41.567809860624614
-41.739377494474944
-41.91627829316667
-42.08639103776823
-42.212912828875275
-42.4362017972438
-42.60883215499872
-42.77545629847412
-42.955579129054634
-43.1369881915252
-43.288571728158324
-43.462428513261145
-43.64490821526042
-43.8370897637129
-44.00955129477486
-44.17574716254668
-44.3532148341195
-44.52951917477187
-44.70962549051211
-44.89021523331193
-45.06924429709173
-45.24622140517349
-45.43439113899853
-45.614650061626584
-45.79540910892395
-45.978398930488204
-46.159218375683984
-46.33633999576174
-46.525345264016586
-46.70799480222547
-46.883205706932415
-47.069988211055104
-47.26234398304673
-47.45605590812894
-47.63893653995028
-47.80918245572756
-47.99757901384487
-48.181302414297456
-48.37225598383314
-48.56556968279159
-48.750392602194886
-48.946720075880926
-49.139765910625115
-49.331767194049746
-49.516059376504664
-49.710394759823146
-49.90012778344866
-50.09692013661809
-50.293044135068584
-50.49770335519225
-50.68581375730914
-50.871082355988776
-51.07570523517091
-51.28050929402018
-51.47153764435503
-51.65312895113368
-51.85296008502112
-52.07040363588312
-52.26588234163526
-52.45226902611274
-52.66332238222788
-52.8816058365946
-53.064266071098295
-53.25917741637433
-53.46242222032706
-53.663833640361965
-53.87504631575195
-54.08664080549477
-54.288527136499575
-54.49024186741887
-54.69962486426909
-54.910396467302164
-55.12354265021303
-55.343019060857074
-55.54998545968972
-55.767088135293015
-55.99015726770119
-56.200486733467756
-56.40382853232217
-56.624130805642345
-56.8487115340818
-57.070883579679
-57.28376127152917
-57.49710853802611
-57.715623623772046
-57.96385369665872
-58.17325574289023
-58.381170579911704
-58.596929702212414
-58.832806966664094
-59.06304963060077
-59.27580395325202
-59.51292005155959
-59.75914828345618
-60.0020967206974
-60.226011312747254
-60.45141800977249
-60.69802197188691
-60.95345175106941
-61.18251715651866
-61.41007959860567
-61.643901647324896
-61.90722139003184
-62.15706242391417
-62.387525173065235
-62.61762401884983
-62.854931575592516
-63.10229488427632
-63.36830097193314
-63.62454980491683
-63.862124355237
-64.10438212792289
-64.38121911251694
-64.65573401341389
-64.89541918320757
-65.1394760927971
-65.39896677497835
-65.65877409446666
-65.92685333946973
-66.17279487092577
-66.42027864599932
-66.67270047338047
-66.93609166473462
-67.19023468810299
-67.4436075623278
-67.70440150524124
-67.95761542844086
-68.19586180852241
-68.45161266834467
-68.72063853090168
-68.97265494154703
-69.24329690529014
-69.48657053428825
-69.74694043599494
-70.00007741314921
-70.2539103333557
-70.5174297583462
-70.76565318011059
-71.01980543293877
-71.26781497860372
-71.5070913060698
-71.77804510902439
-72.01657826821379
-72.25621197172644
-72.51374651026559
-72.76945254350318
-73.00412004094512
-73.24237978336109
-73.52085088729487
-73.77058540528766
-74.01938227416662
-74.28046520526436
-74.51790009027555
-74.76322859122742
-75.03715199593249
-75.2919829685598
-75.5401873826056
-75.78271089082065
-76.02560898162676
-76.27941646580649
-76.5403206981389
-76.79100295882306
-77.03393836204336
-77.28319738707391
-77.54290514063707
-77.80298616802975
-78.05198306114576
-78.30302225285968
-78.56275499616545
-78.8329303350838
-79.07146688430349
-79.32075578952697
-79.58141039923699
-79.84968549571063
-80.11211573172024
-80.35174483185769
-80.60897777589396
-80.87607018180597
-81.12941187168393
-81.37737975585932
-81.63830871067155
-81.90149205821469
-82.15341386660197
-82.40502828704592
-82.6801725966495
-82.94973966468613
-83.19527763521278
-83.44571753346683
-83.70525643829049
-83.96300044965419
-84.24377136382824
-84.5271893735286
-84.78191467303401
-85.03942343101676
-85.2927385789647
-85.5540591072176
-85.82407138230066
-86.09708069733796
-86.353721574492
-86.62154915766368
-86.89346170829289
-87.1499840105808
-87.422829608207
-87.69567853075223
-87.98603693581298
-88.26791845249714
-88.5234956602132
-88.80341593777243
-89.0743992983033
-89.35832177729765
-89.63369350609757
-89.9146590701257
-90.20300145085996
-90.49056352727477
-90.76365605959914
-91.02991871165027
-91.31955052982906
-91.61959754207055
-91.92038793876367
-92.21572078246147
-92.49092913191001
-92.77797306861594
-93.07704847775432
-93.38412586114929
-93.66564562234245
-93.95581438232892
-94.27815694322388
-94.6034929321612
-94.93236950800137
-95.17526048295797
-95.54478651565734
-95.80561327062073
-96.18480466529708
-96.52099215496858
-96.77113173749146
-97.07618279089108
-97.40866069484755
-97.78769551899221
-98.12180610325422
-98.40317057362275
-98.71070625349437
-99.0336934701921
-99.33535614670514
-99.73692344158069
-100.00519239006614
-100.32994837201127
-100.64179734512692
-100.96383604484541
-101.31109425326505
-101.66113152363874
-101.9624262558106
-102.274996569852
-102.60967691553404
-102.90348462328687
-103.24498465117607
-103.54210857491576
-103.860380852758
-104.18072038261734
-104.50443669614779
-104.81607558189475
-105.10298200294118
-105.41885966199902
-105.74396220284378
-106.03155057333588
-106.33794131849875
-106.64894547043473
-106.94044330197339
-107.25494232262281
-107.5779821886993
-107.86793781313146
-108.17843580654305
-108.50622909739762
-108.80832335856587
-109.10001004525105
-109.40831037402006
-109.73362956375489
-110.0653667413102
-110.3831690658208
-110.67691617830415
-110.98879742686177
-111.28060005266613
-111.58499530203392
-111.88954613743135
-112.23477628301492
-112.53186189171706
-112.85541136869497
-113.20004820994595
-113.5124855334955
-113.82755825669797
-114.11173469317846
-114.41992294658709
-114.75744863639582
-115.07700156031527
-115.39304486271274
-115.68831557605942
-116.05254675012776
-116.39989976263941
-116.72828099557006
-117.03047183432446
-117.31761807335401
-117.68115441763044
-118.02212524974671
-118.36177151779764
-118.67129879558938
-118.99456005920509
-119.3343034544555
-119.69529922027569
-120.97315245670221
-120.429308077816
-120.67141380095737
-121.02000224312768
-121.40437785232325
-121.77572212670478
-122.12366468935494
-122.4841802470093
-122.8584241321142
-123.23594428177543
-123.60884481813225
-123.95332053940113
-124.30070490686633
-124.67434535256459
-125.04538716131465
-125.43520492598773
-125.82554452265423
-126.16531844820734
-126.50511048375036
-126.88201404179655
-127.27662549096856
-127.66687938643118
-128.01872774846285
-128.34574218732303
-128.72222698073588
-129.09929894681858
-129.45197115279822
-129.792860469404
-130.16985143354577
-130.53368903047757
-130.87185893503673
-131.21633383916657
-131.58815071908708
-131.9293091720798
-132.269706802933
-132.64158737446556
-132.98670896289795
-133.32600614488928
-133.7106742300347
-134.02617185672497
-134.39179751386726
-134.75290908693125
-135.10307238945921
-135.44562993802694
-135.7706648970309
-136.13326632811325
-136.55483970429142
-136.8988731721609
-137.19385862193667
-137.53696540285642
-137.89269299969078
-138.2346733467239
-138.58839162762163
-138.93735655517682
-139.34920735701724
-139.6448415699231
-140.0666675072029
-140.48331693239163
-140.76330703114735
-141.19630577898687
-141.53988986330953
-141.82102386521368
-142.2571025554246
-142.5704100363489
-142.9441530656339
-143.3241720618142
-143.77509921916229
-144.09836870111238
-144.46230147171556
-144.86421108676083
-145.2035897630785
-145.59260243505545
-146.0046432330033
-146.38023941980828
-146.7841024352721
-147.17498771676213
-147.5456204322484
-147.94808294513183
-148.34348467307404
-148.85252016102834
-149.14027416462716
-149.5425493100257
-150.58208161076362
-150.32423125196868
-150.6946895242498
-151.12670677003808
-151.5282295829425
-151.8917188062511
-152.2841513401932
-152.68823912998513
-153.07886551209947
-153.5814801885659
-153.99840659579502
-154.25391588610032
-154.65167640634516
-155.03681513727074
-155.55080366127058
-155.91767908778263
-156.19246379534795
-156.556635098373
-156.96190064988053
-157.40737982708163
-157.78850695048013
-158.14250443298354
-158.5287929096699
-158.9036385294484
-159.3243295946601
-159.7374127742899
-160.11493957445933
-160.493253682813
-160.8766440213336
-161.2737852099195
-161.7009305136931
-162.09582168906908
-162.509789753274
-162.9006813365651
-163.2736586302767
-163.68629687628422
-164.0662836902441
-164.46268405778625
-164.99318420818983
-165.36506353140194
-165.73936578520946
-166.13926555697705
-166.56941037761726
-166.9752636869957
-167.43881563693017
-167.74612724640517
-168.17393731231132
-168.5884865667765
-169.01038137236407
-169.3921685599126
-169.79235441407806
-170.29788589389145
-170.62240461714882
-171.0800476394002
-171.50194013785259
-171.91276525690446
-172.33256143398418
-172.74452343427018
-173.16692966822026
-173.56228930580932
-173.98459533261064
-174.44541580422992
-174.8627325425495
-175.2802110454879
-175.69594759137814
-176.04311256312903
-176.4641370904533
-176.90182922918638
-177.32694638997182
-177.74654010755557
-178.18137624068808
-178.61530474818596
-179.04973214588543
-179.45731008379684
-179.9371763018563
-180.37090823923054
-180.7402335731229
-181.17079264628916
-181.61898128437284
-182.0415996842175
-182.48533813311315
-182.8833360263689
-183.3353843478898
-183.79637250816785
-184.24362024910442
-184.68626174420615
-185.1419679030356
-185.62508055933336
-185.9347217785804
-186.43021859822022
-186.8778950626512
-187.2840474451242
-187.69124165944152
-188.1112641772473
-188.57519208760655
-189.0314321779796
-189.49166224864908
-189.89699379683364
-190.35026386415385
-190.80252684756812
-191.18678660094193
-191.5946025776179
-192.05436934802208
-192.51639137846897
-192.90762563832087
-193.38764175296618
-193.83511260246738
-194.18917276499462
-194.64697282110683
-195.12656641219365
-195.57080661082034
-196.03139161680255
-196.4917240950069
-196.8925239967871
-197.34109716812537
-197.82621570717748
-198.2640092100879
-198.70300651708948
-199.15744885100142
-199.60786895040096
-200.20597561268877
-200.55387887082102
-201.01416371842996
-201.51778177910217
-201.96884149696825
-202.4191249731789
-202.88832797620324
-203.3490055517069
-205.32218854897084
-204.35114557772138
-204.78791123799957
-205.22059083041972
-205.6702253181106
-206.11286443984278
-206.6426198845388
-207.01447296130442
-207.46968130092768
-208.07055384116637
-208.4168613547428
-208.86229800576083
-209.3176894782386
-209.85467213907984
-210.20226740706275
-210.7037226155446
-211.1124112468749
-211.63881898685483
-212.01436644363065
-212.53093737963786
-212.9142879747934
-213.4398286602967
-213.94146317215603
-214.40085199460253
-214.77066201270102
-215.20006208666592
-215.75919443425087
-216.1527062767596
-216.64578195656762
-217.17410615540533
-217.69111943435786
-218.09625271929923
-218.5917949068969
-219.10745215531887
-219.55415734741482
-220.1626412093594
-220.56378485954656
-221.06191018455144
-221.58645607865856
-222.04226751351266
-222.54097118444682
-223.04651549808844
-223.54166420066974
-224.0497527790201
-224.5267017843171
-225.00172004739323
-225.50015626530697
-225.94203352565884
-226.40801636921623
-226.8970055808787
-227.34612517832167
-227.82112434034124
-228.3182671658309
-228.74051241393119
-229.2221024908169
-229.7216544395526
-230.1515108014004
-230.62546887230695
-231.11925286741135
-231.56048633022561
-232.05813992470905
-232.55188710166746
-232.98943592524134
-233.496807779228
-234.026773776538
-234.49698805603575
-234.95913800113368
-235.47719136587148
-236.03304823293806
-236.5234953518414
-237.017513828251
-237.5827220402446
-238.14877009786008
-238.66076352983927
-239.1729105484965
-239.72994245776894
-240.30807742751458
-240.80078510770915
-241.2932711932165
-241.83465397456382
-242.37489959021323
-242.83239699570143
-243.3170861201445
-243.78326365513828
-244.3155641113275
-244.83332779133113
-245.29466676547773
-245.74954280784567
-246.20733645067773
-246.74643938399862
-247.23579391918068
-247.69137816256193
-248.1525982430112
-248.61367416499002
-249.07405680468523
-249.53698328296778
-250.05901910041467
-250.5938567516332
-251.07937505722032
-251.56389421583341
-252.0558573611977
-252.55278929005783
-253.04956252238057
-253.64408015056776
-254.26731737724566
-254.8164509128504
-255.36233537069035
-255.9150941085384
-256.48055112665674
-257.0431884684164
-257.5878759171632
-258.1412431343866
-258.7129694634035
-259.2975895448424
-259.86603590028915
-260.3991682627388
-260.9049506920837
-261.3956181187895
-261.8922810801349
-262.3943264387111
-262.88447086076866
-263.3593410843989
-263.83639255343775
-264.32569672547186
-264.8258705079885
-265.3307816884541
-265.82019442565115
-266.3025377646697
-266.78698535092195
-267.286861595641
-267.81289876459203
-268.34337374871626
-268.8591395684729
-269.3865353766477
-269.9281489235105
-270.4570554340862
-271.01647058606954
-271.59394377924974
-272.2044639336279
-272.80866040867784
-273.4233465869748
-273.99323405257024
-274.59076872602134
-275.17827335527755
-275.74275886507263
-276.29830781741657
-276.86012593912596
-277.4081282041505
-277.945957220016
-278.4780989280494
-278.99880706323336
-279.5166638530424
-280.0452536551755
-280.50497090713054
-274.7030729573743
-275.2067599058029
-282.0084295809838
-282.5320553975308
-283.04948238665406
-283.62637112629085
-277.85887101118306
-278.4163351459799
-278.9706243303347
-285.81124711401185
-286.3510413765317
-286.8805887272371
-287.4759216937453
-288.1108184982716
-288.7538437837223
-289.39264813206955
-290.0056006590511
-290.6090055293664
-291.142188311467
-291.69483644777273
-292.27916665666146
-292.86214488815637
-293.4421006414122
-294.0138855406442
-294.5096715933337
-294.987409386812
-295.53191208713565
-296.0806692903192
-296.63648975691456
-297.1943218541085
-297.67627073073083
-298.1726710167484
-298.7438523258216
-299.31573263114973
-299.88209190922385
-300.3955753208971
-300.9102828707577
-301.53127388177984
-302.1378827968046
-302.76733747776916
-303.2930196807741
-303.94103971587367
-304.59924076480365
-305.24613922901125
-305.8431092398117
-306.4102259038139
-307.0211635761841
-307.67757194680155
-308.203497091757
-308.750305555743
-309.365597055881
-309.95751809100597
-310.4658777447449
-310.9759592779993
-311.5497612716122
-312.1449014147298
-312.66173977670354
-313.1723602053979
-313.7697981544676
-314.36456477290517
-314.8903840622941
-315.41152178786746
-316.02720108265487
-316.5942464129542
-317.1448209573772
-317.78453579311173
-318.38619217835213
-318.9906462931788
-319.68501291184344
-314.07804937476214
-314.67655176623583
-315.27988693080005
-315.9566993839839
-316.5441173486392
-317.13537832731157
-317.79044655329386
-318.34925284167815
-318.8933278031809
-319.5113745743342
-320.0530650131275
-320.60286436554037
-321.1468634392101
-321.6907661462575
-322.3038064348441
-322.8603779523594
-323.4252084009328
-324.06792627228623
-324.63654711128487
-325.21340017688743
-325.8883703235587
-326.46912565775125
-327.07038631516536
-327.70722082261295
-328.3443076290989
-329.0591953243881
-329.68095516325593
-330.2988497576553
-330.9190083816064
-331.5056854649399
-332.17543326001675
-332.76782372644243
-333.3665397312982
-333.9525442497249
-334.5265276654822
-335.09163332172983
-335.6696054066174
-336.3256626968227
-336.91243810703253
-337.4909836004515
-338.07031786887745
-338.6719408472239
-339.2806610683044
-339.899978004889
-340.516651814953
-341.14010318765486
-341.8688350636712
-342.5110192333388
-343.15746060813683
-343.82053543837435
-344.4652517969267
-345.10403817155395
-345.74074203362824
-346.3750981728053
-346.99470990791866
-347.5956661744076
-348.19595469686647
-348.7896881025615
-349.3934159166445
-350.0008917197468
-350.6042503196196
-351.2136420492945
-351.81964095509625
-352.4473567668789
-353.0767289920249
-353.69077058903764
-354.3298826504138
-354.9805624011741
-355.65342260712464
-356.31245120956993
-356.98984910318495
-357.67733067778045
-358.364604670174
-359.0204101233618
-359.68403529217056
-360.317797510055
-360.86639709197925
-361.46342261972836
-362.1325523499649
-362.7501802509768
-363.4070324709029
-364.0230286975543
-364.6633880943633
-365.25982180916634
-365.8658593290839
-366.4517386824422
-367.10217861331506
-367.76599171859465
-368.4219314689184
-369.1273287625971
-369.7328941605175
-370.44011067204
-371.1464349788715
-371.87412984432774
-372.5640436925891
-373.1419381812188
-373.8299754289606
-374.50825476596646
-375.1750100157672
-375.8255528908611
-376.3884241760975
-377.0429331849423
-377.6893761118403
-378.3257064446296
-378.97420627846753
-379.5368024321679
-380.18811255613053
-380.87017682912034
-381.4619592989799
-382.1567460557257
-382.87567983552844
-383.6206972252021
-384.3745040655175
-384.98776727747924
-385.72529159478125
-386.4862177564968
-387.0876839735913
-387.79789652597645
-388.48815786803146
-389.0763189868735
-389.7507369890246
-390.3936209658862
-390.9581381582511
-391.62762197953936
-392.2738852933261
-392.84169981956524
-393.50096218584474
-394.23258622186233
-394.8381558122251
-395.4537770103942
-396.20812742150986
-396.9768620635256
-397.64445875970983
-398.44419116481106
-399.2231682983109
-399.88282976285456
-400.6262330998462
-401.3740102407896
-402.00279901099645
-402.5797395744287
-403.2697118809046
-403.9560156831744
-404.52853014820494
-405.19990165603895
-405.87057422160547
-406.46889017368767
-407.06308853100415
-407.7691336623831
-408.5030934299721
-409.15879780459346
-409.84705794589576
-410.6465221633424
-411.48758032966873
-412.20787059936407
-412.90331438035713
-413.6977270534385
-414.46374564613984
-415.1114047181479
-409.45071578147383
-410.16556388201224
-410.85242150664334
-411.4436075248595
-412.0371194752724
-412.64360262732094
-413.34033240980585
-414.04216561769084
-414.6604659190794
-415.31457783067907
-415.9926343856771
-429.3699931431727
-417.6354375493167
-418.3746063353121
-419.1188484610263
-419.84270310173105
-420.66693299643657
-421.46798772211713
-422.13009745010845
-422.77925444112236
-423.41303372535106
-424.13906618839115
-424.8544883512273
-425.4692696146767
-426.0828470271733
-426.6928626645913
-427.4308472221936
-428.1854517830968
-428.84937215082425
-429.5450814487224
-430.2853652005675
-431.02598887261985
-431.79956495709035
-432.68028931688787
-433.557281867904
-434.2773779020673
-434.97451517252443
-435.641826070957
-436.2934218731147
-437.03319304189444
-437.8114340658107
-438.44832676256146
-439.0220541116178
-439.7141033013148
-440.3751437307447
-441.0399798568653
-441.7158351727679
-442.54279529636284
-443.3937326662856
-444.16426184450853
-444.9414033403326
-445.7316147370775
-446.52772347715324
-447.2579732371661
-447.9666042428803
-448.649044982648
-449.380874075386
-450.22812164842253
-450.89419553266015
-451.5595045598344
-452.2267821091586
-452.90600552778784
-453.5828945680718
-454.2830605834024
-454.9927881148101
-455.72128720515906
-456.48497733436756
-457.25986280648834
-451.88911261316423
-452.7908879751493
-453.5694202293613
-454.32101666250907
-455.0387607426596
-455.7727523563755
-456.47529527651034
-457.16740160671196
-457.84789312071837
-458.5376986300275
-459.25124752576016
-459.9698699888971
-460.6735782248274
-461.411981029378
-462.17180800381715
-462.94641406756165
-463.7200486516057
-464.4959707280654
-465.30104383893826
-466.0619968842334
-466.9734561422642
-467.8332037093637
-468.5697986798216
-469.33460027981795
-470.0724622464302
-470.7963726581841
-471.50865764880683
-472.23333791184336
-472.97589432229313
-473.72300944367936
-474.46650723873876
-475.2427459053044
-476.0224036674274
-476.81877692334905
-477.61175300690405
-478.4104853344109
-479.2362250356064
-479.99264296465117
-480.7712330497523
-481.51765341586383
-482.27559531692117
-483.0413711791572
-483.7828870018506
-484.53614826657594
-485.2997961871737
-486.0676661224063
-486.85213873586156
-487.16149101371815
-488.17314533701176
-488.9780780818323
-489.77051350368737
-490.59247699447775
-491.4033263055245
-492.2037486692669
-493.01190853060234
-493.80391001586685
-494.56837601940947
-495.3287557276763
-496.08259703812
-496.86054126810933
-497.63590541546637
-498.46099671252585
-499.2762363586819
-500.09711319739824
-500.93104048510725
-501.76810585525175
-502.57053202294964
-503.22831261513784
-503.9250864837366
-504.7357585286487
-505.5346888123952
-506.32453268503065
-507.12474694272544
-507.9321598357342
-502.42754594051667
-503.2860369798861
-504.1114295921851
-504.9399522275439
-505.7674791464889
-506.4614276402586
-507.1747344655471
-508.02935181844776
-508.86408488040365
-509.6707682276297
-510.50667653742016
-511.33466784525615
-512.1499707757796
-512.9526738986882
-513.6246399531598
-514.349429322343
-515.1824193389316
-516.0293351974391
-516.8763206115831
-517.7511720108637
-518.6228839409393
-519.4853080063687
-520.188940797569
-520.8718994243735
-521.7163954633041
-522.5431467490846
-523.3714811332607
-524.2072720495266
-525.062832245862
-525.9288954500955
-526.6267649344433
-527.387205826487
-528.2647400608156
-529.1369003802824
-530.003932959522
-530.8661154969537
-531.5897528563112
-532.3309715336783
-533.2001210847268
-534.0303256069105
-534.8938006933425
-535.7752719110991
-536.4924158968039
-537.2102277220548
-538.0675035142588
-538.9436004307709
-539.8355681156856
-540.7450702079044
-541.4750997608038
-542.2419262653556
-543.1544461394144
-544.0527897256188
-544.9345667255848
-545.8094443874633
-546.5373482271583
-547.2438149418514
-548.1160330322863
-542.7079246147125
-543.5999089604645
-544.3442937047364
-545.1210795520341
-546.0401827723745
-546.978584233724
-547.8088558924652
-554.82316452082
-555.7062133047544
-550.2442807734685
-551.2369663751998
-551.98554552746
-552.708272716428
-553.5898824127971
-554.4976999634395
-555.4160215184925
-556.1537999359932
-556.9219318150036
-557.8582355378566
-558.7528226374951
-559.5166213107188
-560.3265318478466
-561.2761630665792
-562.2210034346365
-563.0540566731312
-563.8096759358219
-564.699339895903
-565.5779943877087
-566.3189709360048
-567.1013133917548
-568.0405405079099
-569.0005466356266
-569.8053045922109
-570.6584221685322
-571.6627834656477
-572.6111308109048
-573.3943955946214
-574.1031335432247
-575.0177938725063
-575.9180793702344
-576.7549606934112
-577.5260143485257
-578.4676233500028
-579.2859292894589
-580.236136477741
-574.8206416171923
-575.8058370668161
-576.6293522120218
-577.3795939260034
-578.3522094123736
-579.3127410474567
-580.1648193744726
-580.9666473621731
-581.91747740204
-582.6796789591327
-583.489397559037
-584.4467202454816
-585.4145183304003
-586.220593536859
-587.0924324948462
-588.1267661788607
-588.9536131854472
-589.7583704162629
-590.7754133358056
-591.567591271547
-592.3750077290919
-593.3033517368998
-594.1551179082471
-594.9340292980281
-595.8991816394584
-596.7215948183718
-597.6253464991943
-598.6997570819526
-599.5634025587437
-600.4877648606913
-601.5045306194129
-602.2101267031674
-603.0406105217321
-603.9987000458868
-604.7750109357969
-605.6054124295005
-606.6460379131635
-607.5353364313961
-608.380755581298
-609.4556838594762
-610.3339068088634
-611.2443629423892
-612.2768805570016
-613.1387901989813
-613.9858612819679
-614.9675584155387
-615.7741459734928
-616.6047621548687
-617.6227619571216
-618.4370491081171
-619.3102195213515
-620.1765441808478
-621.1150474745957
-622.21717614906
-616.8080985604755
-617.6579418513136
-618.7773408683282
-619.6189372411717
-620.4151389395624
-621.2823204557533
-622.0388856414265
-623.0864973760551
-623.9728287366355
-624.8906557768291
-626.0050863807785
-626.9268328378313
-627.8968874418983
-628.8294638750924
-629.7079727834774
-630.72817288082
-631.5599784863592
-632.3926644665456
-633.2336905034749
-634.0989677028185
-635.1884338025798
-636.0812367769937
-637.0742939402492
-638.0307388081941
-638.9862133561213
-640.0750213372359
-640.9300730260325
-641.7439092544092
-642.6653468351751
-643.5327093917707
-644.4235701935985
-645.3256803299099
-646.4491552929994
-647.4239218779582
-648.3632560199236
-649.2823601803854
-650.2187565659174
-645.0408081526547
-645.9256932603137
-646.8489230615627
-654.0070572535342
-654.9187425279646
-655.836589271071
-656.6701401655046
-651.4165120121249
-652.3385522677221
-653.5020384939751
-654.4424897414239
-655.419225450483
-656.3274226019179
-657.2617840239803
-658.1963227523797
-659.1088492706688
-660.0008013003661
-660.8982261512638
-661.8319763925967
-662.8185452000153
-663.9790381953188
-664.9462012022308
-665.9765388177461
-666.9350384334551
-667.8905388148211
-668.8046904277069
-669.7136791205259
-670.6216398410174
-671.5404401341518
-672.4830976558242
-673.4727376561439
-674.4915480411861
-675.4933464886298
-676.4862170295494
-677.5023436480703
-672.1470931789212
-673.0838215288943
-680.2934804116007
-674.9452391325358
-682.1674978698455
-683.1389102936439
-677.9692577621406
-679.1212579665877
-680.132220747248
-681.1155604534018
-682.1114426582438
-683.0388617110632
-683.9796116038224
-684.9030547831483
-685.8978760264988
-686.8818432811269
-687.6854352721824
-688.7371547597129
-689.7932378553933
-690.8159033283974
-691.7942014679068
-692.7831462435125
-693.7385022769059
-694.7112615160589
-695.6557854820567
-696.6622603950137
-697.6789747981782
-698.7239853353158
-699.7654244045267
-700.79923393898
-701.7981658869902
-702.8163076826648
-703.8053957823278
-704.7998808352592
-705.7830467470536
-706.7895802094147
-707.8102818885487
-708.6564252450028
-709.6679679741343
-710.719585898575
-711.7497421026407
-712.8103610461277
-713.8385941937279
-714.8359629475382
-715.8580591952887
-710.5990506510594
-717.8953479840754
-718.8758561600712
-719.6900451678498
-720.8045566884284
-715.5927598397163
-716.6478018567897
-717.7053090618373
-718.7552990384697
-719.7912788623095
-720.7996215968531
-721.8150769978362
-722.6456808762737
-723.6577553166313
-724.7337853659833
-725.8400956681713
-726.9548989799343
-728.0308481608358
-729.0970811488708
-729.9352398378298
-730.9292308433766
-731.9254166916771
-732.9496745193662
-734.0040507680878
-734.8860651477704
-736.0136382156265
-730.9023199450847
-732.0078172629311
-733.049674479003
-734.0758613992206
-735.101260356692
-735.8804651353503
-736.9125440984773
-737.9662908006397
-739.143762273151
-740.3169089493249
-741.222472520887
-742.3256353549748
-743.4001342361981
-744.4108613778825
-745.4002275713665
-746.2278336519931
-747.3183504219127
-748.4077565100309
-749.3419738423373
-750.5639238312989
-751.7184177694178
-752.7833825122211
-753.836903664748
-754.6600063376376
-755.7244944051379
-756.6899939764353
-751.5135208903362
-752.7049052198188
-753.6599029538676
-754.8544663842105
-756.0218621561231
-756.88507123445
-757.8999134550876
-758.9233816832792
-759.7469308658141
-760.8379008947352
-761.9676872008799
-763.1559709147325
-764.3884579975946
-765.3733803565173
-766.4589529447821
-767.5329449510822
-768.3647737726264
-769.4035836234153
-770.4912619069114
-771.3722449703472
-772.5485506220867
-773.753206772948
-774.7303416915548
-775.9110193645179
-777.0416382804362
-777.8797750999132
-778.9368274171915
-780.0509663877126
-781.1582491778852
-782.3592264303402
-776.9714855053047
-778.2203992604619
-779.3972429402053
-780.3567036141209
-781.4006675209338
-782.5099664387484
-783.3820353372735
-784.4729990214655
-785.6257099663658
-786.6045255569774
-787.5827376647192
-788.8036347533891
-789.9790145586346
-790.9046951667112
-791.991518567346
-793.1138477248801
-794.0153768591462
-795.1424412437924
-796.3141186105566
-797.3108133239294
-798.5631243872905
-799.7353245067071
-800.650911672311
-801.799275430052
-802.9389767377278
-803.8322518829441
-804.9648871644006
-806.1907681865177
-807.169360565488
-808.1575382660221
-809.4318094540516
-810.550002537019
-811.4655363845885
-812.6007880138034
-813.7511268964141
-814.6931206972213
-815.652767707166
-816.8950401280147
-811.8887213543559
-812.8722613752624
-814.0522331322682
-815.1849952007111
-816.0839705223519
-817.0221016534014
-818.1727456997096
-819.3932754385235
-820.420367765615
-821.6827934969567
-822.9036730182523
-823.8602327361602
-824.8068144487391
-825.9645946921448
-827.1308260607577
-828.080432827818
-829.0648475299132
-830.3356682775409
-831.6182160854992
-832.6104426088058
-833.8245917912936
-835.0038535677924
-835.9356904109183
-836.8912228922424
-838.0855695162769
-839.3506090930933
-840.3754205092098
-841.4058917451846
-836.4085638092366
-837.6319171905789
-838.5832586741433
-839.5250241227014
-840.7675591415508
-841.9806147136071
-843.0037127766761
-844.0542511532004
-845.3528880692259
-846.5694360759704
-847.55023879602
-848.5094485380882
-849.6997395526215
-850.9161008656121
-851.8830743889437
-852.9066093763129
-854.2304961410657
-855.533398459176
-856.5602960135907
-857.5556261307993
-858.5340939863414
-859.7393278607133
-860.9534066047665
-861.9544334794597
-863.0013557572352
-864.357078629299
-859.3344463686003
-860.3871121224512
-861.3893878033891
-862.3718054532211
-863.5829063225127
-864.8367846381994
-865.8646619166291
-866.9059443716211
-868.2354989043224
-869.568516295869
-870.6031163545558
-871.6080549293818
-872.6096175712794
-873.8606986212095
-875.1262981695851
-876.1602617558849
-877.2212810087868
-878.2840494758282
-879.6050879757984
-880.8929550161316
-881.9301198846287
-882.951753673457
-883.9667669370525
-885.2361224771117
-886.5679509810325
-887.6469923779002
-888.7203229000537
-889.7816174334343
-891.0950114326272
-892.375648461306
-893.3924493673525
-888.141624536257
-889.1898736864147
-890.2800767610439
-891.6114389006348
-892.9702518032466
-894.0418441625245
-895.0854148253687
-896.1121417026516
-897.4159029044189
-898.7323492314811
-899.7969869611501
-900.8686238025863
-901.9680199185933
-903.0650373851831
-904.3979891925773
-905.7310672643072
-906.7848320046071
-907.8364292259321
-908.8970425521725
-909.9746599656094
-911.3405219644653
-912.7090423607167
-913.8050492593892
-914.8997173452816
-915.9626310441968
-917.015433113308
-912.0704031271193
-913.4461046076067
-920.8215318889182
-915.6360609812667
-916.7362964822383
-917.8490218028218
-919.2011318123332
-920.5265590010614
-921.6069873359686
-922.7031189089131
-923.8070216950634
-924.9162518760161
-926.03350835108
-927.4265539452639
-928.8178743867143
-929.9081683083848
-931.0085002604376
-932.0953749087861
-933.1879879005696
-934.3068060606698
-935.7220844778753
-937.1192022169959
-931.9536774112114
-933.0703967008158
-934.1782068827231
-935.2497632942925
-936.3464132821864
-937.481819282811
-938.9206573646061
-940.3353171426891
-941.4655675868827
-942.5754734064966
-943.7125489632783
-944.8242155713301
-945.9318312931798
-947.0532981880903
-948.4774044550386
-949.9120730555023
-951.0579381847608
-952.2071237143715
-953.3355706480679
-954.4490764237897
-955.5878376239826
-956.7160430442945
-957.850169062828
-959.2773784238273
-960.739983754075
-955.635800822326
-956.7831545725081
-957.9071762314063
-959.0464837997083
-960.1895607853385
-961.3436763588087
-962.4881945926312
-963.6598012903208
-965.11827105386
-966.5751186283917
-967.7265515006573
-968.872233067053
-970.0070013477357
-971.1551392383719
-972.3398159137687
-973.5284851519699
-974.7011939304995
-975.8755013385113
-977.065211824523
-978.5233760955465
-979.9485989726106
-981.0974427165431
-982.2874016898031
-983.4871370263504
-984.6645603691866
-985.8602411209004
-980.7650815891301
-981.9685072812212
-983.1297340681867
-984.2822363559554
-985.4464583725306
-986.9484114175735
-988.4666042413222
-989.6580822023122
-990.8817869513549
-992.0719123970908
-993.2492674526299
-994.4094401042818
-995.5866221554077
-996.779263258992
-997.9900435881883
-999.2004707648946
-1000.4291361931714
-1001.6531994711016
-1002.847943170127
-1004.0267102993931
-1005.5229856227057
-1007.0281831673394
-1001.9531121111571
-1003.1660645859336
-1004.4157692927741
-1005.654907132818
-1006.8553039607282
-1008.0379282171361
-1009.2540592165458
-1010.4730929721733
-1011.6930549608204
-1012.8945720363479
-1014.142260211339
-1015.4128375342309
-1016.6500140198435
-1017.8423067574902
-1019.0506019561374
-1020.2879840734288
-1021.5163804181761
-1022.7324656062816
-1023.9621324077988
-1019.2826124462133
-1027.1168161716012
-1028.3313373848796
-1023.2813548987975
-1024.5283936097044
-1025.756433422701
-1026.9798243829848
-1028.2516017796347
-1029.533359314047
-1030.7800244453917
-1032.0031523410573
-1033.2574879261672
-1034.516383250161
-1035.747326812024
-1036.9610678734857
-1038.2459588287484
-1039.5520490682404
-1040.82747880325
-1042.050996019431
-1043.3076687504279
-1044.598246245832
-1045.8501217706114
-1047.0656475833464
-1048.3277446486154
-1049.6455662324443
-1050.9435415109067
-1052.194575089652
-1047.1728833635375
-1048.4571106284134
-1049.7264510086798
-1050.9680220580115
-1052.2476674443594
-1053.5655824976297
-1054.869577275219
-1056.1411781842141
-1057.4235094234798
-1058.7142453519405
-1059.972931081315
-1061.2221094656632
-1062.5249716602889
-1063.8541901182762
-1065.1552538940964
-1066.4382224962283
-1067.7420190990638
-1069.0568437649933
-1070.323317954366
-1071.5752483513572
-1072.8742551339828
-1067.9387206785118
-1069.268466758018
-1070.5616304557652
-1071.8644484987003
-1073.183085712562
-1074.4738629354667
-1075.7560909173521
-1077.0600888149015
-1078.3904648854962
-1079.7269172048775
-1081.0552325136414
-1082.3807265446626
-1083.6825254938553
-1084.975216163243
-1086.2953423340962
-1087.6334791858371
-1088.9504455014346
-1090.2781494770484
-1091.6288799302483
-1092.9764703413864
-1094.2864915015944
-1095.592193258759
-1096.932613919127
-1091.9846237224397
-1093.3374711371796
-1094.6749360298072
-1096.027878210114
-1097.3740738467482
-1098.6770790283256
-1100.0004466482833
-1101.0136733786449
-1102.0268268139912
-1103.370415082637
-1104.7277669484047
-1106.1130326049563
-1107.4798613443643
-1108.8056640359866
-1110.121691253179
-1111.4841572197997
-1112.8536007289636
-1107.9176308784572
-1115.5549949025165
-1110.6893620362612
-1112.061905136085
-1113.3917907281257
-1114.7122482815378
-1116.0839798643794
-1117.4621106581294
-1118.8328439857446
-1120.220277260746
-1121.6077344624587
-1122.988865955843
-1124.0017973187353
-1125.01516628957
-1126.384558582171
-1127.7688749885222
-1129.1412865052666
-1130.538789154331
-1131.9553256093361
-1133.338695191487
-1128.4047826616493
-1129.7711075897726
-1131.173874645178
-1132.5635907714322
-1133.9536867885415
-1135.386813694248
-1136.8215178261266
-1138.1795073517733
-1139.2108207598017
-1140.2244157173157
-1141.6298638987205
-1143.0409340350016
-1144.4502266519864
-1145.8582184297934
-1147.3040295451767
-1148.7031722016454
-1150.0775271210002
-1151.4652237135313
-1152.8918164793154
-1154.335531667081
-1155.7454249866842
-1150.5171518265313
-1151.6024990721505
-1153.0245417040235
-1154.3988831022089
-1155.7941478680962
-1157.2394039196981
-1158.7025607744463
-1160.1233631125128
-1161.5450713727166
-1162.994024611269
-1164.424143178992
-1165.4798757535657
-1166.5242573864844
-1167.9787059698235
-1169.439889411382
-1170.8978590223214
-1172.3127514428882
-1173.7491428690923
-1175.1821105339468
-1176.6130784985487
-1171.7569938007127
-1172.845571203355
-1173.942090509468
-1175.426869995082
-1176.8818931987691
-1178.3337639600427
-1179.7715933534898
-1181.216742260938
-1182.6479543613532
-1184.1458052456603
-1185.6087336447333
-1186.715148594607
-1187.8025763563958
-1189.2637606415337
-1190.7027831018765
-1192.1644693452465
-1193.6293616641071
-1188.8259351736024
-1190.3208562337757
-1191.8114624462785
-1192.900284422757
-1193.9944367252817
-1195.449119290976
-1196.923617041998
-1198.4271391954774
-1199.9158811975767
-1201.3985635488043
-1202.892142209771
-1204.0091985644149
-1205.113990473225
-1206.5784752796492
-1208.0534146792872
-1209.574506192611
-1211.0958314125637
-1206.3114547531206
-1207.7885079113341
-1208.8938680567123
-1210.0170341431854
-1211.5137815940668
-1213.0113468487898
-1214.526315078929
-1216.0380110271624
-1217.562430370298
-1218.6845287890728
-1219.7969966765877
-1221.2849966810527
-1222.808413000044
-1224.339810325426
-1225.8737597264737
-1227.3922967953285
-1228.9002491953788
-1230.0344541274446
-1231.1660004666558
-1232.6752410474253
-1227.9250930124454
-1229.471343831442
-1231.0155002759757
-1232.1603356021296
-1233.3050667532175
-1234.8120175726722
-1236.3397575006043
-1237.857926624301
-1239.4244409225676
-1240.98899369302
-1242.1491594837169
-1243.287079085456
-1244.8098674803073
-1246.3546899481814
-1247.915203400407
-1249.4626842808893
-1250.6267145382888
-1251.788324775722
-1253.3737805822038
-1248.6349928102438
-1250.152245485666
-1251.6893176805665
-1253.2696691452961
-1254.473136248741
-1255.6444767125079
-1257.1974954316565
-1258.747227816451
-1260.3152320280512
-1261.8721411435938
-1263.0439538548699
-1264.2087272165481
-1265.814342835147
-1267.4018712111654
-1262.6913019786527
-1264.2313319455138
-1271.6966789958228
-1266.5883842688747
-1268.1915414017133
-1269.7940301783594
-1271.3885829335823
-1272.5694283271018
-1273.7457539617722
-1275.3204013444868
-1276.915715368019
-1278.5053440058418
-1280.1105114678198
-1281.3162961674739
-1282.5294937426654
-1284.123843930411
-1285.6869218210081
-1287.2739688937074
-1288.4838615034087
-1283.4299686011357
-1285.0496960175863
-1286.659269249603
-1288.2559037685933
-1289.4596366542737
-1290.6495503480132
-1292.260978253433
-1293.8840690239058
-1295.5158731392833
-1297.1461227065092
-1298.3535206991608
-1299.5537188439228
-1301.1624266150384
-1302.782288298466
-1304.4238581769823
-1305.6657858454864
-1306.9048192386783
-1308.5151977567152
-1310.125564693807
-1305.4744088703708
-1306.7158340034412
-1307.9455616349517
-1309.591305727588
-1311.2490031076477
-1312.8953427910656
-1314.1283942489097
-1315.3347217841972
-1316.9649589560295
-1318.6155612147982
-1319.8783105185767
-1321.1401860070384
-1322.7967107351535
-1324.4141422787172
-1326.0542226000987
-1327.3081062528256
-1328.5618995251125
-1330.237250709299
-1325.6200884280713
-1333.564743622882
-1328.5374696766742
-1336.069689178151
-1331.4404794134573
-1333.0962401210068
-1334.3561184944585
-1335.6427042475573
-1337.3413749397735
-1338.9993720404307
-1340.64245533457
-1341.9071707440582
-1343.1864069805981
-1344.8982814390376
-1346.562402827561
-1347.834095997151
-1349.1029809694633
-1350.8027602282798
-1346.1805255628112
-1347.8588579502173
-1349.133012738965
-1350.4436868271737
-1352.1547679268476
-1353.8344842253591
-1355.0646531590564
-1356.3586460963832
-1358.075881721125
-1359.800724929558
-1361.0870120675547
-1362.3661016402314
-1364.0734760671085
-1365.7774639915147
-1367.0624436760843
-1368.3464587384537
-1370.0644648906664
-1365.5075321898782
-1367.2513144221696
-1368.5277091695982
-1369.8222284262317
-1371.514777532261
-1373.2466210112332
-1374.5636247292703
-1375.892889482103
-1377.620077161304
-1379.3230365241714
-1380.619748160491
-1381.9257191298407
-1383.6846099754039
-1385.4150307406578
-1386.727980430868
-1381.760406582476
-1383.5322992141314
-1385.258900260732
-1386.556017471861
-1387.8463192123215
-1389.6381771486615
-1391.4247702775078
-1392.730126374702
-1394.023667293386
-1395.750291904865
-1397.0770795747706
-1398.4171065352996
-1400.2005688913896
-1401.936438237007
-1403.2914449138264
-1404.6019897923215
-1406.3652622096154
-1401.828558532585
-1403.1552195645772
-1404.4954841866934
-1406.3215199363424
-1408.0977043263715
-1409.4187586938813
-1410.7109223488897
-1412.5026130359122
-1413.8780472979788
-1415.2419201725675
-1417.0212445571021
-1418.7773273225525
-1420.123317084331
-1421.4672940254916
-1416.9775214832123
-1418.787739000148
-1420.130629682067
-1421.5075982830697
-1423.3004411977245
-1424.6339259339782
-1425.958480165319
-1427.7659979236491
-1429.5994410473768
-1430.9649546844705
-1432.3216066186217
-1434.1109725975848
-1435.472059156229
-1430.5636534741539
-1432.3945263871044
-1434.2025162040834
-1435.5839765656488
-1436.9481441826365
-1438.7830957394012
-1440.1151701390113
-1441.5036301710702
-1443.3144802819324
-1445.1606801076966
-1446.548464109559
-1447.9034668949173
-1443.4428871665943
-1444.8060478401426
-1446.1868835566247
-1448.0388874904695
-1449.9010733128823
-1451.2791021993855
-1452.6633245828702
-1454.4789989596036
-1455.8662066337233
-1457.254073636454
-1459.1074604893133
-1460.5005664235732
-1461.9066971605191
-1463.7535064795397
-1465.6032586584224
-1466.991540456728
-1462.0842471246717
-1463.9857302147004
-1465.3953287694128
-1466.7883351758746
-1468.62644848599
-1470.0149347067852
-1471.440014412827
-1473.3366333743377
-1474.749612239157
-1476.1260384877908
-1478.0036727095624
-1479.903110042252
-1481.2792386073806
-1482.6777419112098
-1484.559426829827
-1479.7375457836288
-1481.1561178323095
-1483.0259701246105
-1484.399737813373
-1485.812430645406
-1487.7467246493484
-1489.2058492261501
-1490.625557970489
-1492.4738732390704
-1493.901880767792
-1495.342995866501
-1497.257359857847
-1498.6790785108747
-1500.0868756987252
-1495.7490533189552
-1497.6648592806177
-1499.0951844510696
-1500.495504861166
-1502.4134332028445
-1503.881996165978
-1505.368828506748
-1507.2417568283984
-1508.667534944604
-1510.0819297058908
-1512.0410497087125
-1513.4965479781858
-1514.941516572161
-1516.8549337490917
-1518.3279000570874
-1513.488533883567
-1515.400535066743
-1516.8368760447424
-1518.291962880989
-1520.2705515428356
-1521.740587697204
-1523.1868305773057
-1525.0644078164692
-1526.5279733966922
-1528.0173171660476
-1530.0022678711834
-1531.444763600804
-1532.8861688486172
-1528.050158226179
-1529.5304066082954
-1531.5104202898792
-1532.9852840241272
-1534.4364419625956
-1536.387177845991
-1537.870068840977
-1539.3449136937948
-1541.3119135307986
-1542.784296212463
-1544.2764776269619
-1546.2653737403286
-1547.7584111893211
-1549.223787613434
-1551.1835912378765
-1552.673403686068
-1554.1572335734807
-1556.1710601163027
-1557.6732243801748
-1559.153933467778
-1554.827259132242
-1556.3219218917388
-1557.8167009274741
-1559.3599782960912
-1560.8632936615809
-1562.8374417939574
-1564.3021910199438
-1565.7770862756925
-1567.8231982049167
-1569.3600778749162
-1570.8614366140248
-1572.8214188443687
-1574.3124845037344
-1575.8308864496876
-1577.378088261888
-1578.894102457984
-1574.5972226371548
-1576.1041884604365
-1577.6103907336758
-1579.6631442996015
-1581.1752524857302
-1582.6813522224968
-1584.693531117421
-1586.2314935756294
-1587.7703661558191
-1589.2865180154058
-1590.782068267129
-1586.5348634939267
-1588.0655851269698
-1589.6331175684763
-1591.7031379543346
-1593.227064240941
-1594.6893229561258
-1596.2390612718962
-1597.7773646962455
-1599.8392290756585
-1601.3705475126014
-1602.9085866876835
-1604.9436341222292
-1606.5003762196836
-1608.055678588722
-1603.3153632778924
-1604.893296150122
-1606.9305187550335
-1608.4747998132566
-1610.0193903111901
-1611.5821177197784
-1613.1410974154028
-1615.2221636331888
-1616.7573221628897
-1618.3033384992978
-1620.3587555431538
-1621.9245025475254
-1623.4983448382088
-1618.7823737392619
-1620.3425232992033
-1622.3983884611873
-1623.9593868578886
-1625.52367868607
-1627.1087859157528
-1628.6748510837308
-1630.7723375990524
-1632.337445536595
-1633.9036095547879
-1635.4720055407636
-1637.0332837849633
-1639.1439184289684
-1640.7390813337452
-1642.3318652574656
-1637.6184056859959
-1639.1865939983752
-1641.290668431375
-1642.9031105683598
-1644.5197623192337
-1646.0937563298837
-1647.6767614665316
-1649.7580269564698
-1651.368508898393
-1652.9694695162548
-1654.6031850961656
-1656.2001777419846
-1651.9661752573356
-1653.600813842736
-1655.1862832778672
-1656.8409455648336
-1658.4638094896702
-1660.580208283333
-1662.1648357790857
-1663.7314715796847
-1665.3870211781823
-1667.0307709033546
-1669.1819408468677
-1670.7622023467193
-1672.3691625753725
-1673.9677828995875
-1669.3342058651604
-1670.943247196961
-1672.5619282563764
-1674.73021291284
-1676.326525548347
-1677.979923018815
-1679.5966349222222
-1681.2519374389958
-1683.4111629942884
-1685.0408389433082
-1686.682048077559
-1688.30177787732
-1689.9560860960437
-1691.576526714162
-1686.934232867222
-1689.1278301036875
-1690.767811792651
-1692.4211271041263
-1694.048152684818
-1695.6787167964121
-1697.3197937505217
-1698.9965449123697
-1701.2124655322932
-1702.8359127921715
-1704.459942054644
-1706.104038963105
-1707.79109156033
-1709.4760864190437
-1704.8498381030863
-1707.0095731976778
-1708.6631405769153
-1710.351058866909
-1712.0402877312504
-1713.7227863186085
-1715.3760886012064
-1717.0220161675527
-1719.2396227712145
-1720.9314684140666
-1722.6237740561992
-1724.2992125867654
-1719.6786094773067
-1721.344789987531
-1723.038515372176
-1725.283515893309
-1726.9643570055027
-1728.6508962051412
-1730.3182630494427
-1732.0330300273808
-1733.7048651531366
-1735.3893407764683
-1737.1007981626412
-1738.7756223957751
-1734.7815736487607
-1736.4623639097315
-1738.1290217428364
-1739.8008148169463
-1741.5314454970098
-1743.2613532554003
-1744.97759560316
-1746.6251035024454
-1748.3408582518748
-1750.027294560851
-1751.706757672494
-1753.9966746035693
-1749.4712347345735
-1751.1976584027025
-1752.8903618873364
-1754.645037557357
-1756.3632127574265
-1758.0808092624504
-1759.7694584281771
-1761.5110162828285
-1763.2341339120412
-1764.89065869217
-1767.267992426551
-1762.6846517905522
-1764.4435460508
-1766.1790148082355
-1767.9169275293787
-1769.617913516462
-1771.3756737227495
-1772.9978227180086
-1774.870127728422
-1776.6170935572638
-1778.3390270787158
-1780.6769032457137
-1782.4500998041624
-1784.1978832728526
-1779.667579519766
-1781.3946128799694
-1783.1359350528292
-1784.9296500511828
-1786.6820283535217
-1788.4314630036577
-1790.1587034367653
-1791.9460455299545
-1793.7185278416546
-1795.4345341784067
-1797.2627934617124
-1799.0098861388076
-1800.746266021875
-1802.5471195946056
-1798.637699463369
-1800.3903665087778
-1802.182996342872
-1803.8167925831476
-1805.7057689847675
-1807.5170794304554
-1809.294566872598
-1811.08312729947
-1812.8572058502818
-1814.66354197525
-1816.4459710318336
-1811.9372675036739
-1813.7492830157253
-1815.5476796432074
-1817.3552892384516
-1819.1289751252061
-1820.9209795425634
-1822.7054356197805
-1824.5177029307017
-1826.3359817623318
-1828.1290096937266
-1829.9133514803752
-1831.7291648932946
-1833.558990365454
-1835.3436778692105
-1831.5013939821445
-1833.301756968509
-1835.0995766767371
-1836.9169869379289
-1838.7548040205145
-1840.5949589559384
-1842.412727368207
-1837.977656040811
-1839.7492629216808
-1841.5894988645475
-1843.4188339225277
-1845.2294239153632
-1847.0465423666785
-1848.885028113978
-1850.734863160666
-1852.5997523325905
-1854.4387153428509
-1856.2451362339173
-1858.0673928670083
-1853.6165029661784
-1855.5056752619676
-1857.3637402729555
-1859.2316840970213
-1861.0572417156218
-1862.9068868713766
-1864.7299450345376
-1866.5795397795507
-1868.4886789805882
-1864.0536384277837
-1865.9032937739764
-1867.7026882504338
-1869.5525461802586
-1871.4517441697187
-1873.345123476704
-1875.2152338818285
-1877.0896879917386
-1878.9078268304934
-1880.7757028843266
-1882.60881960151
-1878.2473747656018
-1880.1625802210494
-1882.047688815106
-1883.8379470623245
-1885.707372770615
-1887.5742084724577
-1889.5147160833017
-1891.4188908754038
-1893.2222851943088
-1895.1136281688127
-1897.030526440268
-1898.2736926384887
-1893.8602422407866
-1895.745270213338
-1897.6498207840582
-1899.512854798028
-1901.4545820617636
-1903.2668950882667
-1905.1585279696167
-1907.0531091896164
-1909.0395702978908
-1910.8853889680086
-1912.7944980034797
-1908.3664564981195
-1910.3081624361255
-1912.146868555272
-1914.1047467735877
-1916.0381092746509
-1917.9176916530184
-1919.776357145572
-1921.6442445706357
-1923.5627937628321
-1919.2394153964678
-1921.1644925042199
-1923.0624112980936
-1924.9553278314104
-1926.2285397176636
-1928.1601172466812
-1930.07775589669
-1932.0070999123238
-1933.9370059003475
-1935.842223925816
-1937.7312394480807
-1939.6993046717766
-1941.6054280708536
-1937.2826028468262
-1939.1750634651821
-1941.0665884573948
-1943.0007984252743
-1944.9662373038293
-1946.8982012032302
-1948.1865790719876
-1950.103046524417
-1952.0406774499781
-1953.9895664547043
-1955.9322445362843
-1957.8618982803923
-1953.5356560676992
-1955.4983564802017
-1957.4708873893198
-1959.3470098174917
-1961.299796014881
-1963.2416855823349
-1965.2101409597685
-1966.4822281683623
-1968.4411521815784
-1970.3965060021358
-1972.355711425379
-1968.0594262111222
-1969.9525547178214
-1971.9398826215302
-1973.9028832315562
-1975.866209662513
-1977.8162555279398
-1979.7893753653036
-1981.089472335077
-1983.046908919069
-1985.0374328170785
-1987.0141100646301
-1988.9938154937213
-1984.6470593441256
-1986.6148234291702
-1988.6235097703952
-1990.593650056285
-1992.566512172896
-1994.52348461468
-1995.8431694685698
-1997.8323536802966
-1999.8321825802236
-2001.8096352220746
-1997.5012945037333
-1999.5372067806852
-2001.5017957208427
-2003.5009298910425
-2005.4904132811475
-2006.8100445974194
-2008.7897971582083
-2010.7908829419498
-2012.7751451959468
-2014.7922579873402
-2016.8090647286128
-2018.8274963508643
-2014.5212499522333
-2016.514698015061
-2017.8546348651128
-2019.8608126826869
-2021.8803877005275
-2023.8972098750921
-2025.8983281501294
-2027.929465659703
-2029.9554069258058
-2031.2847063326044
-2033.2854167763317
-2029.0013642013525
-2031.0263119031856
-2033.0751246262066
-2035.1330745455866
-2037.1739216074172
-2039.2308760266449
-2041.1905353466805
-2042.5627690600081
-2044.5745398480824
-2046.6109698993093
-2048.5946246763438
-2044.35278542067
-2046.4254894317853
-2048.4975168904443
-2049.830997163978
-2051.8623194157776
-2053.881045390764
-2055.8952592392798
-2057.946868476495
-2059.309847865965
-2061.3889932285783
-2057.1623100206516
-2059.2327456410635
-2061.279749774636
-2063.3163249276718
-2065.3619856348305
-2066.699334061669
-2068.7521898400196
-2070.824767988322
-2072.920965123883
-2075.0052559527267
-2070.77922188704
-2072.8228783684713
-2074.1788986477077
-2076.245117179634
-2078.3203957338546
-2080.403201381254
-2082.4853347385524
-2083.8623137635727
-2085.952662384083
-2088.0352067514536
-2090.107394038123
-2092.1714732604114
-2087.946422143942
-2090.040100135241
-2091.4503877562106
-2093.5549739386765
-2095.639483566037
-2097.713599710709
-2099.7845385333653
-2101.167774382169
-2103.257961781052
-2105.369897220443
-2107.4704149332274
-2109.590966627537
-2104.7256660251505
-2106.8329000926574
-2108.914434776276
-2110.980027529779
-2113.0581324224654
-2114.46595427891
-2116.609143128472
-2118.7724476332896
-2120.911586439224
-2116.722399221168
-2118.8260775357408
-2120.9289492978914
-2122.332632235071
-2124.427542382758
-2126.5471623574877
-2128.672106152576
-2130.811936250554
-2132.287309458524
-2128.1439193584424
-2130.2487941491577
-2138.6318136405193
-2134.479950338811
-2135.920597929006
-2138.064253438594
-2140.1982506716745
-2141.596182812379
-2143.7364192935993
-2145.891756669448
-2148.0690089236355
-2150.1932644492763
-2145.3590060880583
-2147.516193591367
-2149.6708507037647
-2151.8126093828446
-2153.9390904358947
-2155.36597664985
-2157.506742528077
-2159.706631042814
-2155.6108997658894
-2157.7847651807333
-2159.2444916509658
-2161.3686803625487
-2163.5314749897566
-2165.699706508653
-2167.8686323500633
-2169.321449794693
-2171.4897004485497
-2173.6695774254076
-2175.1223556349687
-2177.3129450687
-2173.2245937821585
-2175.3865765428777
-2177.5531650709404
-2179.005911008134
-2181.198985470383
-2183.3677277387824
-2185.545159223402
-2187.7658232401914
-2189.2368371795087
-2191.4663189980147
-2187.381466767172
-2188.8596845093725
-2197.2747353512204
-2193.205321526506
-2195.39225297971
-2197.5924259570006
-2199.0673201359145
-2201.2811413979575
-2203.53254121436
-2205.021812292176
-2207.296882607234
-2203.194805479985
-2205.366012599344
-2207.5362459294274
-2209.004665939438
-2211.209215437129
-2213.419171405428
-2214.9309700919353
-2217.2181835053525
-2219.489013794599
-2215.468233529107
-2217.6582732813254
-2219.1250238516545
-2221.2959854264045
-2223.5103507360386
-2225.0070779778266
-2227.2238701484885
-2229.5337719811805
-2225.533656885415
-2227.8016012470803
-2229.3191968819247
-2231.5516810466556
-2233.745682349511
-2235.224603387507
-2237.4478902238575
-2239.718658713858
-2241.2116722620212
-2237.2164240918314
-2245.805082932454
-2241.8022085392245
-2244.0505357364455
-2245.5379248912163
-2247.7541540261323
-2249.989425326929
-2251.5060692041043
-2253.7755063789623
-2256.109629914063
-2257.6133309847623
-2253.6935258316
-2255.965111750339
-2257.4665747771696
-2259.7133297552464
-2261.903230149669
-2264.116095833335
-2266.452283506598
-2268.0146255671416
-2270.3412067742775
-2266.3964601833
-2267.9610281873647
-2270.295634240959
-2272.570224419402
-2274.0234839904456
-2276.2794152804995
-2278.526418299362
-2280.064859708796
-2282.3899374569087
-2278.484907402948
-2286.3464818810226
-2282.394212709922
-2284.7007219551415
-2286.9765607866348
-2289.2348371731105
-2290.7664229142083
-2293.0661496020884
-2295.416278231951
-2296.9651233850864
-2299.3496368911515
-2295.405033296614
-2296.9787301162664
-2299.303241812282
-2301.6048725481633
-2303.1206785196214
-2305.424931421165
-2307.739059712505
-2309.293429450166
-2305.343125082766
-2307.706101690537
-2309.305768224965
-2311.637687893739
-2314.0223511073787
-2315.5736501021615
-2317.9172294586897
-2320.265562365277
-2321.831688091717
-2317.8673714735237
-2320.232267868712
-2321.8046325146684
-2324.183626958727
-2326.5360690284747
-2328.0719618417907
-2330.4269105347303
-2332.800463745615
-2334.420038414797
-2336.781059477571
-2339.142923239608
-2334.4808525882577
-2336.867561780071
-2339.226240345405
-2340.7801869709588
-2343.1347797043986
-2345.512785301099
-2347.1174778906907
-2349.487359230245
-2345.588836340924
-2347.1931480422686
-2355.872291041326
-2352.0016081133053
-2353.5638912760996
-2355.9394602632483
-2358.341944269899
-2359.947022188989
-2362.3700498850367
-2358.4925127270667
-2366.373901884087
-2362.5184257817787
-2364.930489423199
-2366.514788932143
-2368.9017690342803
-2371.272248281878
-2372.8893993914958
-2375.268237819718
-2377.684920088505
-2379.2856840918603
-2375.430406169461
-2377.890843204167
-2379.5297259256913
-2381.9812318033423
-2384.390932488729
-2386.0180952183478
-2388.4729837833943
-2390.899299636372
-2386.2154252865666
-2394.124821727932
-2396.523386303792
-2392.6671898807854
-2394.273522987718
-2396.7127666659985
-2399.153296818846
-2400.7708924625235
-2396.917139032392
-2405.6834173691905
-2407.3301226529475
-2403.523036641382
-2406.0029892906223
-2407.633053046165
-2410.1333734433556
-2412.581744826508
-2414.221798826258
-2416.65552232204
-2419.0826034371944
-2414.436976993608
-2416.077382121085
-2424.7832606092616
-2420.9676453512907
-2422.627773403661
-2425.115795802775
-2427.586507477723
-2429.2110292502516
-2425.420618150163
-2427.9301241499197
-2435.8879559280026
-2432.0654568128048
-2434.5326233664982
-2436.1815416971226
-2437.872264526354
-2440.3778963079462
-2442.865317179943
-2444.540358245655
-2447.027653158676
-2443.237052846052
-2444.882864735792
-2447.364479615233
-2449.8631504984783
-2451.493305421705
-2453.1951839896806
-2455.7210918924834
-2458.2339402521743
-2459.8886907543697
-2456.1325939149783
-2458.656287332142
-2460.342156492638
-2462.859389177967
-2465.3590152469123
-2467.0393632305017
-2468.7368733551493
-2464.982028527337
-2467.5049829678674
-2475.4889740222216
-2471.786471844349
-2474.345268802724
-2475.9997744381467
-2478.5172611489343
-2481.0430579734566
-2476.4405783462144
-2484.369157270895
-2486.858592719336
-2483.0885765090943
-2484.782040562275
-2493.56431138658
-2489.842327540669
-2491.5591852728157
-2493.2953559373113
-2495.9136212289964
-2492.235445331669
-2493.986864813768
-2496.603048341437
-2499.1505212688962
-2500.8379169653585
-2502.548645719167
-2505.039562891158
-2507.5461453173766
-2502.966169726359
-2505.4925744461143
-2508.047109321959
-2509.7473769132553
-2511.4693488538137
-2514.046071444702
-2516.6508502016013
-2518.3864444507626
-2514.681658261807
-2517.2695878403038
-2525.3143452636323
-2520.7193412383826
-2523.332415540309
-2525.9037000813137
-2527.643669997363
-2530.2576869651853
-2526.5496303051555
-2528.245173050078
-2536.238481521432
-2532.5368662602596
-2535.1434174630785
-2536.8609151275177
-2539.4818496071634
-2542.0578655695185
-2537.499956561103
-2545.5022329213502
-2541.856634115485
-2544.46269889717
-2546.235369544315
-2548.0129251488365
-2550.671558747499
-2553.3081162743374
-2555.078764022336
-2557.713866719328
-2554.031378312473
-2555.7790843370058
-2563.799584020266
-2560.113191380308
-2562.6900691568435
-2564.3941576543352
-2566.188769770096
-2568.7798331610334
-2565.065677833788
-2566.825567423735
-2575.7950121035024
-2572.1567426518955
-2573.951127522423
-2575.7309693074026
-2578.3961915334144
-2581.088082215877
-2576.5669000525595
-2584.593697729577
-2587.2322590827243
-2583.555484447327
-2585.302888240851
-2587.030447674671
-2589.633776393832
-2592.28757566018
-2594.002093069995
-2596.6954232559497
-2592.979174738365
-2594.7324604144956
-2602.7972619040074
-2599.1893956094536
-2601.840449198471
-2603.6001946748725
-2605.3816952036987
-2608.0310141215873
-2604.4004711576886
-2606.1401850625584
-2614.1244944510267
-2610.4322302396286
-2613.036823468353
-2614.778256599805
-2616.514009956759
-2619.0513667137857
-2615.444811624364
-2623.440680553099
