1.0689145065406618
-1.3400560368463286
-2.6040730106014776
-0.34974645673228527
-0.524699713521849
-1.4036352537084156
-1.5297047089407751
-1.6476526922633963
-1.7426445820498446
-1.7983507008480308
-1.7978182408851584
-1.1515150608840465
-1.2665077515169842
-1.3035817216468153
-1.35434250303656
-1.4504041162094803
-1.540371051466553
-1.558405499482093
-1.9058048868722577
-1.9430574271483025
-1.9603708010528496
-1.9466679822628805
-1.9328896093779695
-1.9427621149811651
-1.8115137166552375
-1.8471157215234268
-1.8801802013872086
-1.9081220729252455
-1.9265728828136388
-1.956102956451089
-2.049967102061405
-2.0735130561233817
-2.093146860826121
-2.0951561391263036
-2.0950390919619597
-2.103835653638939
-2.125905451011253
-2.122125623960892
-2.1501176467116245
-2.1563272271539304
-2.1589322539422264
-2.1764282212874937
-2.2053914994298323
-2.255573295531887
-2.275770950649463
-2.2992692523405496
-2.3245114947334464
-2.344502964834699
-2.366720684139319
-2.3918163943297532
-2.4006414586092095
-2.430286443204625
-2.43949928827342
-2.437296188783415
-2.45579138017554
-2.4992491620406994
-2.54839906362119
-2.5604871369089204
-2.581274783546717
-2.603874033789242
-2.6273929283718607
-2.6392989152101114
-2.668855079133471
-2.6910107795482174
-2.7319051669768015
-2.7576799620635724
-2.7795799542753277
-2.8145376859612314
-2.8568091116946217
-2.8933290757704286
-2.9036362006354564
-2.9300549978538517
-2.967233845935834
-3.0090151509492458
-3.044828665030311
-3.0582352394618617
-3.091405585688166
-3.1253680799187897
-3.1590381586886687
-3.1885119926093
-3.2174710219824902
-3.244221994395574
-3.2893394062665884
-3.3315117761536452
-3.3804578539933248
-3.41828631581007
-3.453310157292006
-3.4857572930867953
-3.505942001137356
-3.5366413962447267
-3.569608746645344
-3.608989768033619
-3.6561197720352836
-3.70984860398477
-3.748852007766166
-3.7946880090821202
-3.8213949988012748
-3.861538459187904
-3.911885550411772
-3.959001604646991
-3.9967951390092114
-4.042298298757576
-4.092569641496872
-4.133788764993685
-4.168224773148885
-4.205507392035963
-4.255217042025043
-4.29060112946185
-4.332057167168236
-4.375917890863661
-4.427931325839011
-4.479232503412593
-4.528078806492984
-4.571317282582185
-4.626914529820995
-4.66962188068268
-4.728615967686871
-4.782399065537958
-4.831670437015553
-4.881959554858424
-4.924988293304018
-4.968982001260435
-5.011488163046676
-5.061072357875722
-5.119550254065621
-5.180107669171498
-5.251423084185729
-5.315861664250346
-5.345334538561679
-5.384871485393047
-5.450148894302734
-5.464430905679907
-5.516714271452116
-5.607087911804181
-5.670863947406484
-5.7382619219000475
-5.791669048536819
-5.841363130806559
-5.903289234524509
-5.966685401584958
-6.031180809162182
-6.032352217502509
-6.136601056980654
-6.157517246024719
-6.2238733715281676
-6.290860659300813
-6.3841136600233215
-6.441080526197073
-6.508953820196844
-6.590059255945305
-6.656885092079311
-6.704392739864459
-6.756033921609627
-6.82638536716648
-6.8879214619240985
-6.9519480877702335
-7.021718809251315
-7.089754343314996
-7.157826813174018
-7.236824705117306
-7.291544167832386
-7.355153749532293
-7.4312083153995205
-7.463231667115245
-7.528930192622314
-7.626852369053259
-7.698183546247596
-7.772681289833825
-7.851816611136176
-7.925432229027411
-7.986963649867078
-8.048745023742779
-8.097127883452123
-8.168296475710537
-8.23946168739743
-8.317430627195295
-8.396128548108555
-8.480453640101935
-8.467670967978403
-8.535080161713022
-8.605204625115054
-8.704058949966582
-8.89216518630897
-8.856984429165442
-8.919885726569598
-9.003969652628948
-9.085680299391662
-9.169063853527831
-9.241656816379022
-9.324208254248854
-9.412644579140384
-9.571895573901234
-9.647642531597027
-9.721452711742584
-9.809237173214035
-9.898731634973522
-9.98411338582629
-9.984395434905888
-10.06990127568897
-10.159858272784515
-10.243319494993402
-10.320548214474705
-10.411381145087924
-10.506260193878408
-10.659241435033472
-10.743096466183204
-10.831015995453843
-10.91928607697775
-11.005420197972356
-11.093584032802719
-11.049781378353643
-11.209588349454828
-11.29715369883782
-11.38923575315589
-11.480242003835677
-11.566275872816494
-11.6558046327363
-11.752757197230975
-11.839434639399014
-11.930432398068126
-12.024489808317298
-12.116097348437016
-12.212644117800522
-12.373447571268532
-12.470188007501825
-12.562376535621366
-12.661269064231119
-12.75834046239224
-12.856229478104114
-12.950139803987492
-13.065174570319138
-13.164541772180819
-13.264823761049946
-13.366089610203025
-13.466769261851828
-13.571805439564764
-13.588013553602204
-13.747127830855545
-13.844333158104542
-13.949786835741147
-14.058475509063298
-14.156777887690987
-14.256949295152385
-14.356838974743466
-14.455074261207258
-14.563193114077327
-14.662572421086102
-14.765474332886024
-14.878792024048915
-15.007167749772847
-15.105590755397097
-15.204665688064992
-15.315337587591193
-15.427558458422864
-15.537820484286792
-15.647035731780292
-15.736061244093394
-15.845095416717164
-15.96206130232904
-16.069556753156856
-16.170105593047648
-16.280659522387413
-16.416649121382235
-16.53081015657586
-16.6339922418385
-16.744357704316307
-16.843513216262565
-16.959043562708175
-17.097116618093036
-17.20657649421085
-17.314301806776793
-17.4330020202211
-17.553110542268914
-17.667784053930074
-17.77870014722832
-17.875977041875366
-17.994000268391975
-18.112637215459536
-18.232565137214454
-18.35234074859055
-18.467828592309758
-18.5880886334112
-18.722398043791724
-18.84068041994437
-18.96424561322465
-19.08842728107487
-19.21055771178832
-19.331555286705775
-19.449028407155787
-19.567493369606076
-19.69390654255583
-19.82361396634765
-19.95114805666771
-20.07505587574129
-20.183488792731268
-20.312355278895556
-20.435591589049054
-20.55598300719433
-20.681800041072098
-20.815555204039345
-20.940647274907292
-21.068588135151554
-21.191184781998484
-21.32844727439402
-21.466097519773967
-21.592983613212994
-21.718715620103307
-21.849504540279238
-21.987873198742157
-22.1287350332161
-22.257498922469935
-22.37895750980729
-22.507377815390086
-22.637099046621877
-22.75958564646223
-22.8977124272596
-23.03130274480628
-23.169406574775145
-23.31132135727602
-23.454685085299044
-23.599958686743253
-23.726707667916887
-23.867848935927903
-24.01589766636391
-24.150907493808457
-24.274551074128436
-24.40548266410861
-24.552901051869053
-24.7051033966473
-24.83578942637555
-24.968330343300487
-25.11851288038534
-25.266276043100106
-25.392385583947615
-25.530355322075483
-25.672342084143033
-25.820777126904336
-25.96988383939148
-26.104834887064232
-26.23434120971869
-26.39645704980299
-26.554608503208108
-26.6390788502597
-26.834016803332002
-26.978935099573985
-27.08683191213165
-27.292930885863115
-27.436904217269753
-27.578657273029854
-27.728678518515267
-27.885249967259973
-28.037392392499605
-28.12007636749065
-28.308193200594303
-28.460783063852972
-28.61673692593786
-28.775415693181774
-28.925420154792388
-29.07522175812595
-29.232553371447185
-29.43828101083003
-29.538228566244808
-35.99101007004482
-36.127425991984744
-36.291903466431606
-36.44588045562052
-36.55517351356877
-36.715009699850164
-36.86785607707588
-37.017849785162305
-37.18404067913797
-37.345448737632196
-37.502404523768874
-37.70410444712149
-37.86889227103255
-38.02215722246362
-38.17882457590753
-38.3458985612395
-38.511985138969706
-38.66973332446912
-38.824176245867264
-38.98559606738573
-39.156466104777635
-39.323913475280555
-39.48512301894672
-39.650401509957845
-39.77303177068261
-39.99011774929989
-40.149652272941736
-40.31376885495654
-40.49508532097284
-40.666179019076544
-40.82788274615443
-40.99074332264579
-41.15014734467623
-41.32318173431972
-41.502560001554436
-41.6705616855393
-41.81599596823287
-41.98632377991144
-42.18708693788911
-42.33804132186071
-42.51021676135294
-42.679360192442694
-42.86418011830891
-43.04474711049342
-43.21982096932862
-43.386316359187504
-43.57386757067361
-43.748366445386004
-43.922914528136666
-44.110769882476184
-44.280663292212466
-44.45823832580854
-44.64866514726957
-44.8338654813073
-45.00623443037351
-45.17839748903013
-45.34926297509412
-45.53232013240265
-45.71497957918086
-45.897454402400314
-46.082800806462366
-46.262561969534836
-46.44497155700419
-46.61896080547227
-46.799286391816565
-46.99305037471564
-47.18646498115612
-47.374993311158676
-47.55429097287359
-47.74978168381659
-47.940908477103115
-48.12695939477619
-48.31764677387748
-48.51163566107251
-48.702612058120216
-48.89777354273164
-49.08756768780919
-49.27957524270729
-49.47172539961205
-49.665099286128616
-49.8535045257229
-50.04757755259489
-50.24692766803678
-50.44017585953884
-50.62945190935873
-50.804044642096706
-50.988038988239474
-51.221590824114706
-51.412271580155654
-51.594884736015736
-51.79718558275409
-52.01552965393567
-52.214708721753055
-52.403964818942406
-52.612426011753534
-52.826121245053564
-53.02892962869824
-53.230503957930665
-53.429530607841485
-53.627328925122455
-53.84262921408848
-54.06435889774814
-54.26808746687436
-54.457617432399836
-54.65926093701558
-54.880660336696806
-55.1053013234053
-55.32066934150301
-55.51771020943699
-55.722783938369325
-55.94952244417854
-56.16552721580156
-56.37136530747396
-56.58959754403309
-56.81202299802333
-57.032454286128456
-57.24918757526327
-57.4705472083168
-57.707857850446814
-57.94270295870616
-58.14878148194498
-58.35477138732714
-58.57871285131279
-58.815273764853146
-59.0498681795229
-59.26736649583635
-59.504017050227795
-59.74951027775703
-59.992740102606966
-60.21707602883292
-60.44466013457155
-60.69113533779688
-60.94286269170284
-61.169957014106274
-61.39470655834011
-61.53979898894616
-61.90627506305165
-62.16059567585398
-62.3949343020584
-62.62278545642289
-62.858332995727345
-63.102375534814136
-63.36702649784378
-63.631109059213195
-63.87450321115289
-64.11860464568751
-64.38754593231792
-64.66030557770563
-64.89632803453107
-65.15115874800945
-65.40241412217475
-65.67768428213697
-65.95039782923256
-66.18936959525152
-66.43846971827725
-66.70209160126858
-66.96537368604064
-67.22233309016453
-67.47619951183475
-67.7244521763433
-67.96757066960475
-68.21109909003914
-68.48417390527997
-68.75317369970374
-69.00630689067475
-69.26253555883854
-69.5051646013282
-69.76185220707174
-70.01744727762559
-70.26881066027033
-70.5396872547033
-70.77430079900485
-71.02563309373528
-71.27281811636425
-71.52062278083565
-71.77785712439629
-72.02534729312272
-72.26866670901695
-72.52458453902771
-72.77100311405361
-73.00700178467942
-73.22141550201992
-73.52697319484211
-73.77710947386097
-74.02300257037109
-74.27901128831343
-74.5183479014858
-74.76321450556875
-75.03651118256238
-75.29407236806027
-75.54375709501838
-75.78410288111311
-76.02985284830679
-76.28355215764024
-76.54410308204683
-76.79179701432759
-77.03782824227426
-77.29213554440423
-77.55143633295343
-77.80567558924857
-78.0557514950646
-78.31299773398732
-78.57604343489984
-78.84465168352949
-79.0834576428061
-79.3341178315476
-79.59669153766059
-79.86247912990346
-80.12525009550689
-80.36630800386651
-80.62542523603481
-80.89576778216177
-81.14814601824787
-81.39699115039193
-81.65690082930128
-81.92155952312125
-82.17219498357493
-82.43444778959181
-82.70675018885252
-82.97451547908945
-83.22155763547892
-83.47840728316214
-83.71874250418254
-83.9573005365389
-84.25491507378787
-84.54007614893708
-84.80963872225318
-85.06249742084971
-85.30717647628646
-85.57114250654894
-85.8750982251668
-86.12031284103652
-86.36049883915574
-86.64780730300927
-86.91918068317113
-87.1796540599453
-87.44715559610988
-87.72355260208734
-88.02804830105089
-88.28755488658821
-88.52169369985843
-88.81153083965253
-89.16374772377995
-89.38854066733487
-89.66393939796734
-89.9569483795236
-90.24644692829266
-90.5257403619169
-90.79374058168591
-91.06584227347894
-91.36887400525049
-91.67056839097307
-91.96069783515618
-92.25330042330411
-92.5411575364393
-92.83007302656087
-93.13096191798194
-93.43822511720592
-93.7297232670288
-94.022997386427
-94.34765777712003
-94.66930525095206
-94.96572349054694
-95.27870983403052
-95.59398204949736
-95.90050419305409
-96.24285781927796
-96.58666969992377
-96.9053228656546
-97.23707775944689
-97.51112286593785
-97.8565920221235
-98.19833673889751
-98.48937339149312
-98.8136149632272
-99.14595534419922
-99.48671740186462
-99.81919622735482
-100.17306873473814
-100.48375252589116
-100.79854000106214
-101.11631724548535
-101.4656566721396
-101.75940190564971
-102.06927171114366
-102.38361783177999
-102.71791722140544
-103.04848206211611
-103.35209762690528
-103.6351183396022
-103.95639146622811
-104.27646691479205
-104.58539881432795
-104.89844208820863
-105.18797325752095
-105.50117271079077
-105.81544286684213
-106.10333680751597
-106.41688529973239
-106.72878232862224
-107.01486859742839
-107.32673111315898
-107.64703421898021
-107.93504083095415
-108.2450715425205
-108.57320176601728
-108.87972841700649
-109.173860687242
-109.47556811005391
-109.79154297307376
-110.11251879187274
-110.45102888298982
-110.77572024674461
-111.03965772281889
-111.34086779903001
-111.64984859140759
-111.96534646930209
-112.33628676930465
-112.5771644194551
-112.85760274403242
-113.25758376664422
-113.63538983031302
-113.91178974351043
-114.13290772955067
-114.43657891769821
-114.82867336821472
-115.19482129124708
-115.46523623826157
-115.69527889277964
-116.10012194512572
-116.5014673900223
-116.82055016987582
-117.07728589009567
-117.37207400393115
-117.73192750765354
-118.09206884406973
-118.41960574451781
-118.77610887987498
-119.09334798091616
-119.43520187617943
-119.78890572618573
-120.13062665034293
-120.51539797412893
-120.8172566783826
-121.13902836985679
-121.51984838152646
-121.89969221948175
-122.25997746806958
-122.61991057727589
-122.99391914118966
-123.37524909300716
-123.76032634082816
-124.11518317226285
-124.45852878982342
-124.82785067870037
-125.20433983398051
-125.60006954025141
-125.98636846195573
-126.3325304291888
-126.666694392664
-127.04462522919184
-127.43474855515879
-127.81884034319961
-128.1679769317393
-128.5000316306431
-128.87274228804185
-129.2391777441025
-129.59052521191296
-129.93934853628147
-130.3136908182116
-130.66716387775926
-130.99872342452684
-131.3394609413351
-131.7198523925854
-132.05825343009658
-132.38480113158388
-132.75415726776862
-133.10143126705862
-133.4375093942236
-133.84136188174904
-134.19167643127437
-134.38891712065993
-134.85689590082885
-135.20235346545687
-135.53668985239682
-135.83929056400407
-136.21218136889652
-136.68561173993072
-136.97488611838241
-137.22432045394822
-137.61965256363422
-137.99116550931248
-138.3622798464254
-138.6200607962587
-138.99050089401564
-139.41485763618115
-139.786294550045
-140.1051839696737
-140.40907488982518
-140.8729065011275
-141.33732837817408
-141.60925553972143
-141.90457333964935
-142.26137859841867
-142.70330156355612
-143.12889124659932
-143.4421949901704
-143.80247688154753
-144.23839436941097
-144.6436176442002
-144.97430153324555
-145.40279830124732
-145.79131382563332
-146.18479803002288
-146.5604674333472
-146.91579612758323
-147.3164473145279
-147.79735496283533
-148.16827536895545
-148.50754769154202
-148.87253158809244
-149.3412295999392
-149.8326930633953
-150.1683599975228
-150.48155382536788
-150.84248789940153
-151.31744959913712
-151.74938065526757
-152.08094618851115
-152.38270878985594
-152.85308122600557
-153.26395426286564
-153.63925410991374
-154.0115769591012
-154.40393124374944
-154.81036772900083
-155.25395673632403
-155.557851398502
-155.95499478714532
-156.40763584052777
-156.7750670996051
-157.1605863972272
-157.5453971709774
-157.93532546042297
-158.3774845297962
-158.66908273945643
-159.0840975063162
-159.45582148699495
-159.8676571056716
-160.23832175166555
-160.61584791460209
-161.00985594734894
-161.4528539516188
-161.9084857524405
-162.22194369997877
-162.6397378777079
-163.03367815732372
-163.42896449520467
-163.8251620163077
-164.27595385746648
-164.61914686475575
-165.13295561379408
-165.50832538447412
-165.9092269952916
-166.31007076757695
-166.722559267678
-167.14181936477868
-167.55592051317228
-167.88316721940092
-168.33877990977678
-168.7554545162272
-169.17646173128048
-169.59016838659963
-170.0028663525053
-170.43443144796592
-170.88425077739024
-171.25555880231835
-171.86852187858128
-172.0977951557289
-172.5144139660213
-172.92410803666752
-173.34481151518784
-173.82159084004252
-174.2135868753334
-174.78993769166894
-175.2037397252261
-175.621821044098
-175.87219552319664
-176.26457196009417
-176.64604024634193
-177.0716579446676
-177.6603194586758
-178.08239667634888
-178.51644884040655
-178.78714742756247
-179.22507297030552
-179.703544127335
-180.10576708435127
-180.71773976952863
-181.05811193383357
-181.48666386899225
-181.9336946627815
-182.22754421663095
-182.71302860418928
-183.09297191789068
-183.6682107712853
-183.96679266749248
-184.4008494016818
-184.84832081071474
-185.31655669744617
-185.76869710573712
-186.17536476526794
-186.768102415142
-187.21679569785184
-187.46131393500082
-188.01924842009606
-188.34908417116318
-188.81286142125975
-189.26887996740814
-189.8503415232255
-190.22255311762916
-190.6684763726686
-191.11645723826064
-191.43237398217846
-191.83060759740442
-192.28592886965632
-192.85108336616068
-193.22101463094842
-193.7038830414784
-194.17384882620212
-194.42278050882692
-194.87830270626483
-195.35416838886442
-195.80690864491137
-196.34021439534476
-196.80149227285725
-197.13307462376483
-197.5736206317875
-198.05790017185757
-198.50162731472224
-198.93097631425377
-199.3958901105874
-199.83289589468018
-200.24702135391146
-200.79087348280666
-201.24515697491742
-201.74651663617314
-202.20297127679007
-202.6392233717209
-203.11656089802636
-203.57177267992526
-203.98332230069695
-204.3853518468118
-204.98810558528592
-205.4419459300216
-205.87262016529692
-206.3192038894463
-206.73652688536163
-207.2303982007063
-207.66425965523175
-208.02911040767975
-208.6086788241146
-209.0429548077783
-209.50690431178063
-209.80533995449292
-210.27429931721937
-210.85032822753425
-211.3490498339541
-211.70958546188152
-212.19145889290218
-212.5731557706463
-213.12741864927588
-213.61300235762926
-213.95575864704222
-214.3305710061643
-214.96024127787265
-215.39168599317156
-215.79750937241573
-216.28163999548678
-216.80265291121822
-217.29863440773283
-217.74493193595802
-218.30524736512987
-218.80447586384378
-219.3138678825717
-219.71938971587892
-220.17900097531992
-220.7933160439316
-221.27819180538862
-221.80494484815978
-222.25527202146299
-222.73968979955427
-223.24403785277326
-223.73222702753625
-224.2447321663656
-224.65051486541037
-225.12104918042544
-225.61736114460214
-226.0535463767955
-226.5472064225682
-227.0331853401197
-227.43262949778676
-227.9155075662757
-228.40532469605614
-228.82363712672725
-229.3060251700187
-229.80263465992178
-230.22406804737005
-230.68957932941944
-231.1871297513646
-231.6375307221444
-232.1393659590096
-232.62379197307305
-233.06944314586488
-233.59530508285937
-234.12739905337145
-234.5921758275047
-235.05577315442957
-235.58914502751674
-236.16242851038953
-236.66033595465757
-237.15930897249407
-237.73090098131314
-238.30091025803844
-238.80894758594692
-239.3134779484145
-239.86626232686228
-240.42993967013973
-240.91660225177483
-241.4030498902328
-241.9442233949082
-242.4777068864775
-242.9699982093337
-243.4339720656366
-243.88723713479192
-244.3846288926353
-244.9087549064678
-245.37000588976136
-245.84478957821983
-246.30206145464123
-246.80524706704026
-247.32999741214238
-247.78473907094943
-248.24574097982278
-248.71098306684635
-249.17650968579343
-249.65090824067002
-250.17896748862253
-250.73038472737105
-251.2269149046817
-251.7267749899563
-252.22980513635113
-252.73362655378926
-253.25041594927256
-253.86194937031186
-254.5039252731207
-255.0547902225258
-255.60176755947407
-256.1454558518715
-256.6901345283879
-257.2338667042362
-257.7590380129221
-258.29167562205186
-258.80715234634147
-259.4371634778145
-259.9675085364757
-260.45877065878534
-260.9568933767127
-261.5020568604742
-261.93108873322626
-262.42801748762355
-262.9207814087487
-263.40918329980104
-263.8963222812226
-264.37653276070824
-264.8695862000661
-265.3814349175944
-265.886020843327
-266.37650828683076
-266.8578920442927
-267.3597937911885
-267.9045419125308
-268.44628883857376
-268.9669710364122
-269.50670444875567
-270.06610350903827
-270.62853241097105
-271.1860488894513
-271.7638260020207
-272.3814507500262
-272.98007482313255
-273.54202781970173
-274.1331946488549
-274.70856735923485
-275.2761987613669
-275.8217235463398
-276.3596003213499
-276.908298701209
-277.45062110777366
-277.98473555348346
-278.51291802012594
-279.02844507731896
-279.54951609382795
-280.07304932204414
-280.53140429120157
-274.7661153157686
-275.2356421234006
-282.052561456806
-282.58178571277693
-283.10528704012864
-283.70880173968743
-277.86771809088947
-278.5201309317469
-279.1834423297989
-285.9353572245434
-286.448954204885
-286.9806773455057
-287.58711010758765
-288.3139799717709
-288.85381091000124
-289.4930834550533
-290.10034682876153
-290.6885793194141
-291.2172654131527
-291.78271711131976
-292.3511732823036
-292.917286400095
-293.4811851888502
-294.04023787327554
-294.53522249025156
-295.01080188971787
-295.55328766594374
-296.1073904477693
-296.66036766652724
-297.2177753749295
-297.7039400452303
-298.2048081892378
-298.7795555722358
-299.35327403988254
-299.9263890171097
-300.4462061851075
-300.97205895269457
-301.6025797524957
-302.21269375593477
-302.84229745342805
-303.37216587465014
-304.01348192471846
-304.675224320618
-305.314391086231
-305.89374459109627
-306.46966516020734
-307.0446440711575
-307.7260768887491
-308.2380886546111
-308.73980717672373
-309.3836280365116
-309.9597763173832
-310.4717100137878
-310.9722860225124
-311.54751925263025
-312.1438707503815
-312.6648016453539
-313.1737468530991
-313.7536067231613
-314.3584379098256
-314.90266957129
-315.42992904976796
-316.0311282505289
-316.626811201504
-317.1799088642044
-317.8353248658585
-318.4479423105383
-319.05475721408834
-319.7542964514165
-314.0634830832144
-314.6383627370218
-315.29927759999
-315.9656946732911
-316.55647794345174
-317.1383428391978
-317.80692299361465
-318.3612039685203
-318.9014948481492
-319.5121678742496
-320.0552706235089
-320.5977273045117
-321.1352707259421
-321.68513912980234
-322.30211844473484
-322.8524915353352
-323.42914510682493
-324.0767158524112
-324.6503014413005
-325.22512896487547
-325.89896878928835
-326.4835720523568
-327.078867756077
-327.7211049787282
-328.3476055932543
-329.05779448177265
-329.6746698649088
-330.2930080571537
-330.91540526558555
-331.49764438206034
-332.1695946714052
-332.76299567180246
-333.342744069261
-333.9262896073222
-334.50146523614967
-335.06306569381195
-335.6455037212402
-336.3023251860247
-336.8821444642825
-337.4708191858982
-338.04256463596596
-338.6531899749753
-339.2522600525328
-339.87705116998444
-340.50394939736316
-341.10246688957005
-341.81933468230153
-342.4811783606334
-343.13516420342467
-343.7949205611061
-344.44283902335195
-345.08285153932627
-345.7152477104649
-346.3536092750115
-346.9714703805657
-347.5648637803551
-348.15251512332975
-348.7462158893968
-349.3541686993029
-349.96453606429384
-350.56988420932134
-351.18719541961747
-351.78478467566663
-352.40794492879434
-353.0370527825448
-353.6348930419273
-354.2741672631543
-354.8941070531441
-355.56428012677895
-356.1984368080051
-356.8814460955402
-357.55862641129244
-358.2542124062865
-358.9139889977731
-359.58954100428144
-360.2203358881817
-360.7739360018072
-361.37348350298663
-362.059658160411
-362.6949822913716
-363.336722524527
-363.98080772538896
-364.59825412485304
-365.21579924257776
-365.7949105236889
-366.42183072696963
-367.0709864224625
-367.7112322921277
-368.3533408339051
-369.0265774659413
-369.6738297445124
-370.3476980748513
-370.9942400362808
-371.78961835624693
-372.4026930845309
-372.985236180295
-373.7044664476335
-374.3812276930784
-375.11107835368176
-375.71537460422263
-376.2810030130031
-376.967975598715
-377.6090594532174
-378.2528707231864
-378.9022635745113
-379.465469909203
-380.11897130085305
-380.80130559666515
-381.39556591090286
-382.08723325072594
-382.7846579767343
-383.52909179430736
-384.2700655982793
-384.904528142709
-385.6007560532837
-386.36051091177393
-386.99780851488913
-387.7260917388882
-388.39615459098775
-388.9845253001574
-389.6715149354606
-390.33311133547653
-390.8969434450685
-391.5252257058008
-392.16768980829806
-392.7363391945566
-393.60973848060814
-394.1529743652536
-394.747839967256
-395.35029325789895
-396.1040848348232
-396.8501168908727
-397.49782459447067
-398.29456386995304
-399.06902169337224
-399.7331350007226
-400.42510681754436
-401.2604270456259
-401.892182635045
-402.4978266862031
-403.1368137524474
-403.8554855254672
-404.38746365740224
-405.08650825910667
-405.73348703465643
-406.34796442498777
-406.9445313156491
-407.66242026683096
-408.44186250037603
-409.0997555176777
-409.74554950861824
-410.5255542504482
-411.33468683747617
-412.052299703502
-412.74526095618535
-413.541636751671
-414.30946694249167
-414.98212790619266
-409.32660710055507
-410.04184797953945
-410.75547239496296
-411.35415810696543
-411.9609230593197
-412.52880342713405
-413.27058166273144
-413.97378468119825
-414.5896695061173
-415.24361903226145
-415.91214538710057
-429.2313467972855
-417.4655075597884
-418.1975722365296
-418.9420149506182
-419.66949780224627
-420.49625157905734
-421.31769573972696
-421.995502550898
-422.642634957757
-423.27572440130274
-423.9958713272343
-424.7066171654463
-425.3253169207599
-425.9372272436374
-426.54992088809104
-427.2937976285267
-428.0246379110795
-428.6833635552534
-429.4391492221669
-430.15797038016854
-430.7953203750207
-431.5543034981666
-432.47481323811854
-433.38281115442476
-434.10614508197375
-434.81249830834275
-435.48578256486945
-436.1395084622338
-436.91229690720905
-437.66531498831506
-438.3123889452446
-439.0481642019449
-439.61907751164296
-440.2833221887189
-440.95543131774747
-441.63349826032555
-442.38869082166394
-443.3082447701578
-444.07056118836505
-444.82178233241814
-445.5859457815884
-446.14139772072014
-447.07234120162894
-447.7924531221726
-448.4810134175667
-449.0491771332392
-450.087629889096
-450.7618009792432
-451.4295227926179
-451.9915640996613
-452.7782837934157
-453.4895679077823
-454.1830359338875
-454.8875734687836
-455.6106797418792
-456.3727427457613
-457.05382114863124
-451.74438551586087
-452.6314138070805
-453.40618347265803
-454.174454997002
-454.9031860702755
-455.59597172739046
-456.3053708156335
-457.0118010885141
-457.71119796159275
-458.40988439149334
-459.124439153713
-459.8432740109946
-460.5203553368841
-461.2532788698237
-461.99923150634095
-462.7620652578486
-463.52308830397743
-464.27817011953204
-465.14365598669275
-465.8939084932229
-466.76141839492834
-467.6674944744044
-468.43256161710895
-469.1764486267967
-469.92406563444274
-470.6586450351445
-471.3820944307674
-472.11624600068063
-472.8651944833378
-473.6070502378707
-474.34161662363715
-475.10316728036213
-475.91476793603914
-476.6763881249214
-477.42989900598917
-478.2322729505316
-479.0663340900018
-479.8452939624519
-480.57986645339133
-481.3492912405463
-482.1546073419598
-482.9069882108191
-483.65397469023145
-484.41236141600973
-485.18277683399145
-485.95290213933384
-486.72349347583986
-487.38892529449214
-488.0162755924448
-488.7992499618365
-489.6145750882815
-490.43826099607367
-491.23965093157034
-491.9640637706912
-492.78696944450184
-493.6083459059268
-494.3933846459448
-495.16554042080423
-495.97638930370294
-496.77172926721994
-497.55105518806744
-498.32935266738104
-499.1269471573876
-499.9362573199135
-500.7573283872215
-501.5866902920841
-502.3622272947578
-503.01587255619734
-503.7299575637866
-504.5469969359692
-505.36039554753467
-506.15355934663154
-506.9588971392353
-507.79154196814255
-502.14475132649113
-503.1484329085884
-503.9668926278417
-504.8001889859991
-505.626959912048
-506.3132026062599
-507.01918731918846
-507.8610649721619
-508.6911081764164
-509.4776667494585
-510.3279583605676
-511.17087730019705
-511.99612252720294
-512.8052154965292
-513.4742634919031
-514.216768125325
-515.0415011676009
-515.884351667301
-516.7313374383955
-517.598746247258
-518.4630998164314
-519.3255090732733
-520.028462931682
-520.6917045644195
-521.5390930650741
-522.3769506181699
-523.2085812420123
-524.0456181912393
-524.900752935039
-525.772491043891
-526.4598190897077
-527.2408429869325
-528.1213508817973
-529.0019128101394
-529.862336367906
-530.7146994503861
-531.4324323376171
-532.1648314938127
-533.0262281397197
-533.887834702414
-534.7525715496148
-535.6007480193426
-536.3491805079173
-537.0493624905192
-537.9162069679495
-538.7958032114445
-539.6856786127317
-540.6005663243809
-541.334656055789
-542.095945483745
-543.0160193568018
-543.9144396841657
-544.7966840174263
-545.6684184059252
-546.4004973629164
-547.1054951867748
-547.9672194028001
-542.556833478162
-543.4472526500498
-544.1883188023437
-544.948332062965
-545.8599560919724
-546.8132628138324
-547.6472810684229
-554.6888847043439
-555.5582582809387
-550.1066493827966
-551.0789327992167
-551.8243881403622
-552.5510023660062
-553.4356418451995
-554.3369824975622
-555.2533552411168
-556.0075735384708
-556.7801044779224
-557.706907864944
-558.6296914727697
-559.4185467079593
-560.213301522679
-561.1534298468011
-562.1012579499294
-562.9203874890708
-563.665024371362
-564.5548402920343
-565.4747511112148
-566.2110672927824
-566.9356780405114
-567.861444248587
-568.8689266694137
-569.6425760275065
-570.484393578666
-571.4903146760507
-572.4635325400835
-573.2598931901626
-573.9697568923871
-574.897143402071
-575.8048988886851
-576.620519595169
-577.4223420349026
-578.3063704416246
-579.2200910326767
-580.0522299967404
-574.652848185014
-575.6632996147192
-576.5001417333502
-577.2673108467739
-578.2363219185786
-579.2064226900269
-580.0237770568541
-580.8198715813428
-581.766468107228
-582.5646900732157
-583.3487702296942
-584.2986899095897
-585.2777924403993
-586.0712845461875
-586.9322256318959
-588.0037266665588
-588.789542920729
-589.6280872563106
-590.6435613563274
-591.4644670010263
-592.2595773528951
-593.1896316937939
-594.0032748355351
-594.7814720825894
-595.7365755542819
-596.5444638638277
-597.4292460956495
-598.504090106343
-599.3728892204434
-600.3105207726435
-601.3541361658308
-602.0976965050262
-602.920000400845
-603.8820264453424
-604.6691439865592
-605.4806596130758
-606.4870574542696
-607.3486837845713
-608.1940613196986
-609.2704730014566
-610.1654510224419
-611.084684813835
-612.1395372916168
-613.003183246138
-613.8484546910437
-614.8293846117299
-615.6303480985963
-616.4495993039741
-617.4600344697826
-618.2736045242455
-619.1314700907683
-619.9872675160045
-620.9131863960171
-622.0160837352722
-616.6371947472526
-617.3941271628564
-618.5997322237912
-619.4488289510891
-620.2932614724863
-621.1132241268577
-621.8894279941284
-622.9457069941277
-623.7670923279456
-624.6690134181919
-625.7658946098086
-626.6793583164621
-627.6616586708136
-628.6348737265391
-629.5270553921213
-630.5589273800001
-631.4009154975679
-632.2355581127197
-633.067052535461
-633.9185407900816
-634.9837482251509
-635.8436092213187
-636.824113852247
-637.871949755756
-638.8493168418407
-639.9323765066207
-640.7990609467944
-641.5673184576027
-642.50772095833
-643.3701428292537
-644.2421618922599
-645.1266564767707
-646.228626040601
-647.212934015491
-648.2070512762441
-649.0512809552009
-650.0084091713329
-644.8677401936045
-645.7967255719
-646.6639992114657
-653.8071410129826
-654.706000012191
-655.6236463858802
-656.6336198579548
-651.1970211438884
-652.1164153651231
-653.2919600381637
-654.2013379946499
-655.1818940542165
-656.0920560826071
-657.0278549329927
-657.9776248637835
-658.9053001678162
-659.8055744531061
-660.7011162992308
-661.6222384465134
-662.5905289164187
-663.7341892425312
-664.6567121780104
-665.7162803685892
-666.6632342249649
-667.6414745022373
-668.5976554672538
-669.5214106285327
-670.4274007629751
-671.3285469402244
-672.263193126232
-673.23398086394
-674.2441071321771
-675.1906795336686
-676.1874673441022
-677.306695187814
-671.9094978859285
-672.8679135894157
-681.5673286362661
-674.7343950578677
-681.9538895673677
-682.9123913378189
-677.7503691647561
-678.8838027812184
-679.8678208566063
-680.9469639217408
-681.9040076074001
-682.8343197079038
-683.7841960194622
-684.6965559291765
-685.7005086520242
-686.6789234768264
-687.4864231532449
-688.5358287133392
-689.5979908111962
-690.6019390433165
-691.6082172966402
-692.6094727740699
-693.5515855136952
-694.527872571487
-695.4717632606554
-696.5102862591991
-697.5304090443822
-698.5883539830234
-699.6417582101769
-700.6604581733095
-701.633698074215
-702.6617597872523
-703.6478665607275
-704.6523095532264
-705.6218325152774
-706.658735870663
-707.6720302813376
-708.550261688244
-709.6003152246535
-710.6343961947211
-711.6807235162278
-712.6984609367362
-713.7293254895648
-714.7214901064508
-715.7936781302315
-710.5000779985875
-717.8280966405666
-718.8362347981167
-719.6807209576749
-720.7687725786009
-715.5710406846599
-716.6161620995355
-717.6767449710177
-718.7473377784195
-719.7842170942547
-720.7954966245485
-721.8121777601569
-722.6457550242974
-723.672078528638
-724.7765831124034
-725.8657891835486
-726.9815774057262
-728.0483477549544
-729.0950353356086
-729.9304518412935
-730.9442272074825
-731.9436346187081
-732.9774879417367
-734.0574609024065
-734.910248222113
-736.0360145459663
-731.0247665072774
-732.0130855657228
-733.161897612276
-734.1147715488341
-735.1434918769602
-736.0464779588676
-736.9501769094506
-738.0556179686383
-739.1792001683593
-740.3689088294549
-741.2690103766516
-742.3690590694326
-743.4551316156795
-744.4722004601819
-745.4885180584312
-746.3164411127036
-747.3738703710632
-748.5327903592918
-749.48467576388
-750.7561241811396
-751.935695239604
-752.8396779840517
-754.0091412144799
-754.7006531579498
-755.9209740117807
-756.7980883062019
-751.6154711240913
-752.8401728016136
-753.8064801630494
-754.9605123343803
-756.0750206556218
-756.9237231285257
-757.9348360925452
-758.9772773631379
-759.8470986603683
-760.9447946934297
-762.0956903484108
-763.2896843569822
-764.5298886061726
-765.4539724584986
-766.6046449397386
-767.6852481647318
-768.5154472990997
-769.5308652355503
-770.6765895387648
-771.4968781497957
-772.6702651069542
-773.89254891292
-774.8625236843485
-776.0294242133746
-777.0981563754588
-777.9200628173979
-778.947077413551
-780.2134467639861
-781.2986409787768
-782.5276514805745
-777.1112367293503
-778.3399561120887
-779.5158939780749
-779.9897045179713
-781.4814628959821
-782.596444402333
-783.457285270729
-784.5227298614946
-785.758865718399
-786.7450976183661
-787.7288541832277
-788.9363416075055
-790.1015743515316
-790.9737181432349
-792.0889298686906
-793.2905361525542
-794.1881960963051
-795.3110517104527
-796.4674100050469
-797.4755945967551
-798.7079162103264
-799.8782396339898
-800.7801602544711
-801.9375059454964
-803.0873259994997
-803.9865527824844
-805.1177123533352
-806.3691443401292
-807.2828715105684
-808.2714186463654
-809.6175913081779
-810.648669721209
-811.5557522531872
-812.7002097551905
-813.86041627135
-814.804037084695
-815.7713932917535
-815.453630965125
-811.9572792132151
-812.9377934403708
-814.1709066441338
-815.2386255750669
-816.1660242153603
-817.1165984904591
-818.260005045961
-819.503533339238
-820.5514386056861
-821.7867219022571
-822.9982261856609
-823.9421333508944
-824.8861009154471
-826.0428794044166
-827.2184535794962
-828.1663512358324
-829.1157990527413
-830.4416519808925
-831.7294019379842
-832.6891260358875
-833.9019443551357
-835.0740001559946
-835.9906028315532
-836.9535996674692
-838.1533127111344
-839.4283650506533
-840.451968605276
-841.487221037564
-836.4944508187675
-837.7036889152907
-838.6481058251716
-839.5854825942397
-840.7837032375412
-842.0076073157684
-843.0291762045298
-844.0852158400943
-845.3960852677968
-846.6152019050129
-847.6066445914844
-848.5677794124709
-849.7599644149068
-850.9690822102478
-851.9481461946318
-852.9761114652832
-854.2947153400332
-855.5926739247493
-856.6073755993837
-857.5963487174824
-858.5698580798654
-859.7744320037548
-860.9811117470427
-862.0063941007326
-863.0464392710794
-864.3779415771745
-859.369869231126
-860.3984144735596
-861.4002919180407
-862.3720408416525
-863.5991967885358
-864.856221020386
-865.8752489745627
-866.9166908337913
-868.2425530979706
-869.576234806623
-870.6036461733784
-871.6032997053517
-872.6187854327693
-873.8766383828905
-875.146291728822
-876.1704918879483
-877.2305880357709
-878.2980326818487
-879.6223449828714
-880.8919326473607
-881.9295635733373
-882.9511274884914
-883.9686735758033
-885.2307754510305
-886.567133291858
-887.6510659308501
-888.7295402176799
-889.7850291630368
-891.0998951120978
-892.378085800131
-893.3968494324089
-888.1481790272121
-889.2063491241479
-890.2809822024734
-891.6251393914888
-892.9756765309176
-894.0434617944617
-895.0876474465392
-896.1132878599811
-897.4129220630535
-898.7312719444667
-899.7941596856732
-900.8699441855365
-901.9734970625094
-903.0652345711401
-904.3818939455693
-905.7122652736746
-906.7733394914408
-907.8340572102784
-908.8990065105858
-909.9709791856944
-911.331039104614
-912.7076582884179
-913.7904498524924
-914.8778857941677
-915.9462371919304
-917.010335931659
-912.0765375266265
-913.4496250800044
-920.8200796537158
-915.6358172887357
-916.7443331023493
-917.841612850187
-919.1865725816682
-920.5222386675254
-921.6048608072518
-922.6990793475529
-923.802574083924
-924.9086612309045
-926.0259728695065
-927.408612984781
-928.7966864395825
-929.8900494309677
-930.9996368315768
-932.0947495396273
-933.1841959519447
-934.2964618617016
-935.7055634812358
-937.1095454000387
-931.9309759622566
-933.0387762122307
-934.149966745375
-935.2388988818499
-936.3362446191921
-937.4571167573064
-938.8982957180076
-940.3258236174291
-941.4538621646318
-942.5665867870679
-943.7165946115846
-944.8347778595381
-945.9383625448685
-947.0380055276269
-948.4713114310742
-949.9173159474884
-951.0564606245962
-952.1909716440388
-953.315050789485
-954.4439671337931
-955.5709058178203
-956.691421536827
-957.8234374984858
-959.2693298724931
-960.7394711134174
-955.6202569335798
-956.7689419158895
-957.9033879773385
-959.0451718256655
-960.1714588574254
-961.3237718890769
-962.4782667374521
-963.6537739501795
-965.113715614658
-966.5704617835825
-967.7251086788364
-968.8706817741925
-969.9981834764225
-971.1566092345869
-972.3427723640293
-973.5371405507683
-974.7082119976155
-975.8732239630255
-977.0638465427008
-978.5284554583942
-979.9301352659486
-981.0701100599233
-982.2799871735247
-983.481339635955
-984.6632343740101
-985.8375621490891
-980.7625188251142
-981.9724870302152
-983.1281234758662
-984.2593115518875
-985.4447964040377
-986.9574401063277
-988.4731863148669
-989.6561863415342
-990.8848231201348
-992.0888714109839
-993.2436316907617
-994.3934524873398
-995.5847618904264
-996.8008319085624
-997.9918680791715
-999.1966850987616
-1000.435162058203
-1001.6704979790911
-1002.8517720789449
-1004.0308764640648
-1005.5268402942648
-1007.0437627781666
-1001.9623810905215
-1003.1653978668827
-1004.4202487341761
-1005.6645943666124
-1006.8528926648232
-1008.0329263456105
-1009.2533988796
-1010.482952817792
-1011.6943763986809
-1012.8965487277142
-1014.1500887737052
-1015.4250820109639
-1016.6629800480499
-1017.8421050980498
-1019.0462084007454
-1020.2880304425506
-1021.5099154422771
-1022.7408672376691
-1023.9557026855736
-1019.2995110601776
-1027.1269210499704
-1028.333480559129
-1023.2840865773305
-1024.5298038316132
-1025.7785116995497
-1026.9939149083277
-1028.263716134189
-1029.5487714141348
-1030.7902516401937
-1031.9983059215865
-1033.2628762774254
-1034.518718763511
-1035.771397455166
-1036.977023448891
-1038.2718435544339
-1039.570978832089
-1040.8428022571643
-1042.0509345063972
-1043.3054968286908
-1044.602401296966
-1045.8647714907756
-1047.0669276776207
-1048.3269949747569
-1049.6581053932985
-1050.9640588194702
-1052.2024890011808
-1047.1811013354436
-1048.4785798339424
-1049.7476314251091
-1050.9795402053778
-1052.2499352603381
-1053.579943021563
-1054.8826438522524
-1056.140163358539
-1057.4338901205467
-1058.711489424058
-1059.9720673208008
-1061.2250389785052
-1062.530690097348
-1063.8722265544707
-1065.1800167308736
-1066.4532492017308
-1067.7412098433363
-1069.0712133869483
-1070.325256146019
-1071.579846965871
-1072.8805172416023
-1067.9444712648042
-1069.2696678172915
-1070.5720006935967
-1071.8645932608895
-1073.194417739199
-1074.473736138843
-1075.7655948540023
-1077.073574349655
-1078.3955139878572
-1079.726304661722
-1081.0535446099896
-1082.383667284204
-1083.6916848581063
-1084.9791227901794
-1086.3051841178144
-1087.6489417037428
-1088.9591826920132
-1090.2764176423093
-1091.6355848568114
-1092.9880425760368
-1094.2782578967165
-1095.5876228052102
-1096.9423507391637
-1092.0079007659615
-1093.340549981267
-1094.677761277023
-1096.0437567288254
-1097.3740533607433
-1098.668697331656
-1100.0003023194931
-1101.0188411185602
-1102.0422267212423
-1103.3816378422468
-1104.7325074913385
-1106.121003875063
-1107.4916423139298
-1108.8083014616432
-1110.1153198274717
-1111.491925775105
-1112.8681283380074
-1107.9285928285956
-1115.5671162102406
-1110.701206202866
-1112.0716298754382
-1113.3974868057255
-1114.726934826302
-1116.1079268022984
-1117.4750468584136
-1118.8338970784762
-1120.227065633676
-1121.619407625793
-1122.9968814275587
-1124.0137975694136
-1125.0172971273341
-1126.407972927911
-1127.7899858788548
-1129.1633989235495
-1130.5586915645065
-1131.9744813065588
-1133.35629595915
-1128.4035737351874
-1129.768300055724
-1131.1928306408654
-1132.5754872188245
-1133.9719896774866
-1135.3991000990693
-1136.8250733260359
-1138.1896942112824
-1139.2213826703605
-1140.2399690069878
-1141.6534710878318
-1143.0604511590595
-1144.477349549714
-1145.8948798071488
-1147.3265579333527
-1148.7157093479286
-1150.0812597426204
-1151.4775413658344
-1152.9176715707438
-1154.349047516887
-1155.778931434356
-1150.4848013583703
-1151.6405305782016
-1153.048455293302
-1154.4120033005424
-1155.8026018136143
-1157.2596473448834
-1158.732380495214
-1160.1366373416558
-1161.5611899185608
-1163.0191620871383
-1164.44997438278
-1165.5108257103411
-1166.545377789697
-1168.0050307643926
-1169.4626765757253
-1170.93075385947
-1172.346042134159
-1173.7738090210626
-1175.152209709442
-1176.6118723434056
-1171.7846521168058
-1172.8636804799482
-1173.9616477431925
-1175.4529083870416
-1176.9149132637035
-1178.3561884566916
-1179.7945898775704
-1181.2480551734436
-1182.6683773585594
-1184.1945383312777
-1185.63135863993
-1186.7390465756393
-1187.8235781836804
-1189.3002938336658
-1190.7067871871
-1192.1926016483012
-1193.6745582906817
-1188.8616851559111
-1190.3532940323546
-1191.8436062372232
-1192.9292490167447
-1194.0040532878375
-1195.4897309008625
-1196.958702160313
-1198.4709531706026
-1199.9791142036422
-1201.4260035540358
-1202.8917423980624
-1204.0257261462689
-1205.1311444977446
-1206.60517410509
-1208.095137634629
-1209.6158216053536
-1211.1290153839145
-1206.3376979948055
-1207.7954481245492
-1208.9106193009939
-1210.035547868519
-1211.534683083444
-1213.09380439276
-1214.5541964369665
-1216.0516700810797
-1217.568330834227
-1218.6726183344601
-1219.8298222335304
-1221.310131936521
-1222.820837669169
-1224.3670741825522
-1225.9064182204136
-1227.4133968508404
-1228.915939136794
-1230.0098284299927
-1231.164143877943
-1232.690205890191
-1227.9553167897996
-1229.506835916514
-1231.0418412664194
-1232.1967427841792
-1233.2427398044672
-1234.8038960091033
-1236.3496659537816
-1237.8856516999967
-1239.4461203361154
-1241.0573721114488
-1242.1876940365523
-1243.3610736090322
-1244.8102706285838
-1246.335585568672
-1247.9099256926577
-1249.4906379436277
-1250.659509419701
-1251.8126442243324
-1253.3698309927408
-1248.62945265239
-1250.1556467625692
-1251.6877908152476
-1253.2373984738113
-1254.4930679577
-1255.6688695965875
-1257.22646782697
-1258.7612014326123
-1260.301108328441
-1261.8670209677941
-1263.0241456232134
-1264.2283001797405
-1265.8129774537042
-1267.3980197914575
-1262.6896926623026
-1264.2448752730509
-1271.7147078472244
-1266.584543918733
-1268.1767971906718
-1269.7790070748927
-1271.379800515134
-1272.5703671884526
-1273.746462865869
-1275.3181764163478
-1276.9189344117303
-1278.5127392205068
-1280.1136773231037
-1281.3091720986663
-1282.5323902772593
-1284.1232453749974
-1285.681566866031
-1287.2697620126835
-1288.4834238032636
-1283.4314865683102
-1285.0494289417811
-1286.657854974853
-1288.2431064064313
-1289.4524713926276
-1290.6510658050324
-1292.2593541192532
-1293.8833521383362
-1295.5130817368702
-1297.143061511751
-1298.351860630177
-1299.5522264169072
-1301.1551296700457
-1302.7824951798755
-1304.4265092280984
-1305.666643728333
-1306.8991687036582
-1308.505694491994
-1310.11482712012
-1305.4714523977268
-1306.7039127086255
-1307.9392448350704
-1309.5899816333983
-1311.2548307722004
-1312.888905679535
-1314.1075006494216
-1315.327608222553
-1316.9547135571527
-1318.6066794377437
-1319.8670755532703
-1321.128901055084
-1322.7876437118066
-1324.3921093431109
-1326.0526375311981
-1327.2924313069666
-1328.5865740071115
-1330.2263883458327
-1325.6012442870644
-1333.5473461110996
-1328.5173023540433
-1336.0658201489666
-1331.449343187248
-1333.1029265302557
-1334.3349784607776
-1335.6341124392509
-1337.3260325941278
-1338.9804260084966
-1340.6195050010738
-1341.894478062605
-1343.1716769587442
-1344.9041682070633
-1346.5842318884513
-1347.819346532472
-1349.0890136924259
-1350.7801025549263
-1346.1695055159355
-1347.840135276756
-1349.1217389318049
-1350.4398688852336
-1352.1645863812703
-1353.82772512147
-1355.1037185819118
-1356.344749350188
-1358.0867718613133
-1359.8031066895971
-1361.076454791366
-1362.3484244488798
-1364.0634032407263
-1365.7781159753579
-1367.070091597132
-1368.3645788689132
-1370.08822577362
-1365.5148312905221
-1367.2481604497962
-1368.528060696594
-1369.8235810389442
-1371.5221260176083
-1373.2508264184241
-1374.5334452836723
-1375.888189489062
-1377.642439516816
-1379.3432062352015
-1380.6298440053383
-1381.9390976848363
-1383.7285173104447
-1385.43517596635
-1386.7327043243874
-1381.7716885652153
-1383.54631720658
-1385.2735463315812
-1386.5717137181941
-1387.851621847084
-1389.637669534918
-1391.4457281110429
-1392.748749948588
-1394.0267751582041
-1395.7519314646686
-1397.0783464997714
-1398.42694083593
-1400.2121908211268
-1401.9574428649391
-1403.2928923174602
-1404.6045167082175
-1406.377654825165
-1401.8478548265227
-1403.1867508925225
-1404.525120079678
-1406.3475858771046
-1408.1258893003842
-1409.4403685558939
-1410.7430107126659
-1412.5281265844224
-1413.906722800303
-1415.2729213529035
-1417.0651593354623
-1418.78277957323
-1420.1521991064121
-1421.4921147283633
-1417.0254759603135
-1418.8543685911372
-1420.174584998266
-1421.539547769212
-1423.3292403935466
-1424.6833061267487
-1426.003443995938
-1427.7669370187887
-1429.6068669347135
-1430.991136579513
-1432.3669302778628
-1434.1619294482778
-1435.4967199107348
-1430.615345567874
-1432.4548226622096
-1434.2626155909588
-1435.5944709715977
-1436.986108558408
-1438.8397256980818
-1440.152679895938
-1441.574005379018
-1443.3625891248741
-1445.0869918084447
-1446.6244036354522
-1447.9411039450663
-1443.4827087225312
-1444.8575935795504
-1446.249390303839
-1448.1044647603032
-1449.9715091113048
-1451.3315933431336
-1452.6875376755822
-1454.5517073268163
-1455.8692553576245
-1457.3216631931596
-1459.142680124098
-1460.546542974338
-1461.943969448232
-1463.8030939379353
-1465.647769375788
-1467.093219383469
-1462.1455113417228
-1464.0431202887044
-1465.4695636578704
-1466.869351166166
-1468.7071373695649
-1470.049707700476
-1471.4806479788303
-1473.3795452951974
-1474.874537771571
-1476.207961231154
-1478.0823282875576
-1479.917287668834
-1481.3270278642563
-1482.7400811087757
-1484.6162827946978
-1479.7854132746793
-1481.190558765636
-1483.0799210614355
-1484.4547295295745
-1485.8598947313162
-1487.7538940127163
-1489.1998511393047
-1490.6306819880203
-1492.492979346903
-1493.9442226294784
-1495.2477515983
-1497.2357025170888
-1498.7055909580677
-1500.150414833455
-1495.7856497446908
-1497.7167855807725
-1499.1490515028136
-1500.6512655056574
-1502.5311276740256
-1503.9594748995864
-1505.381062745969
-1507.2006386461524
-1508.6750265099322
-1510.0944059953104
-1512.0999849766747
-1513.5487888467376
-1514.982761292136
-1516.8409142064918
-1518.399728622074
-1513.5535017195052
-1515.4550854282804
-1516.9057094841237
-1518.2484831851593
-1520.2040916718029
-1521.8550755186898
-1523.2099493900025
-1525.1193293509334
-1526.5893010882576
-1528.0193478881722
-1530.0061666734696
-1531.4975655054172
-1532.9449997652825
-1528.1357290554865
-1529.6223770314582
-1531.5955153894654
-1533.0969692551764
-1534.4732193271477
-1536.4424923133022
-1537.951705619957
-1539.4276735140759
-1541.3344053887838
-1542.839597726289
-1544.3373729430186
-1546.3374315388326
-1547.8123258247788
-1549.2896985136338
-1551.2005822014935
-1552.7239162706483
-1554.1965377492565
-1556.241431546922
-1557.772190472456
-1559.2136621342195
-1554.8577075986277
-1556.365224927087
-1557.852441286133
-1559.3861698264902
-1560.9323901072294
-1562.8892780309716
-1564.3477180077832
-1565.830878156678
-1567.901312330171
-1569.4043826986426
-1570.8998725425797
-1572.8573750579246
-1574.3573937812373
-1575.9025365660245
-1577.4003898608548
-1578.8208065888107
-1574.6275343913962
-1576.1423403495917
-1577.6576630675856
-1579.7333590200328
-1581.2617581481857
-1582.7458316628304
-1584.7334886819235
-1586.2750028965554
-1587.823084450778
-1589.3502978797726
-1590.844209018874
-1586.6068120784205
-1588.0924900508064
-1589.6763201984556
-1591.7287547656579
-1593.2496639743295
-1594.742523008266
-1596.2788529447498
-1597.8112339249374
-1599.8711232321398
-1601.413291669283
-1602.9546774823166
-1604.9846158702412
-1606.524598404804
-1608.0679237916897
-1603.3412736040202
-1604.907953035476
-1606.952504976885
-1608.4935181851952
-1610.0306825395442
-1611.586567559551
-1613.1408645689282
-1615.2209544599873
-1616.759326632298
-1618.3018221552297
-1620.3583414947543
-1621.9259657813586
-1623.5057326207523
-1618.788178034499
-1620.3522599314763
-1622.396489453536
-1623.9608944974616
-1625.5310814263407
-1627.105441578361
-1628.6760404512813
-1630.7514604733035
-1632.321765486118
-1633.8832486477074
-1635.4534390846056
-1637.032533300119
-1639.143443219515
-1640.7163811890234
-1642.294117193573
-1637.5408326963086
-1639.1700477498548
-1641.2763108147683
-1642.8741036925915
-1644.4950189930773
-1646.0545953227156
-1647.6433430645343
-1649.7198482291842
-1651.3323068495108
-1652.939036191261
-1654.5515424533367
-1656.1417974995154
-1651.9311245084257
-1653.5486961934548
-1655.1524235417417
-1656.7853662775449
-1658.3920379979422
-1660.4999039521822
-1662.0928393397382
-1663.6696118888858
-1665.3248899305017
-1666.9597180641038
-1669.088408338466
-1670.6863078923316
-1672.3201177191454
-1673.8985986680916
-1669.2677682345204
-1670.8506329429842
-1672.4990167911806
-1674.6593020526668
-1676.2454239457227
-1677.928371148159
-1679.498928936031
-1681.1404544235227
-1683.304280789808
-1684.936285077719
-1686.5722442690324
-1688.1728140056393
-1689.845151649527
-1691.4673792750561
-1686.8178990890024
-1689.003288876349
-1690.630277872351
-1692.327132016702
-1693.9537743804683
-1695.5926255072416
-1697.263795780154
-1698.9435197540743
-1701.1145775856492
-1702.9166810534298
-1704.341636217075
-1705.9583584587901
-1707.6890414282252
-1709.34523969269
-1704.7302330188575
-1706.9212969715202
-1708.548596132664
-1710.18717356605
-1711.8861228284882
-1713.5727848223185
-1715.23522317314
-1716.88323146354
-1719.086222245753
-1720.7690495021345
-1722.4587964575512
-1724.1414895283776
-1719.521741985972
-1721.2646462538455
-1722.9065001214105
-1725.1338611653532
-1726.800260198767
-1728.4768627084816
-1730.1254467759386
-1731.8969798668325
-1733.5503039145392
-1735.2486405771972
-1736.9562183624626
-1738.5747328986272
-1734.6134913688788
-1736.2902874978508
-1737.9555196657666
-1739.5952549803837
-1741.3409012656482
-1743.0819475438016
-1744.8053930408373
-1746.4140024863475
-1748.1601827685963
-1749.8917617211334
-1749.7666962232895
-1752.4386020185157
-1749.360693441654
-1751.0098426541426
-1752.7854984779717
-1754.491557539419
-1756.2006189175677
-1758.0107377793177
-1759.5523280157513
-1761.3337643919945
-1763.0804850966686
-1765.3645553900822
-1767.219088313667
-1762.5886523411614
-1764.3067317099508
-1766.0202955979198
-1767.7569565582926
-1769.5006415333307
-1771.2374238972338
-1772.825218216627
-1774.7132985453134
-1776.448452758094
-1778.1332606211085
-1780.381377670568
-1782.3062218587884
-1784.0458042766033
-1779.512016747221
-1781.088453768403
-1782.9689743071797
-1784.7723875659901
-1786.5470461676884
-1788.2687695073591
-1789.9355500008
-1791.7677011825244
-1793.567826053452
-1793.847431526561
-1797.1287938758328
-1798.8598764751016
-1800.6448569621782
-1802.4131165723772
-1798.511842517435
-1800.3197499761907
-1802.026434981989
-1803.61991283201
-1805.644053475203
-1807.4098097958129
-1809.1645406821658
-1811.0271010365093
-1812.7754594560768
-1814.9718843660892
-1816.3752310217037
-1811.9199491107754
-1813.7873982023311
-1815.4455796148309
-1817.2458501048498
-1819.0293155662366
-1820.8251561478517
-1822.6755601182713
-1824.4724657460793
-1826.255438208763
-1828.0190546770957
-1829.8739306014095
-1831.638224626721
-1833.4893167482621
-1835.3153853210463
-1831.422674584802
-1833.3012041315578
-1835.104209685534
-1836.9232286057606
-1838.7537191636377
-1840.5217501019388
-1842.3578435097193
-1839.6224446605268
-1839.7866590381386
-1841.6139981177434
-1843.422292880118
-1845.2510331409412
-1847.055930776585
-1848.8894792510723
-1850.78560209687
-1852.6131737425408
-1854.469550019535
-1856.344809390562
-1858.0726216078763
-1854.331202714962
-1855.5438492813582
-1857.418943452051
-1859.2621597886791
-1861.1057478994608
-1862.9235420388422
-1864.7390984451793
-1866.6223402905086
-1868.6033652854264
-1864.1135616325803
-1867.346392325191
-1874.7941762349924
-1869.6300627843314
-1871.750492746083
-1873.3383706369145
-1875.2514444506955
-1877.1742656833326
-1879.2177458815017
-1880.8708373650284
-1882.6589947594568
-1879.6917664159237
-1880.4517903020374
-1882.1164190713948
-1883.8706277458912
-1885.71825205184
-1887.60658931517
-1889.5989638561807
-1891.735289704545
-1893.2762783224152
-1895.1648681035808
-1897.099573852125
-1898.3380304468699
-1894.1173403366165
-1896.8699552444039
-1897.6737589233985
-1899.6570387709528
-1901.7357583604055
-1903.2998802805243
-1905.1985548958612
-1907.202027674586
-1909.2485867922733
-1910.9823977086157
-1912.8027076335684
-1908.3727528606878
-1910.4293744241193
-1912.24470498335
-1914.1232436663286
-1916.6488800107213
-1917.9437608929397
-1919.8495410457922
-1921.7778987877011
-1923.6049722370708
-1919.2652167617787
-1921.2108404656515
-1923.1247858580693
-1924.9922812449524
-1926.2610331544183
-1928.1609797673188
-1930.1063372920698
-1932.1004632582099
-1933.9594160875579
-1935.8261185530002
-1937.687834612611
-1939.503337494603
-1941.5540510803241
-1937.2492638283845
-1939.1890114523837
-1940.8365942497392
-1942.9112923183577
-1944.9334118176087
-1946.9095325312278
-1948.350388351688
-1949.7706036549214
-1951.8967072432997
-1953.9168154950214
-1955.923887767845
-1957.9637198698188
-1953.420798762814
-1955.4672688148803
-1957.0224105769794
-1959.0566261400734
-1961.1778647680642
-1962.9123687040199
-1965.2247739589054
-1966.5265645380423
-1968.5505050473341
-1970.2586115862664
-1972.3264616194763
-1967.6284493300318
-1969.7061505599925
-1971.8516959212866
-1973.642796914483
-1975.9133220954413
-1977.8086562503509
-1979.63426740268
-1981.219557153882
-1983.0312786653892
-1985.0762823178497
-1986.6323660793573
-1988.8495166632695
-1984.7406565782053
-1986.6613869783848
-1988.6016000995824
-1990.4287243736708
-1992.652138538571
-1994.5674044934856
-1995.8857722112696
-1997.9238841793426
-1999.6349153869362
-2001.7949027340449
-1997.542179499709
-1999.6715643136836
-2001.3066632646771
-2003.4470868445983
-2005.5321263439869
-2006.851505475721
-2008.8747755374227
-2010.613399667508
-2012.7722661981898
-2014.8398272301479
-2016.829631651859
-2018.756098168725
-2014.6139200124003
-2016.5805976050297
-2017.91696756334
-2019.9400596188748
-2021.9639280275992
-2023.919232297679
-2025.9636883244684
-2028.0259496382387
-2030.0584752160341
-2031.3764764928553
-2033.3426880426598
-2029.0685298282333
-2031.0827816226042
-2033.1383755168786
-2035.2058889909972
-2037.2422274430749
-2039.279005044646
-2041.2673997720296
-2042.6109359984532
-2044.6118103562173
-2046.613983048363
-2048.6234229708302
-2044.3990913038365
-2046.4754151703223
-2048.534682142416
-2049.8844702957667
-2051.9125455792314
-2053.907864300317
-2055.8989774411243
-2057.96426496555
-2059.300231806041
-2061.3916611917894
-2057.1602099139586
-2059.2463004254523
-2061.3047557269306
-2063.331060107913
-2065.3684674536044
-2066.6998097861433
-2068.721336107827
-2070.78556471623
-2072.760271587747
-2074.9853712708205
-2070.754900009467
-2072.8075882590647
-2074.161423810557
-2076.2445978657365
-2078.3084368785403
-2080.365463264717
-2082.457239719463
-2083.821740428005
-2085.881093287971
-2088.0286849070076
-2090.094424153595
-2092.154833392829
-2087.8982037707774
-2090.0094566277276
-2091.4192919628226
-2093.5090468858266
-2095.6066537557667
-2097.690480790138
-2099.7543937867185
-2101.27060588556
-2103.2258293635214
-2105.340952179959
-2107.4856801081623
-2109.588495840102
-2104.7545392928682
-2106.7912742627464
-2108.8748634825292
-2110.932527404127
-2112.988359626313
-2114.446558267219
-2116.5801793601254
-2118.7625902175378
-2120.9047555698667
-2116.6892762295006
-2118.7877666715294
-2120.873906528148
-2122.268560353763
-2124.359802818673
-2126.469924786396
-2128.595740182527
-2130.4579807946875
-2132.2125784385794
-2128.064550033782
-2130.2201482304345
-2138.606073392948
-2134.424632913606
-2135.850675474446
-2137.985869544522
-2140.1199831316944
-2141.488141270003
-2143.65081972711
-2145.874187393238
-2148.044615678378
-2150.142143638287
-2145.318471981938
-2147.4718610637583
-2149.6206734081593
-2151.7544689714955
-2153.9091876794328
-2155.3162006609555
-2157.4538129838925
-2159.640814253684
-2155.498609963309
-2157.719482966885
-2159.1799411491916
-2161.309584146425
-2163.443703936037
-2165.473743543052
-2167.7687016760187
-2169.2215220061594
-2171.3990803405572
-2173.5769817254422
-2175.0412955850857
-2177.8854115895742
-2173.191894504093
-2175.346588473186
-2177.4903238376446
-2178.937282718285
-2181.1192710449513
-2183.265595421938
-2185.4521564627976
-2187.7044582773324
-2189.1829380053177
-2191.427282729471
-2187.336669297096
-2188.810308421429
-2197.196455985425
-2193.137494586148
-2195.3140123539893
-2197.5154379275036
-2198.995953799564
-2201.2115155845863
-2203.434561629209
-2204.9371169919177
-2207.255213884698
-2203.1534914026543
-2205.3265515523126
-2207.5211721744536
-2208.9662313370354
-2211.1573589893187
-2213.3711765165617
-2214.8811733761017
-2217.1383724895345
-2219.4215222548264
-2215.4143244998722
-2217.6117322246255
-2219.094758871953
-2221.27839849485
-2223.4666347902926
-2224.9575638127867
-2226.0628682639326
-2229.4639683156724
-2225.4894076877235
-2227.757946825803
-2229.2915918336266
-2231.5416993800727
-2233.735766011541
-2235.20366485023
-2237.3920977922544
-2239.6442094865415
-2241.1142560873295
-2237.128295627583
-2245.75841335467
-2241.788773471943
-2244.034945466185
-2245.5151481779008
-2247.729650207014
-2249.94433347799
-2251.4408993492852
-2253.6830814004566
-2256.0262755932854
-2257.5645935767707
-2253.6490360188554
-2255.950498811379
-2257.455795546707
-2259.7019864585945
-2261.9031666276046
-2264.0984456379156
-2266.435334696443
-2267.9969370411477
-2270.3470247198024
-2266.399396371446
-2267.9622842261783
-2270.298779901951
-2272.5743527765867
-2273.9986333576944
-2276.2657015431123
-2278.5118793856927
-2280.0521995822146
-2282.3794918084877
-2278.483696338356
-2286.3503213910853
-2282.4023491706444
-2284.7028106522116
-2286.9568730837927
-2289.2255202050474
-2290.731195116059
-2293.009367167454
-2295.37776617493
-2296.94716778952
-2299.3457726172023
-2295.4062591808643
-2296.982105823633
-2299.3168086462356
-2301.6160265946505
-2303.129550088474
-2305.4370878245372
-2307.7500041615544
-2309.285209695279
-2305.3276900293426
-2307.685917587817
-2309.260650575088
-2311.627047632499
-2313.968668750192
-2315.5228888851157
-2317.8692475536523
-2320.248696751218
-2321.834481881136
-2317.8988555402243
-2320.282963448298
-2321.8056579255085
-2323.666111711107
-2326.5173088531315
-2327.9714308997754
-2330.3804296196145
-2332.7636726368037
-2334.349979879451
-2336.7258215859297
-2339.1122452128598
-2334.4548378436266
-2336.8710697709353
-2339.233085805726
-2340.794868903747
-2343.145262283515
-2345.508189273977
-2347.1197682287784
-2349.425055587236
-2345.554490238856
-2347.155266400436
-2355.805358716097
-2351.9970699365763
-2353.534049717781
-2355.915601512237
-2358.3375540948145
-2359.9393537640653
-2362.3512460013985
-2358.486930365963
-2366.374727902943
-2362.504019413919
-2364.891434199799
-2366.5070789289402
-2368.897272742279
-2371.2638228380692
-2372.8829630096166
-2375.260121646962
-2377.6731935353664
-2379.27837464887
-2375.430597174837
-2377.8884163364482
-2379.5200098726746
-2381.9813054501024
-2384.3908398965095
-2385.9992512776093
-2388.4505151296207
-2390.8674946423557
-2386.1803473747077
-2394.106434900522
-2396.5121912214786
-2392.639275591629
-2394.252105490494
-2396.708324026147
-2399.156712830981
-2400.7778960698556
-2396.9269041141174
-2405.686380533595
-2407.3429446629493
-2403.5213319250433
-2405.979585314767
-2407.633165811043
-2410.116927319959
-2412.5044576705786
-2414.1351465742823
-2416.627162306979
-2419.069859985277
-2414.4331130101564
-2416.0542483864
-2424.7644556245373
-2420.938841851878
-2422.5988760767714
-2425.0818079436144
-2427.5730065559897
-2429.190544829901
-2425.4093209405746
-2427.926775460525
-2435.8876589569745
-2432.0645325667488
-2434.5360909301844
-2436.180204804282
-2437.8746204438676
-2440.388126377927
-2442.859213258464
-2444.5378397227955
-2447.018410584757
-2443.189243907843
-2444.835874367245
-2447.343276241661
-2449.839373611509
-2451.4804918042228
-2453.1590091616126
-2455.7087437853806
-2458.2247803307073
-2459.8630232527053
-2456.169587482796
-2458.666479589246
-2460.356069688341
-2462.8668176519677
-2465.375733424844
-2467.0606286211205
-2468.7505969100052
-2465.0141166846756
-2467.539176080592
-2475.5185962210912
-2471.7657055980344
-2474.407729550028
-2476.0011619180978
-2478.530406544922
-2481.0035792148205
-2476.404058739872
-2484.374276130887
-2486.9759529971607
-2483.094218229883
-2484.795641807484
-2493.6818851915154
-2489.928123719967
-2491.59359985129
-2493.3235338610734
-2496.0645864942558
-2492.2766138110214
-2494.020841064441
-2496.6205436004525
-2499.163035346524
-2500.8517966556437
-2502.5539724355003
-2505.0785148331734
-2507.5829967633226
-2503.0036404330463
-2505.539198413138
-2508.0777608581297
-2509.7773710990327
-2511.4993240512695
-2514.0826964524235
-2516.667784546843
-2518.397669708666
-2514.735922254612
-2517.313530605346
-2525.3333059681377
-2520.77240603832
-2523.4072994635726
-2525.966540077966
-2527.6971492351804
-2530.2938565801815
-2526.603541501661
-2528.2936186759885
-2536.289870218442
-2532.6166964647678
-2535.200648857422
-2536.9180982614125
-2539.9084195841483
-2542.1213802412026
-2537.5687381795315
-2545.7855224991686
-2542.221314277718
-2546.2722378856765
-2546.441564319676
-2548.214732723686
-2550.7362857722587
-2553.352019094474
-2555.287754932595
-2558.014778258941
-2554.0763622737522
-2555.8268515983104
-2563.9910133935455
-2560.4216331713733
-2562.753575710948
-2564.4620066897855
-2566.438356579715
-2569.200871462985
-2567.7144478207006
-2569.41501568659
-2576.2255635880133
-2572.21995611356
-2574.0064405637913
-2575.9324527145895
-2578.433118516394
-2581.1223890431615
-2576.592491152004
-2584.6269989119164
-2587.2627824876677
-2585.1626608831825
-2585.345040614107
-2587.0963049834772
-2589.697367438531
-2592.325350024047
-2594.094619456249
-2596.8242964170277
-2593.078512189025
-2594.8354257848655
-2602.9404239365826
-2599.330341995425
-2601.9303398116476
-2603.687317263562
-2605.4033018716177
-2608.0334126791117
-2604.2164216029837
-2606.166987859981
-2614.1612214378106
-2610.513384289029
-2613.127004171968
-2614.795412855326
-2616.5147185477967
-2619.1456709840872
-2614.563521575147
-2623.4474533440984
