0.8644688016296651
-1.0345941128390785
-2.4895890174303443
-0.22684568596065458
-0.35791334838419403
-1.0364743628081363
-1.1735635528976158
-1.3039323474900075
-1.398689991009212
-1.4498923078860175
-1.497195581308792
-0.8157992080807401
-0.9240653219272656
-0.9529983547213076
-1.0012350898354896
-1.089167375216788
-1.1733399768902595
-1.1763095758227735
-1.747504831353671
-1.7965468518643883
-1.8258119905001717
-1.8165570009645644
-1.8061969387592507
-1.8231085333461459
-1.4765068840304445
-1.518034549373064
-1.558768382961986
-1.5862981983451099
-1.6169757458872347
-1.6675441625012886
-1.9521359355700627
-1.9695429749038802
-1.9834167547001382
-1.9868110789360507
-1.9869482857731793
-1.9952270277370598
-2.019780324025338
-1.8900349479574057
-1.9240704885858717
-1.9433357111757628
-1.9586323881320196
-1.984839517042671
-2.0212231024427867
-2.1551037496055523
-2.1632160181533684
-2.1833562547304286
-2.2170332551341025
-2.2483465660536734
-2.2714032691892405
-2.2875488638845205
-2.239507243376338
-2.268033278326951
-2.2843451551110956
-2.2861940851130953
-2.31231514125266
-2.3576206907719244
-2.4464720015229995
-2.4518249843861284
-2.477398249378094
-2.5099325629057527
-2.5376666575969713
-2.5498054102682692
-2.569723638341033
-2.558875742851732
-2.6000958117685187
-2.629820236788329
-2.6482025343445352
-2.6832735593960004
-2.73381521961127
-2.802556942746103
-2.8072343930105323
-2.8234988162205297
-2.859018410918485
-2.9030574988613385
-2.9441739209420046
-2.9430735933210737
-2.97913871831763
-3.013040875466096
-3.0492360563149945
-3.0787125704616316
-3.0999376610939158
-3.126089963530537
-3.1913613879388145
-3.240652822705108
-3.279591394978892
-3.311566125242849
-3.3534284157814103
-3.393705089691386
-3.3963814616186654
-3.4322995426745875
-3.464219201219955
-3.4989449776408215
-3.5425856566875766
-3.594540640749226
-3.6337358037896066
-3.6893593491695884
-3.730302710576386
-3.7720933298194486
-3.812936077704384
-3.8567964119563687
-3.900458978854522
-3.9539266871737277
-4.003341642975976
-4.037575883678889
-4.069192077845604
-4.110106716200617
-4.160940669214858
-4.189469938095
-4.232619687746267
-4.274899058940163
-4.324729312207189
-4.375202036607012
-4.423255187657187
-4.464359907877623
-4.5272893288252565
-4.575850017597178
-4.631925864294352
-4.679036454587648
-4.726720531411296
-4.786406102707178
-4.829578791029231
-4.874849913954414
-4.9147869463923755
-4.964317859226409
-5.025206359703871
-5.084381919751861
-5.150803258289451
-5.214650485457553
-5.255605531911449
-5.302443622532039
-5.3623470016761825
-5.360154314347465
-5.411129889979777
-5.5116322805717965
-5.574667870672894
-5.6380727195135885
-5.6893963936886065
-5.743330985035577
-5.808240847789039
-5.870680704673053
-5.933921261851253
-5.926808891916306
-6.0429699523018074
-6.051845863918066
-6.115583462811873
-6.180863546966789
-6.285744182132042
-6.346158012936136
-6.423715857402854
-6.493446744456396
-6.552315876814751
-6.609645700037936
-6.6642636538686455
-6.734352799860522
-6.794239319899678
-6.857832066433282
-6.927920390074153
-6.9984209780918185
-7.0675207345696
-7.142803696642088
-7.201404631641135
-7.269924113144412
-7.341870979514106
-7.364444720769714
-7.428990000860495
-7.5388047304905985
-7.60886325104303
-7.678680365402773
-7.7543433753836215
-7.829219393255814
-7.89400137140255
-7.956641596646865
-7.993987235001979
-8.066754702836198
-8.13575693085327
-8.211551247779695
-8.288422612789484
-8.372115517853699
-8.38629520421334
-8.453174893805109
-8.527003435534494
-8.627337909426462
-8.800891180342008
-8.777542437162957
-8.840735668953432
-8.921218119841917
-9.006301322079707
-9.088790184866783
-9.164061158671272
-9.24611700308449
-9.334737167842244
-9.471314406471626
-9.546245952079303
-9.621432558268202
-9.712239024506959
-9.802904336363081
-9.884898640945135
-9.90639815042879
-9.993398318327465
-10.08395398425557
-10.167780804526025
-10.248061793882123
-10.335767258086591
-10.428483378608846
-10.56060730911025
-10.648898449132083
-10.736231322730061
-10.822959998209791
-10.909971265856921
-10.996151349548274
-11.015201473468139
-11.132762594849565
-11.221042116557
-11.31095028483767
-11.403408830831445
-11.492637557880213
-11.582709874706174
-11.677229969147868
-11.764028022670816
-11.853994099854122
-11.949344445443694
-12.043684944805372
-12.140036996641745
-12.27752821585527
-12.375399938781381
-12.466760229155211
-12.562104931648639
-12.656524703313897
-12.75729727126473
-12.852931905298515
-12.977297996584422
-13.07675218911209
-13.176357331797169
-13.277159905108684
-13.379783604071067
-13.484226113762881
-13.515310500054644
-13.64880633825281
-13.747976138406175
-13.852309005577881
-13.960400371466255
-14.05967932578764
-14.161690427291335
-14.263029362547135
-14.360783364067185
-14.468105943184671
-14.567007326361058
-14.672156969099518
-14.786093886764144
-14.921090162408438
-15.022333215734937
-15.123436450387773
-15.232878955885727
-15.341533430925503
-15.450444936847651
-15.55900526560483
-15.643915185110034
-15.754527908302684
-15.87259318928153
-15.980741256041087
-16.08199566263873
-16.193005342674333
-16.334994360074884
-16.448883865332622
-16.55202259893206
-16.662997832033767
-16.753902722857422
-16.86980920074857
-17.011252769428957
-17.120567021441524
-17.231590413396063
-17.35244630817645
-17.47035316811877
-17.579139513319667
-17.689475230352784
-17.786580446316243
-17.90429462561304
-18.02196165916445
-18.143651413993947
-18.26357840933651
-18.37959181051626
-18.499700147206333
-18.637787077963743
-18.759003966526695
-18.88459699511661
-19.004113860870827
-19.12481072382059
-19.24718218808826
-19.366498716567186
-19.485114248839476
-19.61038556479133
-19.73652661679406
-19.862503629753267
-19.98817844893585
-20.09544267428986
-20.222241009011938
-20.34575385100357
-20.469728373411538
-20.597031418362217
-20.73000423172762
-20.857650441683017
-20.990111041189408
-21.112557012251578
-21.24757915489213
-21.38420518656413
-21.509387307297935
-21.633691126564848
-21.766669202498317
-21.90573091122619
-22.04358155479743
-22.170115000299166
-22.296644977380033
-22.43167099347577
-22.560731560759674
-22.67754514939227
-22.810326045349175
-22.94166753376407
-23.079324126256743
-23.221600877757403
-23.36791174183596
-23.52000216783221
-23.654056235605093
-23.791247832708734
-23.93081113979404
-24.063976379129503
-24.19504256659968
-24.33097697951295
-24.47221672951532
-24.6163982416653
-24.75000966796842
-24.88737214152488
-25.034663093826172
-25.177722862737088
-25.306248895532203
-25.444582486326382
-25.58588474673394
-25.731230811406956
-25.881196069270583
-26.019367410020845
-26.15111467301252
-26.319421021832586
-26.475555319802933
-26.588454422732894
-26.751524250587554
-26.895878789326936
-27.016038807946487
-27.21387288835051
-27.358425354459047
-27.502148759243966
-27.65010960810329
-27.801675514600944
-27.95293242245855
-28.040265576182946
-28.226808794333582
-28.380322046618375
-28.536582087711395
-28.693002114551245
-28.840585650599238
-28.993876636928615
-29.153545275355345
-30.602415111459038
-29.455365468669548
-35.90998841079849
-36.04805997606243
-36.20902040615235
-36.36576706950485
-36.48786230475914
-36.64599492582609
-36.80001330684628
-36.94980843220763
-37.11350655210349
-37.27857034827152
-37.43649232471715
-37.62019854843389
-37.784243236248415
-37.94098964554153
-38.09481121072306
-38.259875389351976
-38.428937527033305
-38.5893344795022
-38.74456126608207
-38.904944677026826
-39.072619887283274
-39.23905872731686
-39.40355135192634
-39.571303896346656
-39.69433122319441
-39.90762390041281
-40.06943766938219
-40.24021172681647
-40.420509304771564
-40.58754071042112
-40.74885256026706
-40.91784521710159
-41.08085333187986
-41.248926344647735
-41.41992731301686
-41.58994492949859
-41.73716749115841
-41.905726883006274
-42.10054779473915
-42.2512071265097
-42.4241995902055
-42.59527137384459
-42.7810395801251
-42.96511108732116
-43.143413295111046
-43.31627532669742
-43.50262572881231
-43.66547842428993
-43.841434387637364
-44.04011278017018
-44.21664255568596
-44.39012895269357
-44.572286126375445
-44.754621800487264
-44.93303751718048
-45.11004220666848
-45.27001694621776
-45.452994042367045
-45.63660263913186
-45.81661858353031
-45.99862810289951
-46.18273261454965
-46.36973057412684
-46.543759624961666
-46.71999706119887
-46.91233004124005
-47.10441341631144
-47.29528961087715
-47.480226079470064
-47.682702942648945
-47.87246846031451
-48.05650120709821
-48.24532958156909
-48.4438551231056
-48.63780710235202
-48.83304601687376
-49.025099675185615
-49.21864035049501
-49.40776516954995
-49.59859932893799
-49.790006886587776
-49.98941436120429
-50.19031488722472
-50.370267248442715
-50.56044664042245
-50.76625500061197
-50.9738889135203
-51.155188285678605
-51.3444866716755
-51.52713012828102
-51.7286132097745
-51.94010496115298
-52.136821208089415
-52.32735331374298
-52.537642623506706
-52.74814514742037
-52.96522231874642
-53.16275861856764
-53.36416405543331
-53.567060118617135
-53.77739450838732
-53.993247315603085
-54.20125503551594
-54.398861811508425
-54.601377067622984
-54.81564045033938
-55.03366537499588
-55.25289717171953
-55.4624111970971
-55.65105206596162
-55.874499257266116
-56.08452767993888
-56.29659051406969
-56.51098995225364
-56.73412485548339
-56.963467035468405
-57.17446894623166
-57.40087236675154
-57.638888173946675
-57.87678108301089
-58.081636870585086
-58.297402451478
-58.542273647560336
-58.77644072049887
-59.00673247059411
-59.221852747776026
-59.46068659770606
-59.70871879114469
-59.954224603255035
-60.1778963460578
-60.40626300171729
-60.65072486178971
-60.89526966238971
-61.12535081026988
-61.36465177857727
-61.377052036939624
-61.84132833532603
-62.088174134138484
-62.329929462229266
-62.57840221654552
-62.83677012412997
-63.05819185722152
-63.33745530728039
-63.60151580114241
-63.841209238714576
-64.08296159707463
-64.38019037359479
-64.65314797867211
-64.89415715329531
-65.13018336589967
-65.398150193854
-65.68156027519572
-65.95467862201795
-66.20496924495545
-66.45784012270332
-66.71856069737849
-66.97702650412218
-67.23037168776982
-67.48691141044351
-67.73685284210352
-67.96742739742523
-68.22415941585815
-68.49645940582639
-68.76383477611486
-69.01821849859705
-69.26380969295026
-69.5127752964398
-69.76964340476259
-70.02416429032984
-70.27967179952766
-70.54349394668316
-70.79047289566654
-71.02345754483734
-71.27240507210634
-71.52523378920652
-71.78335465177148
-72.02796801821127
-72.27451569574139
-72.5267906630445
-72.77172667360263
-73.00320355589416
-73.2012860994716
-73.51256205999128
-73.76581713343764
-74.01140688995339
-74.26541136189743
-74.51716936025758
-74.76282572122211
-75.01956031519413
-75.27780309675563
-75.52997686282744
-75.77268459494547
-76.02250081243665
-76.27696535224072
-76.53831467647169
-76.79070822561184
-77.0396803697833
-77.29376996530014
-77.55349434122672
-77.80860579772333
-78.05765901352783
-78.3160640096966
-78.5846838816999
-78.85257182967734
-79.09292197092182
-79.34564708908381
-79.60745522058504
-79.87374952133375
-80.13773424282476
-80.38134895261763
-80.64574841533883
-80.91821227868525
-81.17149488542802
-81.41846099859008
-81.67810562599968
-81.94301304178651
-82.21878489628327
-82.46165007705834
-82.7360630729332
-83.00202145877394
-83.25072226236917
-83.51021966464636
-83.7549426696533
-84.00329549323868
-84.29688151004181
-84.57825503968914
-84.83063471652032
-85.08150587221799
-85.34645910477738
-85.61650963349865
-85.88816775429626
-86.15287831125563
-86.41083758147754
-86.68136108916771
-86.9570686868799
-87.23970263169095
-87.50681007912858
-87.7855018254627
-88.0625718984152
-88.34506312355113
-88.61874501259167
-88.89381275638252
-89.23179070472708
-89.46779371929028
-89.74705467089859
-90.04040550235658
-90.3290656866085
-90.6151225379066
-90.88880037252129
-91.16132657772575
-91.46327018042437
-91.76331690549262
-92.06152374449425
-92.36696913688772
-92.65525811630322
-92.9383728705295
-93.24479952803435
-93.55737652874512
-93.85073724542197
-94.14885186764965
-94.48757783364225
-94.81648828903903
-95.09601154971618
-95.39250979964703
-95.72315356880885
-96.044349266311
-96.36470299221406
-96.69517118367065
-97.09978583747048
-97.38417610078488
-97.66091899956191
-97.97888158037715
-98.31979779907256
-98.65168571686509
-98.98543145402844
-99.30285622030445
-99.6719873007986
-99.94559200451414
-100.35734389691264
-100.66406396977948
-100.9918105609287
-101.29678677067197
-101.64447925705353
-101.91920178666797
-102.22970593708214
-102.53373159467557
-102.86628228463475
-103.22538731321887
-103.53200782206802
-103.80036192315525
-104.10555370958784
-104.42888121977995
-104.74587417065547
-105.0544399476658
-105.33232126190276
-105.64289972808263
-105.96530269597098
-106.2544712053198
-106.55893915770574
-106.86691970500581
-107.15658999050129
-107.4700250671947
-107.78688841519686
-108.07702021071682
-108.39842898535292
-108.72787486514058
-109.0212816957039
-109.30791559474333
-109.61913886431138
-109.94473864760198
-110.244104191641
-110.5500473416992
-110.84658061449389
-111.1657419549204
-111.49826504881317
-111.7982215924273
-112.1310449328061
-112.40819185722923
-112.7177652900078
-113.04148709071053
-113.37686245937542
-113.69280534900304
-114.00631292533411
-114.31226492563552
-114.61863959194616
-114.9355227327329
-115.26247396710298
-115.57728590470442
-115.9063561384348
-116.25845659989935
-116.58991739335428
-116.91842269862288
-117.24847228019235
-117.5769293548031
-117.92374179870605
-118.27119864325029
-118.60729121717134
-119.03185093221497
-119.30301578982267
-119.6552883862178
-120.00687199086791
-120.36637631401058
-120.71241325832833
-121.02708096762944
-121.3828059968489
-121.77102263717742
-122.16115724840913
-122.52531696535347
-122.89622085812233
-123.28122131760554
-123.65084916572384
-124.02176112673098
-124.38305050681582
-124.73372876764944
-125.11935574787448
-125.48942327377999
-125.86660940077252
-126.25178322607121
-126.59947127543163
-126.9258428658319
-127.30315117897929
-127.69270217183055
-128.0751679132636
-128.41856022929542
-128.73928483145204
-129.10116931914743
-129.46685187368587
-129.81129108288383
-130.15727449686358
-130.53606570429358
-130.89014595989778
-131.21731008042917
-131.5543445044994
-131.92673518479504
-132.26288816427626
-132.59393779545485
-132.96429091947672
-133.31027388184117
-133.64441292859874
-134.05434830995546
-134.39369829132488
-134.66795524385154
-135.0418578934531
-135.3935051053294
-135.74612959097087
-136.08384122410266
-136.4158392891874
-136.78207796561446
-137.13239543480464
-137.47723901571268
-137.82742581323032
-138.18421774025393
-138.5299485348739
-138.8797797151119
-139.22532275669604
-139.57606244430343
-139.9477789557236
-140.31438338137283
-140.69759550874042
-141.060519558356
-141.4403262249195
-141.80718578530036
-142.13584003410946
-142.504978355754
-142.89064948323008
-143.2854580282752
-143.66954237325825
-144.0485626744114
-144.4465697824659
-144.84026685807618
-145.23449628226106
-145.70517188391983
-146.08926414953214
-146.41388852906837
-146.81811093538656
-147.23024782164876
-147.61404491387572
-148.01720737268286
-148.41373465926068
-148.792439583783
-149.2045744247323
-149.61706562707258
-150.028336811099
-150.43084330637717
-150.79230374384457
-151.14772790696404
-151.5492744005311
-151.96736004393526
-152.33860571956515
-152.72174616774075
-153.121688001526
-153.49768744012428
-153.90569326347904
-154.30074239667067
-154.66341473674612
-155.05243906263902
-155.45251326758134
-155.85080135460706
-156.2134131484367
-156.65386466646288
-157.01897671089822
-157.40665146851163
-157.78539423404553
-158.163829409015
-158.52642771019026
-158.88338366429295
-159.33453055927797
-159.70424113517043
-160.10201178104694
-160.48072217050012
-160.8617410776024
-161.2458901680033
-161.65521887394993
-162.0796542274536
-162.4752060166084
-162.88437676629934
-163.26592795837595
-163.65640163686652
-164.05789790212668
-164.51477300569715
-164.84294620423577
-165.28680545722202
-165.75156125382335
-166.15897533693905
-166.55928313258636
-166.97016498271614
-167.39282534792574
-167.78441730050355
-168.177148553667
-168.6008486269554
-169.02030421253983
-169.44464885485405
-169.86019446386948
-170.26949724680813
-170.67002944568674
-171.1645192879229
-171.51770409474372
-172.15352775868675
-172.34808507619908
-172.76194415046893
-173.18395977893127
-173.6069253962348
-174.0836445535551
-174.4478109139514
-175.06061487726916
-175.46764670153857
-175.88429432421074
-176.1198211975969
-176.5142078925311
-176.89376208550354
-177.31505837739505
-177.9028175046394
-178.32788199354974
-178.76042355785677
-179.02702761033194
-179.45694074794045
-179.9398526257985
-180.34245449334395
-180.95011164240435
-181.3013397883492
-181.7380157591235
-182.1953362750434
-182.45547505462847
-182.94747350139951
-183.31384315890827
-183.9455766317339
-184.1930006242437
-184.63624452618075
-185.08297914958894
-185.53934518990116
-185.94556276113377
-186.42810858618964
-187.06604311273048
-187.51102252203745
-187.70351211809316
-188.30855207291697
-188.5921600405851
-189.05073960675657
-189.50460983192764
-190.11803190277072
-190.49185575889905
-190.93778848896267
-191.38411485076608
-191.6658380704067
-192.05950423723132
-192.51456091943848
-193.09826496744355
-193.4760687309375
-193.95709890939963
-194.41040549758995
-194.65379417819545
-195.10998832888345
-195.58711285974272
-196.04564390859096
-196.56371974478833
-197.029824124766
-197.37762745253985
-197.8155116188371
-198.2994638083805
-198.7415858436505
-199.1649656754474
-199.63316821462536
-200.06424352094203
-200.48899654931625
-201.01653709984944
-201.4639554284543
-201.96324674445904
-202.42383134752674
-202.8530317864373
-203.32622251148885
-203.77065428005224
-204.17257669225094
-204.61367688633018
-205.12910968568127
-205.63550658578583
-206.06216963131354
-206.51196955706217
-206.90483073002665
-207.3588047789693
-207.85509854130515
-208.30315682285197
-208.7968067907164
-209.22410671797414
-209.63608336193656
-210.0840148056717
-210.523692898839
-210.97894187564705
-211.43788128320847
-211.87906750090298
-212.38085178357306
-212.77725874334254
-213.23445928619336
-213.71029055654367
-214.1786413118591
-214.62960907699227
-215.16885854334112
-215.59734492972757
-216.01974379740005
-216.49859214758337
-216.96807870985134
-217.46121928118237
-217.97026831917373
-218.5435646606265
-219.0331715009071
-219.4870516781553
-219.93216071876253
-220.43858186373413
-221.00763539412273
-221.48686804622807
-222.02137245664957
-222.4573049820897
-222.92600453708855
-223.4357636257086
-223.91839398946294
-224.42346983758793
-224.8074623281336
-225.27636659374505
-225.77077951525973
-226.20291968195988
-226.70493481867175
-227.20147984656916
-227.58925361918858
-228.06501794119637
-228.55483972853986
-228.97387671676438
-229.4558892326743
-229.94984658456556
-230.37337142960925
-230.85403430542286
-231.35104870013788
-231.8020445659801
-232.3179622557849
-232.82128776999141
-233.2671466253127
-233.7847520183707
-234.32437759223188
-234.8157591844214
-235.2924445763696
-235.82633610822577
-236.41212200743848
-236.91411648354844
-237.40816649665814
-237.9640405506857
-238.51478114048567
-239.0101482080846
-239.50199446125305
-240.0401524436224
-240.5996424016133
-241.07899268760676
-241.55433490386073
-242.0826346363538
-242.59946670213563
-243.09043617991819
-243.54704131787364
-243.99674182300257
-244.48938275952543
-245.00153489921468
-245.46056207262606
-245.9626505221478
-246.4247978911993
-246.92262939073063
-247.44798968979563
-247.91253348462453
-248.38122747506577
-248.8500931448984
-249.32004336503883
-249.81015474557339
-250.3552623854212
-250.92688038212614
-251.4242326215432
-251.93116842899826
-252.44640544412496
-252.95859317113528
-253.48332354070897
-254.09212654684382
-254.73616373620152
-255.27729700651958
-255.81127625500054
-256.33284892740966
-256.859982272428
-257.38573944334286
-257.8987624048552
-258.41860012252886
-258.9108934614993
-259.554955100373
-260.0729612558349
-260.5642215760407
-261.0574347865422
-261.55955271347887
-262.01775468473295
-262.5133983005443
-263.00659873176573
-263.49167660456675
-263.9742915591658
-264.4649612248892
-264.97701791439454
-265.4992084789282
-266.0012719697545
-266.48995977946214
-266.9837148486279
-267.5001943477738
-268.04671963418036
-268.5897402236975
-269.12363457215815
-269.67643668033884
-270.2359897436988
-270.7954497360622
-271.3675564055284
-271.9509875194413
-272.5402153009184
-273.1088153815673
-273.66025552409155
-274.24607174396374
-274.81203442056244
-275.3706912536488
-275.9085509349925
-276.442767192157
-276.9814280270098
-277.510492132213
-278.0387395914845
-278.56318753912075
-279.0790183478845
-279.60147389646426
-280.1226989335072
-280.58934839908954
-274.7838588899922
-275.3031317720382
-282.1216285365483
-282.6547769414237
-283.1854198983318
-283.67146971013756
-278.0214474304475
-278.62246343097
-279.16254838453705
-286.06532871435417
-286.57028794549933
-287.1037957799951
-287.70822762744416
-288.3914347895603
-288.9750439353985
-289.59602472474296
-290.182263558744
-290.75766431416633
-291.2816230349846
-291.8255477689091
-292.39852000373554
-292.9574584129411
-293.5129975459584
-294.05660082133073
-294.5475161274664
-295.02348585050805
-295.5660561895823
-296.1223725402341
-296.67357550589395
-297.2300710730015
-297.71489963167016
-298.21673386710825
-298.79060811286854
-299.3625867039854
-299.9365122864959
-300.4564309172762
-300.9821524266113
-301.6134849811295
-302.22370641771437
-302.85436589862746
-303.4505741102369
-304.02632476142406
-304.69027549607785
-305.3280608065313
-305.9031408717062
-306.4817856190847
-307.10124777008434
-307.7431093751109
-308.26114526913716
-308.76914440209913
-309.39526018496264
-309.96276214906635
-310.4667004534577
-310.9803140470473
-311.5559939690184
-312.1492852528882
-312.6662767208482
-313.18084779726365
-313.7734586546464
-314.3781628236502
-314.90920496715216
-315.4451844289221
-316.05725080681003
-316.64399038498175
-317.1985056955697
-317.87097548558273
-318.4829722303881
-319.09851512524915
-319.81621692410573
-314.19490395419496
-314.8462673542732
-315.34554652072717
-316.00188676692323
-316.5804844666171
-317.15261701547297
-317.8158408492557
-318.3673233671428
-318.90695732922404
-319.51153505764717
-320.0465323111695
-320.5841801971936
-321.11669437479264
-321.6633528167018
-322.278738900933
-322.8255537556655
-323.40878400952056
-324.05012567296586
-324.6227134291359
-325.20548408582175
-325.87900001856025
-326.46437889401943
-327.0676006251046
-327.69651828451504
-328.32673996359983
-329.03326860672684
-329.642633993091
-330.2625915955513
-330.8836701985381
-331.4788075374879
-332.14649507478634
-332.7344555010124
-333.31896870364614
-333.90717354522997
-334.4777476532025
-335.0337185495658
-335.6113879004483
-336.2683900662307
-336.8444816909994
-337.4255889481312
-337.9808352216045
-338.6038833399468
-339.20773634929304
-339.82482630116755
-340.4747116669994
-341.0199886225386
-341.7396259179358
-342.4194277167393
-343.08912260511596
-343.7287118280936
-344.3965852980008
-345.0257631843388
-345.6721215010663
-346.2993114333992
-346.9238533146806
-347.5231782163074
-348.11968005388695
-348.7096526156679
-349.3276406458036
-349.9343913571612
-350.54692723622605
-351.15221867575684
-351.7446914260581
-352.3744263252508
-352.9763615130341
-353.5701154528051
-354.2073119429728
-354.8390506385667
-355.48994563588826
-356.13663575514977
-356.8163714458605
-357.5013494624276
-358.1855434512564
-358.85005409324947
-359.5080771086173
-360.1602777945475
-360.7184127783589
-361.34839630301644
-361.9976329049005
-362.6397512972543
-363.2755350060398
-363.9277518096395
-364.5443598027736
-365.17405004772417
-365.77116211828513
-366.36915449714184
-367.030914523405
-367.65852751561124
-368.26745155930007
-368.9395859597796
-369.6020421738617
-370.29015537786415
-370.8838406508923
-371.6957649320658
-372.29452711900774
-372.8797309729742
-373.59985566691165
-374.2830090609975
-375.04051947037766
-375.62588271917315
-376.1911518210387
-376.9172694226506
-377.53908484360977
-378.17737813527793
-378.8274929352529
-379.3841092805182
-380.03789127555603
-380.72247522820004
-381.30977725191684
-381.996889703463
-382.68826329319165
-383.4271536930376
-384.15585505904806
-384.8028847562792
-385.5257097409865
-386.2690630983397
-386.8900061928206
-387.60751084844657
-388.30415431383045
-388.9005013578279
-389.5860376488816
-390.24048416988626
-390.81675318890376
-391.4561029457781
-392.11185546917505
-392.6828777650692
-393.4159746732894
-394.07364914500914
-394.6655046126037
-395.2572246827091
-395.98594585259707
-396.7232785536932
-397.3692522107091
-398.14933403100486
-398.9152668937558
-399.5771496205045
-400.3242276849601
-401.1475120247775
-401.783727269224
-402.38189062674564
-403.0019811992521
-403.7688001135094
-404.31885774455907
-404.96527212936843
-405.66360614117986
-406.2212077241557
-406.8171829510773
-407.53066139231987
-408.33372267508037
-408.97976418444887
-409.60801906596953
-410.37455443560077
-411.1742574936778
-411.89419369995187
-412.5880658836536
-413.39298046426507
-414.18151008016054
-414.8414026242195
-409.20382070999113
-409.9342231538984
-410.6673608412937
-411.2722084374107
-411.8756197529359
-412.3909186602925
-413.18983821402173
-413.89450281976167
-414.5037558157036
-415.13477096881167
-415.79389883008315
-429.10848302882073
-417.3264773430413
-418.04252179888886
-418.7794654307948
-419.51367301749383
-420.3563087055732
-421.17024093510736
-421.85959091120543
-422.51712960016323
-423.1602828949767
-423.85670540884297
-424.57643325135757
-425.20090165825593
-425.81390918471635
-426.4205199994298
-427.1741271979962
-427.88466484942796
-428.5347419219132
-429.3298301806293
-430.03655965806666
-430.595983342911
-431.34334115720765
-432.2648928177551
-433.22240611603854
-433.9532941212753
-434.67280522257033
-435.3547316109675
-436.0147336034161
-436.7966894377063
-437.5529210321982
-438.20036915623535
-438.8755062060265
-439.5143664409856
-440.17855917927335
-440.8516452334771
-441.5301898602637
-442.3030883037622
-443.19155605616635
-443.9382708684389
-444.6994308127518
-445.4661939269096
-446.23671218240787
-446.93202902013246
-447.64507365897504
-448.3480017573998
-449.18184742206694
-449.9652925759069
-450.6465473988047
-451.3178423328828
-452.02379756135383
-452.66946084127494
-453.387569481348
-454.090389727507
-454.7936202089313
-455.51317006535726
-456.2641172703104
-456.9122274444738
-451.62433073928764
-452.5235580550579
-453.30019572809664
-454.05409533262537
-454.7758008745754
-455.4665485026762
-456.178909409489
-456.8839478568226
-457.5870160268392
-458.2923132509521
-459.0171550224939
-459.7407832398028
-460.3728089279203
-461.0974785742847
-461.8445461007558
-462.60196767933326
-463.35346557296464
-464.0955987350015
-464.99827060667553
-465.769584323852
-466.66966394979573
-467.5494682583047
-468.3137884595736
-469.0553611896983
-469.8067576705772
-470.54545404534264
-471.27003294721123
-472.0051320520515
-472.75320937322914
-473.49632614048033
-474.2351715154576
-474.9810304477042
-475.7742492889868
-476.5511074285557
-477.32455862539496
-478.10815652009626
-478.9053133049642
-479.70468595614534
-480.4897437035522
-481.275627318532
-482.0654134230507
-482.8141475063897
-483.574550670349
-484.3364186189471
-485.103410203146
-485.862211716299
-486.61396592050477
-487.2807698789165
-487.89502356746954
-488.66889366784005
-489.48789967420504
-490.29471282409673
-491.116050706771
-491.87865184285437
-492.6532794194791
-493.4885928841198
-494.2888944587915
-495.0723785845405
-495.9047825951751
-496.7012137118933
-497.47745105746804
-498.2427382929425
-499.0361347984244
-499.84032088486885
-500.6526586790581
-501.4733538359995
-502.23175067410284
-502.9075931442789
-503.6137327052507
-504.4268325725705
-505.2716986584316
-506.07732100089436
-506.86961347323
-507.59822348913497
-503.2189582632069
-503.06480586620194
-503.87170180218936
-504.70459449486464
-505.5260914638938
-506.1963931277556
-506.9006855294608
-507.7479165602569
-508.59536764902566
-509.3830718949828
-510.22087217119
-511.0798061736763
-511.92221736432975
-512.7274428867519
-513.4165866095306
-514.1550371657304
-514.9780925337304
-515.8034187692441
-516.6386714180202
-517.5019376747023
-518.3630995443924
-519.2131977484257
-519.9111461894408
-520.588493975626
-521.4404823851327
-522.269660840132
-523.1075953856072
-523.9563177861017
-524.8106821679494
-525.6767782371064
-526.3760338355446
-527.156267159875
-528.0374667982458
-528.9123585005585
-529.7763104591307
-530.6314832791682
-531.3367472527217
-532.0787078505924
-532.9424956123391
-533.8133580039557
-534.6845017862428
-535.5049321166604
-536.300941302381
-536.9735568621696
-537.8397794728791
-538.7163072758883
-539.6030155715351
-540.5335428199922
-541.2506571809406
-542.0188665521918
-542.9395793168466
-543.8435825193775
-544.7294275191306
-545.5983246513248
-546.3361705262928
-547.0431930746562
-547.9047160452785
-542.4981484998299
-543.3865393596342
-544.15869608601
-544.8761775344649
-545.7910457633058
-546.7468719547691
-547.5984839059795
-554.6560690943666
-555.4827531980729
-550.0718310530837
-551.0162926186177
-551.7570512524153
-552.4885594562895
-553.3781290987797
-554.2826052536285
-555.203370033982
-555.9650983880662
-556.7306832004189
-557.6529788750486
-558.6021254569957
-559.3976873260405
-560.1838547846661
-561.1197897835324
-562.0682292038898
-562.8848362374628
-563.6392936454788
-564.5249644682805
-565.4307716640301
-566.1817165360866
-566.9335864622814
-567.8535851980175
-568.820064644691
-569.5883580876072
-570.4163804132304
-571.4314004809031
-572.4025877460532
-573.1923930528902
-573.9349066198611
-574.8697102021156
-575.7827554289756
-576.5601918970277
-577.1810483135378
-578.2478212909311
-579.2137259617931
-579.8651384926296
-574.6073953862638
-575.6225563052441
-576.4421289009332
-577.2514596253313
-578.2215144781685
-579.1949032125475
-579.9724613405534
-580.7604301713213
-581.717557021799
-582.5285133449528
-583.3120557184745
-584.2555253005046
-585.2474577358672
-586.0538822752911
-586.9083034533769
-587.9364443321547
-588.7605426212365
-589.6058978604256
-590.6198158975214
-591.4463543203327
-592.2353657372365
-593.1680754059684
-593.9726536378776
-594.7414362137741
-595.698301555096
-596.5071511246957
-597.3694129788073
-598.4258069646326
-599.3037342752251
-600.2513908750365
-601.2985491445359
-602.0698704137747
-602.8904740434635
-603.8552994978664
-604.6463498060326
-605.449336073033
-606.4291515693261
-607.2929808808142
-608.1361011740541
-609.2101346705279
-610.1168868692615
-611.0238017884077
-612.0559316248182
-612.9414422516808
-613.7955381715543
-614.7736284474794
-615.564446457665
-616.3871870054311
-617.3985561528075
-618.209705670141
-619.0766578393267
-619.9270795951398
-620.8577126023306
-621.9502350199126
-616.5833573598208
-617.873229308107
-618.5363725675358
-619.388844080861
-620.2344240643058
-621.0586373914188
-621.8604597904101
-622.8867601972626
-623.7090096370887
-624.5756203666967
-625.665482965183
-626.6028525201202
-627.5693610195422
-628.5314589148335
-629.4463822851536
-630.4934114271813
-631.3322345269004
-632.1686017295515
-632.9939076535377
-633.8431145467915
-634.9001401218667
-635.7482925021519
-636.6875603735733
-637.7463748556435
-638.7162743381941
-639.8351795090828
-640.7185550294022
-641.5040696607169
-642.4282768829073
-643.2886105392889
-644.1606375928737
-645.0310615454655
-646.1141984144423
-647.0925589323178
-648.0857550391867
-648.9315918101079
-649.9183755357778
-644.8047202156788
-645.7094947071596
-646.5763492596672
-653.7157209781699
-654.6198526613987
-655.5136097965683
-656.4511352586671
-651.0818705233568
-651.9838230798889
-653.228907448322
-654.1376738345319
-655.1030046139301
-656.0315476446484
-656.9521424060281
-657.8794728040423
-658.8177438456511
-659.7104527413994
-660.610627072894
-661.5200939049466
-662.4957815968894
-663.5709942433297
-664.468667899839
-665.5275829592523
-666.5977134146646
-667.558672898954
-668.4888541019814
-669.4338225495396
-670.3399367742268
-671.2462173483325
-672.1581240171513
-673.1240320631875
-674.0924129992304
-675.0930764870423
-676.0189324440081
-676.9293791009056
-671.8649222203954
-672.8041715255566
-678.402703427887
-674.6601411515043
-681.8367936126238
-682.7873656301899
-677.8150195295103
-678.7259292906015
-679.7863095692675
-680.8654170359692
-681.8471808214681
-682.7914431231764
-683.7246667711142
-684.6502093220904
-685.6071544968339
-686.5481611748352
-687.3393270309322
-688.4128492282891
-689.4539082309827
-690.5329714317228
-691.5630951332203
-692.5659126507044
-693.5151002251238
-694.4660146031929
-695.4298497447013
-696.4111988043238
-697.4013794479
-698.4725206406476
-699.5261693017047
-700.583594110288
-701.5997717506704
-702.6178635453333
-703.6213619606208
-704.5526344997305
-705.5890133867059
-706.5450344512157
-707.6460912588796
-708.4840272171398
-709.538738699006
-710.5837451872255
-711.6448550199414
-712.6343496970526
-713.7131714952334
-714.6249751319951
-715.561992921671
-710.5004534046718
-717.7833344917145
-718.8355245215732
-719.6868771628463
-720.785324548959
-715.5849858036894
-716.6501470158466
-717.6889657942036
-718.7579085398285
-719.7950468674525
-720.8134440200223
-721.816312298856
-722.6537201721846
-723.7373168354915
-724.8379572805443
-725.927628807525
-727.0321069949382
-728.1213652864957
-729.1616852153076
-729.9928171644289
-731.007967995352
-732.0477184586676
-733.0821570234734
-734.1742901718254
-735.0321284632407
-736.174817956353
-731.1292881161528
-732.138602317765
-733.2799853917388
-734.2351209057338
-735.2701218194468
-736.0559211672689
-737.11920153887
-738.2574819877804
-739.3694323631644
-740.5572295018163
-741.4633106044832
-742.5525538249659
-743.6102500671143
-744.6375522277244
-745.6947385690547
-746.5297859424215
-747.589937266821
-748.7857831956708
-749.739578411336
-751.0088708864382
-752.1616672997415
-753.0372704804303
-754.2515241821964
-754.8855670742724
-755.9929730348816
-757.025073679967
-751.8464566217588
-753.0845771817268
-754.0387064349597
-755.1408368201713
-756.2576505684136
-757.1094158256637
-758.1281678253285
-759.15131843622
-760.0417937872644
-761.13458782806
-762.2638135856341
-763.4831841197602
-764.7196023045148
-765.6168411854865
-766.8230374814091
-767.9129603596582
-768.7377428182172
-769.7565613944607
-770.9148613749109
-771.6936809840407
-772.858219311721
-774.1050609417771
-775.059821344823
-776.1900968873545
-777.2582053055598
-778.1027892066787
-779.1656641799598
-780.4047762609422
-781.5119077020349
-782.140234821747
-777.306385362196
-778.5220199454121
-779.6990392081544
-780.5296342447025
-781.6303277188246
-782.7232088035216
-783.6025436530542
-784.7061492147335
-785.9269993640041
-786.918434512823
-787.9059292674992
-789.0994886696578
-790.2525969239881
-791.1205475968287
-792.2171599837205
-793.382985929884
-794.3226869708099
-795.4628205318149
-796.6406887030201
-797.6546235524293
-798.8738434553845
-800.0224861801794
-800.9210869397557
-802.0697348979941
-803.2051381601688
-804.0681410492859
-805.2186476885192
-806.4569490639898
-807.4479973661557
-808.4238674062507
-809.7020860781987
-810.7652644404282
-811.660449206574
-812.7867595955867
-813.9414491535292
-814.8909049931259
-815.8690917037924
-814.3701345501144
-812.0575757308536
-813.0259645717873
-814.2154310187954
-815.3035937883076
-816.2288900674324
-817.1817001968094
-818.3261479535288
-819.5791928088659
-820.6307724998163
-821.8830144860489
-823.0863407786482
-824.026198303695
-824.9631880687907
-826.1086810295621
-827.2871675921367
-828.236549721061
-829.1909131750467
-830.5260809227063
-831.8040346675886
-832.7615019425818
-833.9647551991648
-835.1297899656652
-836.0446541469238
-837.0050385447211
-838.1998044605948
-839.4637189372386
-840.4933035718932
-841.5282899216492
-836.5196382181726
-837.7260183874959
-838.6696681858967
-839.6008626389383
-840.7855536348584
-842.0111052831223
-843.0324886390264
-844.0895591134079
-845.402133880525
-846.6332625010521
-847.6186644682584
-848.5811777389175
-849.7727459889053
-850.9794061642036
-851.9656006816955
-852.9930411727408
-854.3188794484219
-855.5983181607259
-856.6152590474683
-857.5999396872908
-858.5722099383121
-859.7762834904111
-860.9935889637787
-862.0126553874866
-863.0558336346406
-864.381532753646
-859.3798953205417
-860.4076696629294
-861.4020116816575
-862.3843397829754
-863.6040449307314
-864.8619199065406
-865.8951688540359
-866.9413869357646
-868.2653966808613
-869.5868559512497
-870.6026539554708
-871.621124935253
-872.6230988360165
-873.8844626105906
-875.144776503739
-876.1729728301636
-877.2321956081645
-878.3183148636417
-879.633335231991
-880.9053282949283
-881.9315564309273
-882.9499252042426
-883.9416789933251
-885.2368187689486
-886.5689433796471
-887.6473060428405
-888.7199368260436
-889.7789444567045
-891.0854905644309
-892.3572111926036
-893.385274734841
-888.1415889928694
-889.19874929612
-890.2813033347503
-891.626049485623
-892.9742479237008
-894.046992503015
-895.085454245973
-896.1100553409625
-897.4076096472994
-898.7320433334079
-899.798031751985
-900.86847866427
-901.9610798778206
-903.0562178760375
-904.3956262107837
-905.6759301851653
-906.7292986743821
-907.7943833447923
-908.8701263062154
-909.9764283895095
-911.3431109885222
-912.7081967133203
-913.7862563322159
-914.864300064041
-915.9304366855208
-916.9987211423112
-912.057408046129
-913.4287547331933
-920.8171315953847
-915.6331019152391
-916.7309064749109
-917.8381745695704
-919.1823726137669
-920.5234482817739
-921.6070931095175
-922.7082286671949
-923.815454731063
-924.9129341512
-926.0324371160932
-927.4249502686931
-928.779670662397
-929.8726612898352
-930.9777866344908
-932.0750139508822
-933.1876765541841
-934.3023656979581
-935.695652299325
-937.1035831217781
-931.9262643361432
-933.0299141697345
-934.1402211338805
-935.238288648988
-936.3329867477605
-937.4539928756387
-938.8940351141295
-940.3231133053515
-941.4435787844145
-942.5642568023
-943.6961461001189
-944.8185330819601
-945.9259727507047
-947.0204458970406
-948.4794024235115
-949.9248256217719
-951.0598696987212
-952.1776546331258
-953.3062772893296
-954.4456284922911
-955.5617149063521
-956.6857773381028
-957.8186406956164
-959.2752368634842
-960.7391466339309
-955.6132743752997
-956.7602680839173
-957.9078035990484
-959.0469931381227
-960.1654927629319
-961.3208410387642
-962.4803870851988
-963.6615307407459
-965.1134027047799
-966.5697812339952
-967.7247183527559
-968.8705809835576
-970.005182107419
-971.1519043199639
-972.3407968422167
-973.5381924102021
-974.7099699669113
-975.8706699059018
-977.0637602100518
-978.5337269336629
-979.9252300388315
-981.0635170280875
-982.2789215190531
-983.4951511629246
-984.6641677220362
-985.8260537614555
-980.7629220057746
-981.978705165262
-983.1288779030597
-984.2535775208436
-985.4447476271308
-986.9766254654855
-988.4675851888974
-989.6541675294634
-990.8849185999366
-992.0922766145823
-993.250221811414
-994.3882137504486
-995.5898099500827
-996.7980956652477
-998.0025352445516
-999.197878733342
-1000.4401048650728
-1001.6784126137018
-1002.8568398032718
-1004.0259823234715
-1005.5299667669235
-1007.0621725649236
-1001.9655470090188
-1003.1651256575842
-1004.4238492665065
-1005.6713459716515
-1006.8558993479371
-1008.0311050042324
-1009.2539808485395
-1010.4980704546977
-1011.7039586787816
-1012.9054931775257
-1014.1615432379757
-1015.4409992988423
-1016.6736924681738
-1017.8509800708779
-1019.0556071291979
-1020.3050374007503
-1021.5342751099597
-1022.7495233896268
-1023.967773658047
-1019.3104093494758
-1027.1389693219835
-1028.3425823151406
-1023.2932160816265
-1024.5473308985559
-1025.7862055270746
-1027.0015370667043
-1028.2702048535455
-1029.558558480963
-1030.8005405572421
-1032.0104626100954
-1033.2650902641308
-1034.5370093323895
-1035.7785719698497
-1036.983233905015
-1038.2879516357343
-1039.5945261410652
-1040.860176437227
-1042.0509987562655
-1043.3084895843285
-1044.5961170311723
-1045.8610851947665
-1047.0674648603442
-1048.3549293004469
-1049.6962838182822
-1050.9892186040352
-1052.223872433125
-1047.1917607413384
-1048.483446129679
-1049.752601794519
-1050.9849127152565
-1052.2727759273712
-1053.588086168205
-1054.8916367140662
-1056.1498687147896
-1057.426320282839
-1058.7259663804923
-1059.9836997967386
-1061.2446824232857
-1062.5641285319575
-1063.89834560934
-1065.1855505816804
-1066.4565283136849
-1067.7626749924948
-1069.08374001233
-1070.33285454107
-1071.5994122869627
-1072.921202950724
-1067.9736321407436
-1069.2690172895957
-1070.5683380218331
-1071.8881123875722
-1073.1984637855383
-1074.472984579272
-1075.7740815207326
-1077.0976795239128
-1078.4159355628028
-1079.7278904183747
-1081.0681000708662
-1082.403266145982
-1083.703829285154
-1084.9736665407645
-1086.3044078550424
-1087.6517467256922
-1088.9629711251373
-1090.2746678336493
-1091.6413268425697
-1092.9968455826897
-1094.2854016790131
-1095.5827759294802
-1096.9452108830571
-1092.0125246826176
-1093.3410799011358
-1094.6767279659462
-1096.047367236398
-1097.3752238104303
-1098.6786526446424
-1099.9993648380157
-1101.0167158248885
-1102.0442565887315
-1103.3863959261507
-1104.7356493949135
-1106.1421639964037
-1107.5053700228686
-1108.8099705683655
-1110.1141498237807
-1111.495020390147
-1112.8712632107608
-1107.9238795957174
-1115.5749989594772
-1110.7032204407415
-1112.0727267573923
-1113.397713932628
-1114.729171657957
-1116.1181054196595
-1117.4791637110154
-1118.8339635544905
-1120.2289562179305
-1121.643074906485
-1122.9992639987647
-1124.0188490526784
-1125.0175176011433
-1126.4124260911874
-1127.7940752726593
-1129.1705214489425
-1130.565758779641
-1131.9914774377753
-1133.3692779106277
-1128.4175523233625
-1129.7858879463577
-1131.2071748508445
-1132.5913005780899
-1133.9871259870301
-1135.4009261616488
-1136.825796153628
-1138.1939471507205
-1139.2239478890529
-1140.2451125205487
-1141.6658445757885
-1143.0800624260987
-1144.5005053273112
-1145.901830042996
-1147.3311663136499
-1148.7216641600442
-1150.1121525371796
-1151.5107399718297
-1152.9346286037987
-1154.3515338196855
-1155.7897572813465
-1150.6370967111327
-1151.6534613066556
-1153.050987372649
-1154.4384236335752
-1155.844139614302
-1157.2828710651986
-1158.742731163476
-1160.1659381902816
-1161.59989493864
-1163.0406191610755
-1164.4655287693517
-1165.5246674413806
-1166.5859312044815
-1168.0163235122411
-1169.467664235123
-1170.9390535640098
-1172.3792729051306
-1173.792942897226
-1175.2195978740053
-1176.6553603992209
-1171.814265061978
-1172.8936778402015
-1173.9804511712405
-1175.4699707951158
-1176.9399528597553
-1178.3818723557129
-1179.8000080929273
-1181.2585569103728
-1182.711191724392
-1184.2265788064615
-1185.6531185638464
-1186.7503881545458
-1187.8590637382158
-1189.3243886260173
-1190.748010597513
-1192.2178918150373
-1193.707861377724
-1188.8977190399276
-1190.3879093992018
-1191.8760008562986
-1192.9605163411886
-1194.041469620214
-1195.5049344473684
-1196.9955027471453
-1198.5047523599621
-1199.978090571731
-1201.4808075470203
-1202.9393396942842
-1204.0648022988696
-1205.1571088066455
-1206.6567641917943
-1208.1354551435147
-1209.6739402281617
-1211.1480976292446
-1206.3644411623275
-1207.8406327410485
-1208.9618019110096
-1210.0787617775475
-1211.5492269736046
-1213.0609814621882
-1214.583199726865
-1216.0876889444255
-1217.6111905266241
-1218.7295980620218
-1219.8650252178054
-1221.342996053602
-1222.842652225442
-1224.3949459751652
-1225.9386516811282
-1227.4507328818072
-1228.9348642523184
-1230.0663793927129
-1231.2083635850515
-1232.7246460423737
-1227.9714128155838
-1229.524745282988
-1231.0751280958557
-1232.2152561415535
-1233.3459481083435
-1234.8502689719844
-1236.3789753039393
-1237.9115824926869
-1239.4665020169573
-1241.0339824602459
-1242.1925802231192
-1243.33970885633
-1244.8432757212754
-1246.3736032873628
-1247.933435504682
-1249.5053232632274
-1250.6666152971595
-1251.8329835885804
-1253.397071082296
-1248.6510490147155
-1250.1725701332819
-1251.712622391927
-1253.2938109917034
-1254.5040152524086
-1255.6874216189774
-1257.2352132174935
-1258.7703594506163
-1260.3148340506461
-1261.8831719798338
-1263.062859347538
-1264.247610788727
-1265.8281673658255
-1267.4069128369385
-1262.7063243432597
-1264.2592202484907
-1271.6894171712531
-1266.5897587336772
-1268.1913689042965
-1269.8107160150985
-1271.4022400658916
-1272.571020813509
-1273.745179917263
-1275.3215938357937
-1276.9292071343928
-1278.5172105010304
-1280.1177990984706
-1281.325040517459
-1282.5362492082984
-1284.1242226434056
-1285.6860139464457
-1287.267162796925
-1288.483784549699
-1283.4330825761308
-1285.0636627290928
-1286.6595422739506
-1288.246134900144
-1289.4483058281328
-1290.6528153363984
-1292.2668562116078
-1293.8853216741943
-1295.512742987629
-1297.1414104211506
-1298.374566395824
-1299.5532617667127
-1301.1567277877743
-1302.7819782417212
-1304.4235692084555
-1305.665740166273
-1306.8964935913943
-1308.5028565499392
-1310.111891563537
-1305.4684457353283
-1306.696077053382
-1307.9369278110532
-1309.5882866879301
-1311.2401391093235
-1312.869031206283
-1314.088331481815
-1315.3126070984495
-1316.9460450922536
-1318.5978155419612
-1319.8662906619172
-1321.1165294644402
-1322.7777654231106
-1324.3784765756182
-1326.0545110504613
-1327.2729012949246
-1328.41266625897
-1330.2127437719964
-1325.584266253234
-1333.5453792349424
-1328.4925463504367
-1336.0646980003226
-1331.433518750272
-1333.0590682911993
-1334.2875086563668
-1335.5913107871165
-1337.3235453671937
-1338.9764914732027
-1340.6082775976606
-1341.8762528033442
-1343.1325573228553
-1344.8621387090877
-1346.5739153731363
-1347.7787053743073
-1349.0702125258367
-1350.751614312241
-1346.1667272874101
-1347.8334964014407
-1349.0889758493126
-1350.4091313204133
-1352.1401386241375
-1353.798386743898
-1355.0675459529095
-1356.3133424994207
-1358.0664578099302
-1359.7931762983012
-1361.060798064649
-1362.3221308300858
-1364.04084010358
-1365.7778525244667
-1367.0571090402505
-1368.3434771036127
-1370.0581480509825
-1365.4839802241602
-1367.230774855513
-1368.533896263815
-1369.8188232853556
-1371.5167974684757
-1373.2513277396056
-1374.401895108799
-1375.8900755119407
-1377.6495807583965
-1379.3346738641444
-1380.6134812070281
-1381.9195333615453
-1383.6964137828709
-1385.4065704163843
-1386.7174420905633
-1381.7649564231547
-1383.5324158345522
-1385.2693294461706
-1386.5841842173022
-1387.8629530710255
-1389.642614959634
-1391.4277721347132
-1392.730211243068
-1394.0261252545372
-1395.757653051225
-1397.08042093881
-1398.4229191807892
-1400.2118197646435
-1401.9689540208285
-1403.3037256322543
-1404.6064043292847
-1406.3807154681153
-1401.8523729097533
-1403.2046527655073
-1404.5469439019416
-1406.3440315528123
-1408.1231412564755
-1409.4437923184305
-1410.7655070290223
-1412.5490036642311
-1413.9262529450518
-1415.2891279808794
-1417.0865716936312
-1418.8270521851111
-1420.1775662961863
-1421.513985300083
-1417.0529879751969
-1418.8798110400496
-1420.2132828845727
-1421.5524691269102
-1423.3661472279691
-1424.7050981982527
-1426.0485623732404
-1427.836698813219
-1429.6681575519713
-1431.0538779547048
-1432.4325128079088
-1434.1992301971623
-1435.5380208506974
-1430.6289021639896
-1432.4680383778546
-1434.2950441292712
-1435.6480340983353
-1437.023256051359
-1438.8576493548228
-1440.2199726813183
-1441.5944355069962
-1443.4061141650957
-1445.2248018337268
-1446.729930044768
-1448.0093812941943
-1443.5317668281846
-1444.8959150212856
-1446.2894861595828
-1448.148111753188
-1450.020899861314
-1451.3970674152538
-1452.7588545388
-1454.600301902433
-1455.9590606892837
-1457.3807786418158
-1459.240647686897
-1460.6619228423062
-1462.0261135391374
-1463.9351734922548
-1465.7906265014603
-1467.175702788904
-1462.2387922902853
-1464.121430946795
-1465.5478528333133
-1466.9299687052724
-1468.777683166475
-1470.1463643414606
-1471.5813578904028
-1473.472130996483
-1475.1623004107387
-1476.2824564250964
-1478.16349715115
-1480.041343069233
-1481.4668161398238
-1482.8404677019291
-1484.6925351293723
-1479.8651884115707
-1481.279457985544
-1483.1794495496483
-1484.5908643715911
-1485.97169997311
-1487.8688219134676
-1489.3304139721192
-1490.7646805920403
-1492.6298817174302
-1494.0918433049637
-1495.4610326772008
-1497.3835665631534
-1498.8090590596983
-1500.2564908342517
-1495.9197905270053
-1497.8391632348985
-1499.208435638925
-1500.6243278413076
-1502.5571134241084
-1504.0575889371364
-1505.5275222070147
-1507.3653526604596
-1508.793686918678
-1510.221310912695
-1512.2059708510353
-1513.6822812394423
-1515.0965216952716
-1516.9985261534273
-1518.479027630143
-1513.6175472707262
-1515.565152811215
-1516.993550928295
-1518.4232068471008
-1520.4048161172564
-1521.9800574817154
-1523.3337042020892
-1525.2179237199666
-1526.720500488724
-1528.170498838306
-1530.14661640942
-1531.623187842981
-1533.0346196575647
-1528.2254614955482
-1529.7500488478893
-1531.728289892335
-1533.200694921805
-1534.5978531762503
-1536.530397337457
-1538.021023359261
-1539.5456744162805
-1541.446240909274
-1542.9556639722782
-1544.4123339296982
-1546.3992591077817
-1547.877753767865
-1549.3630922770765
-1551.3189930129233
-1552.8272858750265
-1554.2864035916382
-1556.346882164823
-1557.857548714641
-1559.3179005148043
-1554.9311229846608
-1556.429662915123
-1557.9451531523953
-1559.4759581253825
-1561.0412493730091
-1562.9831683940745
-1564.4133001020796
-1565.8875598804354
-1567.9895838869293
-1569.481915113393
-1570.9841282287891
-1572.921675837787
-1574.4274399647575
-1575.958741690737
-1577.4881793721377
-1579.0066213267585
-1574.7023520795576
-1576.2032966104553
-1577.6966953694036
-1579.7711844565522
-1581.2983694120007
-1582.8169084879369
-1584.7848396290979
-1586.3057580538148
-1587.8352203569318
-1589.370248166917
-1590.8910966163955
-1586.6353697378943
-1588.1505867494986
-1589.6866985706797
-1591.7322256583245
-1593.2534090334411
-1594.7580734768014
-1596.2906872023689
-1597.8201411102345
-1599.8935469817297
-1601.4287411075347
-1602.9701175016874
-1604.9958903713414
-1606.5287891012697
-1608.0648625839597
-1603.356603172013
-1604.910908105135
-1606.961939874727
-1608.4999589999056
-1610.0330472090477
-1611.5871813089861
-1613.141643740476
-1615.2217881164554
-1616.7642425033457
-1618.3071236503781
-1620.3652896749027
-1621.923579473999
-1623.4997723613576
-1618.789404146007
-1620.3588028623817
-1622.4057152042853
-1623.9514273117452
-1625.5026246971777
-1627.0968551134824
-1628.672915992821
-1630.7619314624837
-1632.3279217283036
-1633.8782810507344
-1635.4715247097267
-1637.0326350616997
-1639.1440463888948
-1640.7146476661694
-1642.2835402874334
-1637.6128020215522
-1639.140961676848
-1641.2796872260476
-1642.8646412695653
-1644.486144787351
-1646.013605609503
-1647.6101529522255
-1649.7108744168008
-1651.3164938354876
-1652.9362429438092
-1654.5338811678366
-1656.1206931439915
-1651.9452480466389
-1653.5419119683975
-1655.1530136008014
-1656.7697644161624
-1658.3617072943637
-1660.4697398039193
-1662.0645135116758
-1663.6435839214591
-1665.3040815420786
-1666.9261522001389
-1669.063187150014
-1670.638365320479
-1672.2580189974367
-1673.854305029235
-1669.2051701620885
-1670.8017863063073
-1672.4501942154811
-1674.6026996241026
-1676.190136884893
-1677.8793538111531
-1679.4449559157836
-1681.110591327188
-1683.2669172262822
-1684.8792725537583
-1686.5024185015034
-1688.1201033593643
-1689.786328356703
-1691.4118603862307
-1686.7776760471727
-1688.9378570092053
-1690.569107102133
-1692.2496187766947
-1693.87468367173
-1695.5127491123474
-1697.167676908546
-1698.8284214880587
-1701.035640974552
-1702.6879114091753
-1704.2751980699145
-1705.879549284697
-1707.5992831215285
-1709.2506698091815
-1704.6437457357783
-1706.8422253312833
-1708.4867382304933
-1710.1137070567927
-1711.791363436192
-1713.4852719414494
-1715.1475475152565
-1716.7877540931809
-1718.9800260899276
-1720.664741482743
-1722.3539714447859
-1724.0297227958913
-1719.4202855840529
-1721.141546027711
-1722.7823059179718
-1725.0088922728346
-1726.679788700749
-1728.3684032095011
-1730.0150142816851
-1731.7710864091418
-1733.4135029481563
-1735.1104381134578
-1736.8227932343116
-1738.4700314461668
-1734.487731946793
-1736.1626177184166
-1737.8251802891093
-1739.4766656973509
-1741.193552764997
-1742.9320037859568
-1744.6680578497546
-1746.2829686172443
-1748.0163139389695
-1749.773655045267
-1751.4444424835108
-1753.7267310707944
-1749.2112400308017
-1750.8710127647332
-1752.6398102245093
-1754.338712276436
-1756.0374209775978
-1757.8187967520769
-1759.367083258786
-1761.181046310518
-1762.915523760454
-1764.7583549386097
-1767.011811444239
-1762.453007632371
-1764.2164934066047
-1765.8716446606195
-1767.6111060629637
-1769.3660108023444
-1771.121949762254
-1772.7804553049737
-1774.5799494108117
-1776.285045955515
-1777.9424470600304
-1780.4106404894133
-1782.1227222355749
-1783.9102011014666
-1779.3467809421606
-1781.1219019657933
-1782.8769698986912
-1784.6236714798017
-1786.3682693141434
-1788.0660442608635
-1789.7464795393948
-1791.5504621326677
-1793.3816823171303
-1795.2303502962116
-1796.9890389761729
-1798.7739699429549
-1800.522156011433
-1802.268705469655
-1798.3575912464496
-1800.157004697103
-1801.860441502224
-1803.5490683969251
-1805.4659556307756
-1807.2271274415561
-1808.9368130259636
-1810.8749280418747
-1812.6382183998583
-1814.4601426351885
-1816.2261172348512
-1811.762132972129
-1813.5675710058217
-1815.2962304764108
-1817.1247712584016
-1818.8970023721579
-1820.6238955555275
-1822.5569410615549
-1824.3548547132025
-1826.139646151656
-1827.9127154852645
-1829.7703230486848
-1831.5522301870876
-1833.4048313122955
-1835.2434843491892
-1831.3429797073538
-1833.1951515845108
-1835.0261372957839
-1836.8581500107082
-1838.6923628618158
-1840.4886338760953
-1842.310232947975
-1840.369456933758
-1839.7444655892195
-1841.5882171655394
-1843.4189454667155
-1845.2312967396883
-1847.0492977850738
-1848.8875141678566
-1850.7365211595172
-1852.6099911886083
-1854.4543318825126
-1856.2561084624876
-1858.077958412765
-1853.6204310335252
-1855.520719607962
-1857.4713943564093
-1859.3393878875356
-1861.1916249472251
-1862.9408462429199
-1864.795309256182
-1866.6716001572502
-1868.523980791571
-1864.141152243169
-1865.9341004898092
-1867.6839832577052
-1869.7740364548852
-1871.488940456162
-1873.462827515315
-1875.3267856659675
-1877.150884976331
-1878.973115090589
-1880.8363533758918
-1882.7282854368516
-1878.2744600882754
-1880.2155473835126
-1882.1130524034122
-1884.0076284543547
-1885.8334652291906
-1887.7068270529796
-1889.5778807418633
-1891.4794307415398
-1893.456018741749
-1895.28434154998
-1897.1055661422672
-1898.3450479168384
-1893.9179918489008
-1895.7679182525173
-1897.847486950309
-1899.6796235392978
-1901.5295641631808
-1903.4980339381896
-1905.3297065725428
-1907.5203513056995
-1909.106357279967
-1911.0532413936266
-1912.9728000200712
-1908.6058444199032
-1910.3896077874865
-1912.3452128353392
-1914.3395304743985
-1916.076003963976
-1918.0983181400354
-1919.9482109869573
-1921.8012754408667
-1923.862795698306
-1919.5201112046389
-1921.368035777459
-1923.2311576353231
-1925.1361228142132
-1926.4812539055981
-1928.402284889877
-1930.2952163776877
-1932.4167403332383
-1934.2144346375403
-1936.0648783959498
-1937.941302246982
-1939.8461287034204
-1941.8183748552958
-1937.5255199826609
-1939.4384297845654
-1941.2399454488418
-1943.201753289173
-1945.1915876210612
-1947.171268967192
-1948.6467664067668
-1950.2829740276516
-1952.2360565566105
-1954.1915684910125
-1956.1859640925732
-1958.2319058585363
-1953.7510127323292
-1955.717734613083
-1957.4834953052534
-1959.506030816745
-1961.4852188344494
-1963.405761637569
-1965.4584996051858
-1966.7592790371027
-1968.7711414335556
-1970.5776637248657
-1972.5406858431807
-1968.0506270152598
-1970.0985220869968
-1972.1217474946657
-1974.0720126037395
-1976.1162886149584
-1978.032259327051
-1979.9460623811756
-1981.395986839798
-1983.2579914428075
-1985.27730310486
-1987.175663666637
-1989.1552903926147
-1984.9051395586812
-1986.8318889534248
-1988.7914688516553
-1990.7437180980073
-1992.7947891289323
-1994.7364333078383
-1996.0558517962827
-1998.0693206718333
-1999.9836356303274
-2001.993960795936
-1997.6971555369162
-1999.7389582934356
-2001.6364218133522
-2003.6237198390265
-2005.6740944307728
-2006.9953904096099
-2008.993922689375
-2010.9340117665536
-2012.9557629554376
-2014.9658824113167
-2016.9678501122796
-2018.9505042600333
-2014.6794898505955
-2016.6678186133174
-2017.9984715684882
-2020.0063180105738
-2022.0060876896302
-2024.001568968605
-2026.0360484451094
-2028.0712824326056
-2030.0885288745558
-2031.4101203907765
-2033.3823253350286
-2029.0979302533285
-2031.1074529746993
-2033.1590921057639
-2035.2205965075998
-2037.251003453715
-2039.2855058445753
-2041.2912315429828
-2042.6181139269054
-2044.6177168651577
-2046.6141611251714
-2048.62344664688
-2044.3953593017218
-2046.4710512681156
-2048.539598518682
-2049.891580009985
-2051.92095490456
-2053.897780040396
-2055.8982130964073
-2057.9432884409966
-2059.293699884502
-2061.36135662029
-2057.14345681541
-2059.2384257779117
-2061.313601604376
-2063.3560700636244
-2065.372645157431
-2066.704109253972
-2068.7340301704453
-2070.796651139697
-2072.874251831782
-2074.948693965801
-2070.7772667932236
-2072.8251697412916
-2074.186432464272
-2076.249183691629
-2078.310579329088
-2080.350965958886
-2082.4165893298214
-2083.8144510454676
-2085.908842089075
-2087.9909898340356
-2090.0790336020036
-2092.1343963059553
-2087.90913981911
-2089.9880150313925
-2091.390083856475
-2093.501276990423
-2095.5784755929926
-2097.6405227911905
-2099.7053414381467
-2101.1635061364673
-2103.1995119077083
-2105.32390948973
-2107.480118309327
-2109.557227976624
-2104.688541098896
-2106.7537324936784
-2108.827729234507
-2110.8832369580978
-2112.962093019262
-2114.390757636424
-2116.541047017
-2118.7058880941595
-2120.863685861509
-2116.6430569125687
-2118.7493871669913
-2120.84617570495
-2122.2404808878764
-2124.304739980407
-2126.442027709982
-2128.5192317334186
-2130.7288593078692
-2132.130676189284
-2128.0780834451984
-2130.1813020970226
-2138.6228600719246
-2134.384654667159
-2135.8160025151915
-2137.9399686298902
-2140.0495030630727
-2141.414015082684
-2143.5505465304655
-2145.797202602548
-2147.9912019315943
-2150.1165827583895
-2145.2907370975836
-2147.4298267103763
-2149.5560483410077
-2151.6630623272595
-2153.79770426355
-2155.2163426397983
-2157.348868247375
-2159.5612792728125
-2155.521848459618
-2157.7001366498807
-2159.1591463631385
-2161.307387315042
-2163.4000067217744
-2165.5748695132065
-2167.714845210715
-2169.159755727713
-2171.3314415659183
-2173.4975915796886
-2174.9657702275167
-2177.296027700455
-2173.1517293111115
-2175.31079674989
-2177.449576849593
-2178.900683250623
-2181.0650672733527
-2183.202087454724
-2185.3719223905205
-2187.6289247526383
-2189.114520765018
-2191.3637011967908
-2187.28814091967
-2188.7923889431718
-2197.2340953309576
-2193.0790122780686
-2195.267150033406
-2197.456637244976
-2198.932683036197
-2201.1612346956945
-2203.370477628084
-2204.881050792304
-2207.1943557644736
-2203.1126873445924
-2205.2862802394234
-2207.4763207143114
-2208.924686190279
-2211.1186896262684
-2213.3383422225793
-2214.8476673725095
-2217.11046351041
-2219.382324078403
-2215.3627330630384
-2217.595712758398
-2219.0517486611084
-2221.232448110746
-2223.4336183174387
-2224.9240308003123
-2227.1328349135674
-2229.415998488687
-2225.452235155097
-2227.7301080683073
-2229.26689831347
-2231.5215808830203
-2233.70679735375
-2235.1630352176417
-2237.336307186641
-2239.580529859941
-2241.0781152885684
-2237.0862426912963
-2245.717592500425
-2241.786443215528
-2244.0543143726545
-2245.537746802507
-2247.741579118025
-2249.936926159618
-2251.3641727745244
-2253.657662003022
-2256.0063841257274
-2257.5573045021506
-2253.646240232891
-2255.957264971079
-2257.4683042665392
-2259.7121144111334
-2261.9005376576456
-2264.093581601829
-2266.393624728485
-2267.944764373238
-2270.3092284250433
-2266.396276392211
-2267.9652936549496
-2270.303974309132
-2272.5804784554457
-2274.019738532656
-2276.2857281258216
-2278.526319479753
-2280.0633689830656
-2282.3778218834123
-2278.4818549708893
-2286.3516428954968
-2282.4255239484028
-2284.7078027205966
-2286.9674886195985
-2289.2344890258323
-2290.755764266696
-2293.0041341301035
-2295.3756453432416
-2296.9567974708407
-2299.3623478814475
-2295.430904667693
-2297.001046015381
-2299.3250544461157
-2301.6345856049597
-2303.1264662908175
-2305.436483620785
-2307.747272833997
-2309.3030153490286
-2305.355322784285
-2307.7177105367355
-2309.3049521001603
-2311.640176484447
-2313.9720075067503
-2315.5200827538665
-2317.8637522263257
-2320.2464033378274
-2321.8320583047166
-2317.9157536071616
-2320.2992757487905
-2321.865084259173
-2324.2078319218176
-2326.5744513998698
-2328.0838475249693
-2330.425781752336
-2332.7911669280275
-2334.363893306883
-2336.7373461456605
-2339.1158491061174
-2334.453138844013
-2336.8691842552203
-2339.2419658278322
-2340.802601836388
-2343.151796288503
-2345.5233503626205
-2347.181212455932
-2349.487265428377
-2345.595458637818
-2347.1947590770424
-2355.8741890939955
-2352.075426583132
-2353.5831402449126
-2355.9546649348167
-2358.387398520533
-2359.945644810612
-2362.3479361488994
-2358.478436442813
-2366.361366465346
-2362.497644081634
-2364.916799928986
-2366.503331081496
-2368.906610737099
-2371.2567509800897
-2372.8773244049016
-2375.252212287942
-2377.6705822600306
-2379.2739163057627
-2375.421825277133
-2377.891691572383
-2379.5306088288044
-2381.9879137464923
-2384.3909260469836
-2385.994669437529
-2388.4289504725857
-2390.8350640731815
-2386.137964396797
-2394.066706554818
-2396.46857220631
-2392.6378581161734
-2394.2266257488263
-2396.7116594542904
-2399.155449285477
-2400.775835676606
-2396.920538043355
-2405.688135026553
-2407.329304168587
-2403.506273110665
-2405.996427819776
-2407.6115622308816
-2410.12052656841
-2412.58425312798
-2414.229114062211
-2416.6583523034724
-2419.0812415701766
-2414.4383151468824
-2416.077608526745
-2424.7727380257843
-2420.927370489913
-2422.583152878251
-2425.0725114854818
-2427.5840018967174
-2429.2117660923877
-2425.4237276620424
-2427.942929447113
-2435.9065176479094
-2432.07710325914
-2434.538944406595
-2436.1838202674285
-2437.8648469809773
-2440.371326522149
-2442.847274282987
-2444.5134987284036
-2447.001350815041
-2443.2074866926337
-2444.8545026339502
-2447.332580154951
-2449.821390101898
-2451.4784277166154
-2453.144256536522
-2455.6697647975284
-2458.1909570874996
-2459.8399127833354
-2456.1041438992465
-2458.6433753985134
-2460.3333918329545
-2462.8637211918854
-2465.363972627333
-2467.0414790051614
-2468.7310195628393
-2464.979561311129
-2467.4930869806144
-2475.4649147165715
-2471.6957821440387
-2474.2862414444617
-2475.931270614835
-2478.4564631132084
-2480.9593952671885
-2476.3606539934417
-2484.3396125148474
-2486.84413028716
-2483.096375347618
-2484.8016584221073
-2493.574169788871
-2489.8651952382625
-2491.6109901775008
-2493.3370084200756
-2495.9252569181585
-2492.2814146114033
-2494.010639617924
-2496.620305254497
-2499.161535556954
-2500.838463495938
-2502.5542210828435
-2505.0883719318394
-2507.596644158755
-2502.9953422966855
-2505.5175101975565
-2508.1024335699217
-2509.802677573028
-2511.4847063828893
-2514.055344140978
-2516.6978157041813
-2518.3895895077785
-2514.7060159049756
-2517.296551097485
-2525.3299967181542
-2520.796756290655
-2523.372155078574
-2525.9762551283006
-2527.7186223132976
-2530.295923000127
-2526.582532546356
-2528.307164110694
-2536.2969811844755
-2532.56895622192
-2535.1793581696516
-2536.9493463658914
-2539.5023730707885
-2542.123738375091
-2537.5722375872115
-2545.5634770614943
-2541.87844808377
-2544.4453595410732
-2546.2535241227056
-2548.028423474502
-2550.712281358548
-2553.350059820194
-2555.0941718402732
-2557.722667405639
-2554.076635801101
-2555.8307298953823
-2563.818905439997
-2560.1391094987166
-2562.784830054307
-2564.498212117342
-2566.2362745632086
-2568.8356563451057
-2565.1045896189867
-2566.860318979663
-2575.8363692580747
-2572.241935600386
-2574.0209625614093
-2575.7481163814873
-2578.46403230909
-2581.136835635108
-2576.5783592157695
-2584.6456098902277
-2587.2825240486222
-2583.57296800655
-2585.3620710600335
-2587.1456047432903
-2589.7703150134403
-2592.3850701320166
-2594.1788860213237
-2596.761155052576
-2593.1599728187566
-2594.926812012832
-2602.953320915259
-2599.34748739648
-2602.034512136236
-2603.799066066033
-2605.5387500658403
-2608.1958888868767
-2604.5379054936184
-2606.307360564446
-2614.320392737719
-2610.6584319090234
-2613.288182472558
-2615.0071794631053
-2616.763385434414
-2619.3594844591094
-2615.6851401605086
-2623.7457657239115
