0.5289826574175084
-0.6256556554530881
-1.485970486551338
-0.10689929501280945
-0.19228007295035549
-0.5812774164483882
-0.6823278639070038
-0.79460863097225
-0.8708335684923142
-0.9050581954972825
-0.9891286985032113
-0.4527470449454391
-0.5382691518356156
-0.5508041931621941
-0.5866704557900858
-0.6515763522215854
-0.7133553630574715
-0.6898395359509515
-1.3816480475134647
-1.4351112737914489
-1.4967654776348798
-1.5153119777303834
-1.5191319503864729
-1.5321356636920418
-0.973602014807406
-1.009413178164665
-1.0475446229614735
-1.0700332714518699
-1.1057165928895325
-1.1657800400073133
-1.7266825434957098
-1.7488410286636769
-1.775799570614436
-1.793604922445851
-1.8032841482697617
-1.822409085870848
-1.8496397378402838
-1.4291465999378554
-1.4613179937310643
-1.5009460087805453
-1.5372269162922316
-1.5739924222141395
-1.620044248616116
-2.0125549108017924
-2.019094236292711
-2.030898090746081
-2.0563407658288635
-2.086197819095904
-2.112617195462054
-2.135682572712614
-1.8768095668937226
-1.89310711013582
-1.9261796253633734
-1.9532801696513913
-1.9903974688948345
-2.022607775690141
-2.2902779022925515
-2.2962842175457614
-2.3209751482785252
-2.3554014909449728
-2.3865331079812813
-2.406884659847727
-2.4248889107585465
-2.2848405497876616
-2.3292645112294426
-2.3617711920169113
-2.3856750979284063
-2.4253418354109053
-2.478119304071037
-2.6502786198658415
-2.6573492049374865
-2.6780186202665677
-2.710830365086698
-2.749245615480746
-2.7924478076624357
-2.709731209671073
-2.7595664969336435
-2.7859974995003545
-2.8160103156258147
-2.8572094134115713
-2.892369748644341
-2.916553551553787
-3.0449574852109267
-3.0893956244312606
-3.1241278709259306
-3.1588907491281994
-3.202632481020218
-3.2431161550420633
-3.2028164263832255
-3.262508515764497
-3.296067852229926
-3.323151977007639
-3.354512294728024
-3.395042281188302
-3.4382516015398545
-3.548838100552197
-3.5921266037310433
-3.6273992710548364
-3.6650348335797687
-3.7101020189997134
-3.750305037065975
-3.8025154766705906
-3.8541362368225007
-3.8924832650798944
-3.9218632659022163
-3.961447028696626
-4.00943183830583
-4.028458322038975
-4.074807341598795
-4.114518185748621
-4.159456540952856
-4.209331437615479
-4.2685036585104745
-4.320509288042073
-4.398720140715345
-4.451194861975554
-4.508301643202051
-4.555122750333477
-4.601727149853086
-4.663879566193257
-4.700340600915043
-4.742264164040519
-4.78817896453253
-4.845154142473452
-4.907513566530964
-4.954434876745415
-5.005397926676946
-5.070899069845493
-5.118685806833307
-5.1722783720221575
-5.231686616559801
-5.254563468032007
-5.302037682680315
-5.366073932162362
-5.426125046823762
-5.48580958353311
-5.54237902578586
-5.609106546415772
-5.679125393023057
-5.7332573343143505
-5.801211157971406
-5.8197979627445475
-5.916829141172251
-5.949162142485283
-6.00939785423008
-6.072594577440829
-6.151693943863087
-6.215116065225246
-6.299747287404452
-6.36738648331673
-6.430414915260615
-6.497839153185445
-6.5514989131526145
-6.618283175743394
-6.678529518525235
-6.742995870378927
-6.809180831279961
-6.876877834666048
-6.948606151427151
-7.029875621108018
-7.0888546158582555
-7.156577940251096
-7.227314212347143
-7.2711386117798815
-7.330157664520943
-7.40699186348112
-7.4811811588481705
-7.552617114232272
-7.623284912052644
-7.6919283850657365
-7.751803535428731
-7.816727551384467
-7.887210622518609
-7.96406607945056
-8.031920262199348
-8.105430520462473
-8.181097623632871
-8.260027333354337
-8.32971733845182
-8.39556527818484
-8.472314719678065
-8.57304652111501
-8.678900928381069
-8.720705433516935
-8.783983120314195
-8.860106366562846
-8.948777910991382
-9.031138018542528
-9.10912012146231
-9.190733290548126
-9.280449238479358
-9.374305094879487
-9.450448130941638
-9.52760956479048
-9.616621278580798
-9.707684507953429
-9.784272570363829
-9.853054462802774
-9.940094494411236
-10.031694285301418
-10.117888440004204
-10.20157068587347
-10.286471678988654
-10.377346106203557
-10.461973978269556
-10.556758062241922
-10.644587743451753
-10.72423602514799
-10.819549976062092
-10.903399552612248
-10.997425681874619
-11.082889330201295
-11.17065763823852
-11.258292783457442
-11.352001442237086
-11.445731736333576
-11.537244210116619
-11.629185864190077
-11.716256866249141
-11.806237020847645
-11.90208135022619
-11.999353940572659
-12.095209077413925
-12.188336189374064
-12.284534201826624
-12.373512054314743
-12.463092272641342
-12.55628750610606
-12.656844618440047
-12.750032291612946
-12.861819960487562
-12.963679272379677
-13.061882278174988
-13.157030833907319
-13.256259900013788
-13.360023960726386
-13.472869458741592
-13.540176864245659
-13.644055229770876
-13.749614926066489
-13.855420231162974
-13.955861724325594
-14.056166648947038
-14.15458072449893
-14.252572348959053
-14.362253329950718
-14.466322137504148
-14.575147356021924
-14.691683050331687
-14.821375804845546
-14.912153548534056
-15.015395413025942
-15.126166517950928
-15.235411292498041
-15.343802034271581
-15.451081709248502
-15.551914825624351
-15.664903543149494
-15.782789495228588
-15.89260996673333
-15.998393305947255
-16.110313265195973
-16.242480333603545
-16.356967668540932
-16.461368977647098
-16.564810841318213
-16.67056664792573
-16.786207564239046
-16.910610073021417
-17.019095204100225
-17.13034540907047
-17.25218498763889
-17.37065817561062
-17.48703164138423
-17.59641109415983
-17.70010647245907
-17.818756994901694
-17.936822427623003
-18.059016542901055
-18.17899361756368
-18.29563198070617
-18.41820677860625
-18.54719075852178
-18.663829435923894
-18.790079570164075
-18.915000276935107
-19.03644109530295
-19.156891764626796
-19.265610623300468
-19.38565071755778
-19.51881033305794
-19.646040176282277
-19.773814212015893
-19.90137010611912
-20.00734821242829
-20.128585481759217
-20.253991266632926
-20.385076093652426
-20.517106680475482
-20.64885178366422
-20.778732079504593
-20.911931691512386
-21.03225436754701
-21.161737326687177
-21.294383115401754
-21.419293943031462
-21.544855692433526
-21.678033004019966
-21.81384695353523
-21.948822901794745
-22.08085817200418
-22.2095617740637
-22.34085899399377
-22.467812061287294
-22.586580997941166
-22.71782634046896
-22.847272340797197
-22.981926212804126
-23.122406715175504
-23.269894404705255
-23.419495617197768
-23.549113918375042
-23.692539960290567
-23.830435511372013
-23.960138094242982
-24.088715073217415
-24.22636988295651
-24.367703478495024
-24.511365196206192
-24.64962336200159
-24.791424377611367
-24.9400414811396
-25.078873010093368
-25.20508038967786
-25.337434631089412
-25.48199494499916
-25.62310388802722
-25.77688421858177
-25.913212027445375
-26.048575497340238
-26.220069204634
-26.375532325655314
-26.513424966243704
-26.642896403194225
-26.78768453401975
-27.094377986643636
-27.10505325833875
-27.25049588307631
-27.39571140793316
-27.54488953783053
-27.696550613205293
-27.84822968011189
-27.98120126436575
-28.12921584872989
-28.278892084919335
-28.43355351040074
-28.59063811517764
-28.7316499406178
-28.88853213632572
-29.03541969380588
-31.693410518901988
-29.23019865088124
-35.79195933194979
-35.94628626308639
-36.09983959653277
-36.25940475276667
-36.458684995991
-36.62028496660087
-36.76006638952354
-36.98400552394357
-37.0653042522926
-37.23624113510432
-37.394051207459384
-37.53052657536111
-37.69176348574565
-37.852383477627924
-38.008267158807854
-38.17381784004929
-38.345134731488905
-38.504765034301975
-38.657388694398755
-38.81670533467267
-38.97991593116069
-39.14214290606184
-39.30950729522587
-39.48253373918012
-39.63227701498614
-39.788792635760444
-39.950300153577594
-40.11395700907585
-40.288121816176435
-40.45962749122423
-40.6227078113988
-40.789873373419425
-40.95183010569365
-41.1189745961716
-41.29363417102934
-41.46591221123712
-41.64318177203576
-41.807984164637126
-41.981544530945065
-42.156592160296995
-42.32402722873272
-42.49290002324434
-42.680907433339215
-42.72730576132395
-43.01054992945386
-43.18496192035407
-43.36901176258211
-43.564393392580385
-43.74292040503017
-43.9077659550616
-44.082508153353835
-44.25617980765405
-44.43512477996326
-44.616702895864236
-44.7957132270676
-44.97052481692402
-45.15973553494025
-45.344195808301
-45.531056620967334
-45.711969182383136
-45.89144676963914
-46.07306730617707
-46.26189208415241
-46.44174274397257
-46.62108613881314
-46.811482806128055
-47.000244527109274
-47.19109226070176
-47.37881030449237
-47.553551707798114
-47.74277676640162
-47.92575929307756
-48.11518644129535
-48.317563492534156
-48.514255497513226
-48.70958563390944
-48.89758033128407
-49.09000262554131
-49.27969130190782
-49.474265309022265
-49.67030461509489
-49.870536647359515
-50.06847564959934
-50.28278300751864
-50.477930533918034
-50.661752679409844
-50.86291166118561
-51.067988357195155
-51.25787784283009
-51.43877843995333
-51.63698402922822
-51.7682674669955
-51.972028916204
-52.16629225217142
-52.379414657028924
-52.56401107385174
-52.84476360525669
-53.048162628129056
-53.24991778715396
-53.45472177160777
-53.65900928505789
-53.8696207120884
-54.07688189802644
-54.272948166329044
-54.4714713854591
-54.690462712720105
-54.91597615493733
-55.13792687908758
-55.34910951745438
-55.456217087055855
-55.675768859458756
-55.86437784371514
-56.09277996514205
-56.30378611582133
-56.52759335561431
-56.763476745177606
-56.95577278451031
-57.201375211178465
-57.444301349523165
-57.69026580660274
-57.886238131583085
-58.11847724029046
-58.43847288897193
-58.67406736226661
-58.9094496442056
-59.12026872734729
-59.36146846571635
-59.60978533642165
-59.86189595259585
-60.08339287284655
-60.315853469021114
-60.555148708427446
-60.80320838861401
-61.031276613873835
-61.271365617021424
-61.14797246341412
-61.63570585923175
-61.87534298494062
-62.13166194860741
-62.41727990098497
-62.775252399393416
-62.899064537120246
-63.197157744980245
-63.44926233577393
-63.704375314081595
-63.946727438163116
-64.3491976059031
-64.63180913857553
-64.88171194178464
-64.96655929757286
-65.38917262537004
-65.66579974934716
-65.93730786634511
-66.18653429160385
-66.43755812347761
-66.6890988978837
-66.9509933545945
-67.20878390127716
-67.47047650901524
-67.72544748900143
-67.95849496594566
-68.19481642083387
-68.45377349868242
-68.72657766234754
-68.99137241134072
-69.23442914649809
-69.47553236284627
-69.73102996720714
-69.99198103540434
-70.25835637103219
-70.51633142019858
-70.75725069366737
-70.9503422907318
-71.21041800358904
-71.46755404331982
-71.72017601398211
-71.96402400888424
-72.22189260162897
-72.48093924681187
-72.73511786413034
-72.9587430504874
-73.17935420902818
-73.47914919841317
-73.73949622217013
-73.98245090357302
-74.23314145886341
-74.47765199032779
-74.72459680411288
-74.98092517304393
-75.2450427541043
-75.49778376068211
-75.75051885180162
-76.00460351304312
-76.26387233686943
-76.52265861220646
-76.78054100932347
-77.0288881922451
-77.28636302605655
-77.54596850655493
-77.80365459406967
-78.05358567635143
-78.31772994498667
-78.58211774974903
-78.8516667500193
-79.09318664850889
-79.34675682749716
-79.60743244314433
-79.87261087292818
-80.13661016281128
-80.38489307933824
-80.65378232627356
-80.92917476833571
-81.1854503090545
-81.43161355086342
-81.69133216384762
-81.95651775679237
-82.31055769771693
-82.47875922079375
-82.75464359587421
-83.01810651622816
-83.26803223250654
-83.53021492724599
-83.79210218110504
-84.0430802370423
-84.32145106481184
-84.60414341939966
-84.8643973300099
-85.12061964106012
-85.4068854401293
-85.65132978457936
-85.94083519170657
-86.22151443597332
-86.48400140386278
-86.74816544931247
-87.01860963916243
-87.34574834979719
-87.58765101943665
-87.86899090871422
-88.13446222911213
-88.41879184269051
-88.70125389000373
-88.9856534321928
-89.28037698892803
-89.56386535221286
-89.85123997931099
-90.15550163806572
-90.45186674836656
-90.7426845757561
-91.02377594555225
-91.30572779257983
-91.6115748220343
-91.91108638242413
-92.21219341075079
-92.52258017596394
-92.81732054349351
-93.10449701961299
-93.4207586225375
-93.7428087184179
-94.03867578949408
-94.33536210316146
-94.67680609384752
-95.00712690710358
-95.28500348181954
-95.57942187005412
-95.91226646771969
-96.24580795682243
-96.56705030046753
-96.90049190158634
-97.39362333635127
-97.55554986970864
-97.88194033639063
-98.19372108111779
-98.53044674446431
-98.86379279406195
-99.20081334678592
-99.5199459529653
-99.93252864248213
-100.15484390456672
-100.61637170525182
-100.928596217716
-101.27642114192913
-101.5609334992101
-101.90896492878194
-102.12286196614576
-102.4450956710101
-102.7461443223781
-103.07046322962178
-103.48333758545766
-103.77818319153118
-104.00280626856411
-104.29356537852881
-104.60719236632403
-104.93084485940194
-105.25002477359769
-105.53372143664991
-105.84524108173626
-106.17085997229924
-106.46093235199692
-106.76279204593553
-107.06881276911805
-107.35657667505455
-107.67262501991608
-107.98848729876917
-108.27828565295161
-108.60052887282097
-108.93234958936485
-109.22502694309644
-109.51047582199794
-109.82676955132732
-110.15589405399598
-110.45265057970997
-110.75534051846698
-111.04861189106634
-111.36687390489142
-111.71172309349029
-112.01344408523842
-112.45343606024058
-112.61723113491574
-112.93799903507737
-113.27171201360272
-113.59656860967242
-113.90566334629861
-114.22705271241585
-114.54525316164828
-114.85576836518487
-115.17092150577888
-115.50162267308954
-115.83115183961966
-116.17375314420391
-116.525008795547
-116.8536119645967
-117.19492401258124
-117.5384076502342
-117.87262913719952
-118.21895340549985
-118.57702880030045
-118.93422853768863
-119.51294335979438
-119.67766802991834
-120.02891379206416
-120.35993097425161
-120.71973537577925
-121.06196950958098
-121.38252630215626
-121.76905617110899
-122.16069141767443
-122.55158188648268
-122.9107977789998
-123.28148356455418
-123.66662290438038
-124.03552408987903
-124.40484556590347
-124.76449660924246
-125.09747280839737
-125.48413679792912
-125.85092341459777
-126.21357448750416
-126.58650577509665
-126.93175393722885
-127.24943965581639
-127.62555893172649
-127.99925262985239
-128.36805654882744
-128.7053247985551
-129.0163708628706
-129.37828989826326
-129.75384266147367
-130.10080371960183
-130.4366838671175
-130.8145245291979
-131.1697456309894
-131.4999735641885
-131.8277362645448
-132.19420646315768
-132.54678647574906
-132.877877872718
-133.23967762986828
-133.57987264078315
-133.90591466274793
-134.25463337170214
-134.59994772839278
-134.9273903584551
-135.31462179726614
-135.67782798185164
-136.03428090934113
-136.36623499757997
-136.6899761476145
-137.04946729677374
-137.40627769935526
-137.76711751808924
-138.12216903616172
-138.49468823637514
-138.83016813009735
-139.1794738238201
-139.52230876359604
-139.87332998063093
-140.25019986706658
-140.6167770578729
-141.0046362052922
-141.3749676942594
-141.75682098309613
-142.1325347401113
-142.46044728604946
-142.83840201168456
-143.2401884113567
-143.6356919748976
-144.02393817515102
-144.39923305638567
-144.7979684006236
-145.20008820176966
-145.60074145379667
-146.11175009531635
-146.50610267246313
-146.79102537306898
-147.19928289059277
-147.61146703145013
-147.98214174251956
-148.37257557353325
-148.76872854073076
-149.14690628984778
-149.543187662516
-149.9426814815216
-150.3489573829395
-150.76106514933872
-151.11986852498433
-151.4601692182433
-151.8443953223116
-152.26478526050772
-152.6407676246883
-153.0189020595194
-153.4094790915285
-153.77783084707457
-154.18808904304208
-154.5994421303677
-154.9668826257799
-155.3590992189511
-155.74683855680397
-156.14695954444318
-156.51666409280602
-156.8857912380541
-157.23992840366392
-157.72403634561624
-158.0847816393905
-158.46647484201813
-158.8297990747971
-159.1873818382547
-159.6907347251525
-160.00351657274624
-160.40758486497847
-160.7821180552462
-161.1710247319965
-161.55455747349666
-161.94548774767426
-162.38223131851913
-162.78094542068803
-163.1929308407129
-163.58150198355503
-163.97540195470418
-164.39290330736222
-164.77030383476844
-165.16929406743705
-165.618893642905
-166.11181839243883
-166.5197211761309
-166.91983687086642
-167.32121706128473
-167.74447454578865
-168.12967731089572
-168.5251484054073
-168.9528014858669
-169.3732822752345
-169.7866450657696
-170.20673258659446
-170.62398790894468
-171.01431244506696
-171.53403560622297
-171.86170746673483
-172.4182849787192
-172.6805405997771
-173.08560666950387
-173.4998246369068
-173.92442667499785
-174.4170773794283
-174.75979471868655
-175.31890175888216
-175.7094868117176
-176.1235231835233
-176.40441006365745
-176.78884860140707
-177.16422263078417
-177.58478802580154
-178.11546531627857
-178.5523445699567
-178.9896671907183
-179.27784225212383
-179.71029354505896
-180.20862465887453
-180.59739627259
-181.1729819865168
-181.5535206651546
-182.0061540889207
-182.48160620976478
-182.72522167631433
-183.27025024038105
-183.58458786481026
-184.25445666177646
-184.48185440447668
-184.93704766411466
-185.3859019314738
-185.84078889488057
-186.23587520568734
-186.77693908042176
-187.40998033071608
-187.84828600251205
-188.01244457836174
-188.6288133805081
-188.92997775561105
-189.38314849008782
-189.82810140915169
-190.38728688054286
-190.78283799562956
-191.23004254760812
-191.6769078245593
-191.98071668426908
-192.36419161863756
-192.82040119349801
-193.33515472226017
-193.72443447911124
-194.19592438336733
-194.62235218306435
-194.91475109047713
-195.3744941189737
-195.84595022697374
-196.2966033539552
-196.74342324645633
-197.21270500430032
-197.61099683863304
-198.06215077902564
-198.54840458353658
-198.98243335423336
-199.41601099152425
-199.91550733790464
-200.32895697887585
-200.73322426587524
-201.27183221483958
-201.711063751894
-202.21030806073247
-202.70459935345838
-203.11942477436477
-203.61864256021195
-204.01401511845765
-204.38660942772506
-204.82777396875383
-205.34587805823165
-205.9155879166106
-206.3225293525581
-206.79728826389587
-207.11835566200256
-207.5733259526386
-208.0188593632794
-208.51265154053692
-209.0576345107071
-209.46701184462287
-209.8381822374064
-210.28188871836895
-210.72720322011557
-211.1866580209268
-211.64573666845718
-212.0900582612922
-212.6560374610356
-212.99470720480844
-213.45097728792925
-213.9195183824828
-214.3955308394648
-214.85940346131716
-215.45008556507514
-215.8849442473822
-216.2419963434024
-216.73964363378244
-217.21936184938372
-217.71822581513425
-218.23516227597713
-218.85254803432068
-219.3367168446678
-219.7599976547481
-220.20807085443855
-220.71005504696464
-221.30904065762118
-221.7934770444138
-222.3403629468835
-222.76611805028531
-223.21451524118172
-223.73100015251487
-224.18983130007092
-224.7023210277479
-225.02900912560364
-225.50167085962838
-226.00827897687634
-226.4368104104406
-226.98085478889894
-227.49697878354377
-227.82069526838362
-228.29831759441743
-228.78533156624334
-229.213016503564
-229.70799271287103
-230.21249255144406
-230.63330182916383
-231.11390598813404
-231.6257833953204
-232.0922524397765
-232.6182173881611
-233.12537171752547
-233.5726414356227
-234.0995289363107
-234.67112060644902
-235.18475378011405
-235.66119645983957
-236.17386786706265
-236.75482054470862
-237.2386385354005
-237.71805391439796
-238.249187611641
-238.78435175363242
-239.264771954902
-239.74211823930565
-240.26234516529075
-240.81113450859772
-241.269745028786
-241.72561763190305
-242.25461335692088
-242.77080243805088
-243.26838623927478
-243.7266616295454
-244.18222481870907
-244.6534218146402
-245.16726088985143
-245.62129946764767
-246.16090565647292
-246.62422475772826
-247.1168734612083
-247.67643432636044
-248.1629786304546
-248.65670929345833
-249.14073007752697
-249.61942228669875
-250.12863771568544
-250.66484389394873
-251.26716061284614
-251.77641321514412
-252.28884759557545
-252.81203521833746
-253.32168494150488
-253.83879792731375
-254.43429073544993
-255.05988631396434
-255.5737331941872
-256.0848857427453
-256.5802516434778
-257.0876268211888
-257.59197972674144
-258.0962269709932
-258.6138650682562
-259.07347309699657
-259.68038795649676
-260.245227093358
-260.7359942634256
-261.22619165959924
-261.6652438893607
-262.15745152255937
-262.6616660872555
-263.1652859818602
-263.65761276358086
-264.14040376529925
-264.6416940498514
-265.1684040727063
-265.69914180648243
-266.21349141935286
-266.7069046578261
-267.21762827029187
-267.76372239539256
-268.3210795813239
-268.8831446932223
-269.4327909732203
-270.0003845499292
-270.57131457893263
-271.12369172990157
-271.6858285724576
-272.25470701110453
-272.81598833682824
-273.367051269506
-273.89995694320277
-274.4669862003859
-275.020053936366
-275.5565553529263
-276.07261276628714
-276.5934168117916
-277.11496904208474
-277.6475164944374
-278.14308656827313
-278.661227900374
-279.2043951196219
-279.70571768362385
-280.2268443460583
-280.7079485191264
-274.7994223344473
-275.35263338517586
-282.21518792974024
-282.74171690908395
-283.29698089823916
-283.3754215919074
-278.12778921796223
-278.73097558110726
-279.3215982651481
-286.2772038707102
-286.8390589780091
-287.33401640294255
-287.9402225002026
-288.10319119940425
-289.13953785834815
-289.7444398523688
-290.3188324845724
-290.87776702227904
-291.36762980392194
-291.8709282618863
-292.4296084467863
-292.9740399381506
-293.51944773426123
-294.0673908416493
-294.5436907760934
-295.0130811218119
-295.55217030696735
-296.1129866061569
-296.661821718393
-297.2065685001628
-297.6797631628424
-298.13521415126263
-298.7003165124588
-299.2571771369557
-299.8090574124225
-300.16691720123214
-300.7992059156431
-301.42665680229817
-302.01906807442964
-302.60405251381536
-302.9019421735864
-303.7525715916247
-304.50622594223563
-305.1915771313189
-305.4762137768891
-306.3868400443193
-307.0805523929983
-307.7388680904262
-308.24797706046036
-308.7703953240966
-309.39294174189405
-309.9498145417171
-309.52113592836736
-310.9626110595494
-311.5402664472929
-312.1286921700473
-312.63484751321465
-313.15725175338736
-313.7648785773227
-314.35204897497016
-314.87456035990436
-315.4164962000571
-316.04769310732485
-316.6151954556299
-316.0733413020908
-317.8536138897402
-318.47038145623736
-319.0810458398841
-319.5677462077613
-316.15899851112243
-316.2950350633013
-315.9611283264165
-316.3675426071294
-316.631060250795
-317.1947390955775
-317.8176180436396
-318.3669097059647
-318.9025657810377
-319.49656483901776
-320.0276534360614
-320.5538180651679
-321.0932575629284
-321.6265777599872
-322.2413825284856
-322.7919516045442
-323.3397026475334
-323.9735026712814
-324.51938211054846
-325.1125539352506
-325.7918525151825
-326.37026719164226
-326.98387077975303
-327.6316538202588
-328.24425953116565
-328.9578917676593
-329.55819443143724
-330.18525750443706
-330.8120591207736
-331.4166483137037
-332.0812430940955
-332.662973094322
-333.2629123205103
-333.8542925680996
-334.4075011682448
-334.9654251106077
-335.52995810149065
-336.1822802541227
-336.76200781722997
-337.31960670391425
-337.918549403566
-338.5005347854287
-339.1076856292759
-339.7033182287288
-340.3112483114757
-340.9314430033079
-341.65068537727336
-342.26909860848
-342.9298259535209
-343.5675710842604
-344.2382961193095
-344.87494070133357
-345.5271943066611
-346.1650366617592
-346.7963441760724
-347.4049035697159
-348.0197136851341
-348.6161915601107
-349.2422658662901
-349.83890249394443
-350.4485358841083
-351.0548112649702
-351.6516096023618
-352.29574553535457
-352.9081214510271
-353.5196232578779
-354.1434410492086
-354.7955672165818
-355.43424107514187
-356.0956368037078
-356.7456515721162
-357.4681794778535
-358.1143285692113
-358.80865613875255
-359.4377844223625
-360.1231177730397
-360.68044362693627
-361.3870815808422
-361.9076738638042
-362.54053474236036
-363.1812698006928
-363.82774203788495
-364.4580627536398
-365.0738593817315
-365.77687249499485
-366.2586912860906
-366.91425120016595
-367.5433529860465
-368.1741544128017
-368.86442716114954
-369.42996242487055
-370.10425539383425
-370.7912947796121
-371.4888541246895
-372.20905483147413
-372.7938690485939
-373.4889529455713
-374.19574607407753
-374.86018912461
-375.53896197544015
-376.1057147965709
-376.75178900202474
-377.42501213032205
-378.04453260336646
-378.7154898291342
-379.27209865953694
-379.90511328416204
-380.605102605899
-381.1878817709372
-381.8629065129907
-382.5489933426666
-383.012093210442
-383.9693473537666
-384.5030817777089
-385.23754529584323
-385.9387969588731
-386.56412207812065
-387.32216905316295
-388.0104445654682
-388.62329673956106
-389.3504539493706
-389.9998514128297
-390.5799673201606
-391.27130242331447
-391.9244976148348
-392.49097410720947
-393.18336750014254
-393.8828148047168
-394.474138472115
-395.0456997096458
-395.75384352079345
-396.48748111788484
-397.1295368448439
-397.90931687882653
-398.63549344148566
-399.30582064138207
-400.04516426758556
-400.7289772574023
-401.4068019637519
-402.05554220867384
-402.8290377521824
-403.4861108896802
-404.10999737819475
-404.78798310627377
-405.45635371137524
-406.07496064910106
-406.6649521755277
-407.3419236436977
-408.04494260298657
-408.6607515670202
-409.38101029039467
-410.14443000370227
-410.91242894354434
-411.6263290811677
-412.2807278683052
-413.15564529922204
-413.8981358203968
-414.5199629315796
-408.87408271594273
-409.6927894944081
-410.41462549397454
-411.0324135903731
-411.64186157036886
-412.2087777687349
-412.9847661556259
-413.68417627218315
-414.2909135257958
-414.8990890390429
-415.53088228337884
-428.8440977099411
-416.9966354146588
-417.7156566130109
-418.457916703958
-419.204636863445
-420.0776064593941
-420.8841824578237
-421.59594922868297
-422.27010947167645
-422.93804352792387
-423.6609630522964
-424.414118440908
-425.03102702672726
-425.6349598953931
-426.21716708180617
-426.9528619468286
-427.6707488415605
-428.3166108691872
-429.0949431104184
-429.7713507948315
-430.3549106707347
-431.097553276601
-431.9899433945406
-432.90609863666504
-433.6486348792406
-434.38727494586453
-435.0917676896365
-435.77098815779027
-436.56923300759314
-437.31911181626157
-437.9109070934976
-438.63364983726876
-439.2899975572489
-439.9490898565512
-440.61007193273315
-441.27812398814575
-442.08752528590793
-442.91453898507973
-443.64462265963573
-444.3919237562792
-445.1536083039651
-445.9237495759846
-446.66583254294494
-447.2420604227526
-447.97970406809407
-448.89427838607503
-449.7232715546876
-450.4057562746636
-451.08083029232876
-451.7585282672383
-452.34321009698294
-453.13899097379436
-453.84103981695876
-454.53779502478056
-455.26237495648235
-456.0001867751586
-456.76149262753466
-451.33560537060924
-452.207844069724
-453.0019040323175
-453.7712299297016
-454.5199807491914
-455.1736882834726
-455.89154705996566
-456.60762405093004
-457.32108937124235
-458.0314819683312
-458.75896158202795
-459.4808143027957
-460.1803197029615
-460.88292342341515
-461.6529678304984
-462.40334393910655
-463.1492892960806
-463.89095163998593
-464.680200186088
-465.449597341865
-466.36656046589826
-467.24413604732877
-468.0086878611391
-468.73869253545587
-469.50062131427956
-470.24634340060294
-470.9734965351936
-471.7034166716116
-472.4436683038769
-473.1864916070709
-473.93338824555195
-474.67658212185347
-475.48800323345745
-476.2499665075345
-477.0114783514383
-477.79140680895745
-478.58401119966453
-479.38933081869806
-480.1877334631894
-480.9841557024946
-481.79479009439416
-482.50270266823225
-483.28853871648766
-484.0538217207781
-484.8095583450285
-485.61749527895535
-486.35598409742386
-487.0099101302014
-487.5407121890772
-488.2935553332538
-489.2069713928363
-490.00945210108637
-490.8431704481657
-491.68412767194894
-492.5148388382847
-493.3627528707439
-494.16815203301786
-494.9556143370876
-495.60298458748434
-496.5053833360859
-497.28147533242486
-498.0227882458414
-498.7968738749998
-499.59559530180803
-500.4093664792968
-501.23123339235315
-502.10477735977764
-502.8139238357096
-503.4971970963472
-504.321564143456
-505.1783516569984
-505.99654211458676
-506.76599350312097
-507.3142672219645
-504.57330518164446
-502.83425683027883
-503.645028574277
-504.4984504152152
-505.3280036515507
-505.9553719640374
-506.7020465568512
-507.5436826104557
-508.40463769697885
-509.3121778393815
-510.1353071333066
-510.98894267347487
-511.83505193893876
-512.6468374649643
-513.4354797557222
-514.0154016165378
-514.8353172805747
-515.6542850458337
-516.4900057018931
-517.3543782673619
-518.2181335081902
-519.0582218896847
-519.7549229775092
-520.482511000312
-521.3358204260096
-522.1610531841725
-523.0031327006475
-523.8525065840462
-524.7102691302257
-525.5761076909552
-526.3038713188275
-527.0298189031452
-527.9017891893931
-528.7655455530638
-529.6271986964865
-530.4818202117606
-531.1945188193707
-531.9165838542789
-532.790256641617
-533.6625874022596
-534.5287882950862
-535.3964439964014
-536.1526816458643
-536.8891995420313
-537.7576581460756
-538.6372562831737
-539.5253840749383
-540.4180464115573
-541.1455478103876
-541.8589323216117
-542.781882464557
-543.6794828066021
-544.5681147651535
-545.4624214007712
-546.2697226508994
-546.9937846413759
-547.8532469872611
-542.4441112676593
-543.3318696255336
-544.5465657377642
-544.8103669208699
-545.7231492317469
-546.6450604952823
-547.5671313179834
-554.635749779662
-555.3873054481356
-550.0543119106818
-550.9277496764727
-551.6777797946343
-552.4310558111971
-553.3216039069104
-554.2279969846863
-555.1580577688204
-555.9276706809721
-556.679555992851
-557.6078658231469
-558.584430734755
-559.3845091201412
-560.1659939407893
-561.1009893370671
-562.0460424494725
-562.8033895959906
-563.5575850027847
-564.4555757627459
-565.35740527146
-566.1087768690328
-566.8541958716587
-567.7682288294945
-568.7336711597904
-569.5489405714841
-570.3535343503661
-571.3140061797766
-572.301812588351
-572.9916046532109
-573.9119665027475
-574.8525500872053
-575.7710659877378
-576.3312588985755
-576.3072847691795
-578.2004061184573
-579.1883529175908
-578.7083068240419
-574.5565598447465
-575.5398552241923
-576.2993681075468
-577.1850598208856
-578.167999147743
-579.162955421782
-579.921413291765
-580.723117734676
-581.668337692253
-582.4541079533461
-583.2401120653287
-584.1935695759514
-585.1781106071959
-586.0117770118443
-586.8293239916349
-587.8395736342771
-588.7199091344417
-589.5999347776633
-590.6163123797688
-591.4383034211979
-592.2310779763915
-593.1596446608795
-593.9268036430606
-594.6967289064812
-595.6557180387161
-596.486602954103
-597.316295825791
-598.351578497677
-599.2590923918386
-600.1536783409907
-601.2112000097077
-602.0567461520255
-602.8729566871293
-603.8378133215416
-604.6361190873794
-605.4332849695935
-606.3858000391143
-607.2072035269744
-608.0511583017687
-609.106268793259
-610.0167100526733
-610.92135524003
-611.97275205362
-612.7486187901476
-613.7126809496876
-614.6906476526369
-615.4894820280393
-616.309824744821
-617.3190461233643
-618.1671747373773
-619.0009559086353
-619.8820933042517
-620.7674468294872
-621.9931943517976
-617.9605166494715
-619.2249066626213
-618.472217830847
-619.3240009122944
-620.1774683649913
-620.9968320122105
-621.8349958265677
-622.8198998894491
-623.7099974228854
-624.4990755765523
-625.5852368284748
-626.6196538153881
-627.4944202053774
-628.4085785389447
-629.326112716186
-630.3770820402176
-631.2346730882703
-632.0758463819333
-632.9063461449894
-633.7449167319201
-634.7816317746796
-635.6820886281549
-636.5644717790065
-637.5061938585098
-638.480416896789
-639.6401414910505
-640.5626989879269
-641.4684799018752
-642.3107880726981
-643.1502149558847
-644.030219963455
-644.853025637269
-645.9265898108717
-646.8799330364408
-647.8523246553627
-648.8226419611572
-649.8165563313721
-644.6004852544598
-645.4940265845272
-646.3793520986553
-653.5058865530624
-654.3618334455831
-655.2807105627995
-656.2218685402751
-650.8467554937063
-651.8426421374364
-652.9827704789425
-653.9301952647908
-654.8907830662198
-655.8286210964725
-656.7684605385413
-657.6627300679178
-658.5942846136118
-659.4729985467601
-660.3851021437027
-661.2826729260333
-662.2442777044737
-663.3398986182326
-664.2461131117442
-665.2441078280991
-666.3380130394388
-667.3215759903886
-668.2287854349455
-669.1513590392282
-670.0356603107515
-670.9755913366301
-671.7948971028387
-672.7675289267889
-673.5502855850689
-674.7875158504918
-675.8721883397834
-676.3126969600056
-671.655368319012
-672.5783396587299
-676.8687497291854
-674.4094761508293
-680.3168645192296
-682.4890047410586
-677.6684695729874
-678.2498211364839
-679.4609583013447
-680.5144432094003
-681.5805251269003
-682.5594385067517
-683.5044866043125
-684.4251403583464
-685.3239458876582
-686.2027938628756
-686.9997138254669
-688.006253372095
-689.0597987726026
-690.21228452624
-691.2473529607474
-692.287071025757
-693.2307935119802
-694.2123139865935
-695.1468968238498
-696.0462178416375
-696.9689466258905
-698.0160055852225
-698.9561423666884
-700.0913678598098
-701.3193541045691
-702.3574346438694
-703.3591720979391
-704.3636029674761
-705.3478642212411
-706.3574942062041
-707.3899277347713
-708.2541255729582
-709.3112658715798
-710.3605153558005
-711.4456343908694
-711.9626061215599
-713.494624870411
-713.2508980639839
-715.0760625343374
-711.7583049074952
-717.6864982941646
-718.6184657202974
-719.4561515735371
-720.6770046497919
-715.5178682267579
-716.5809926070472
-717.6205683381083
-718.7828462960616
-719.8531613667026
-720.7944501158617
-721.8024205717448
-722.646075587565
-723.7545350502081
-724.8914153825816
-725.9746402191922
-727.1074165489375
-728.2109987475721
-729.3417189328801
-730.1715990149806
-731.1905459885661
-732.3153374600304
-733.3593419898668
-734.434751477084
-735.2227442384485
-736.3926223719286
-731.1990481146989
-732.332847855771
-733.3792034240402
-734.5786758152728
-735.8029225248589
-736.3002737499594
-737.5379016295311
-738.8277298629926
-739.672143976324
-740.8788906436049
-741.781176521265
-742.8468553327227
-743.9074922239516
-744.9472183498935
-746.1203277983088
-746.9714476909996
-748.0450161312544
-749.2820118323037
-750.2221315787652
-751.3424632407342
-752.4025476733617
-753.3699936422563
-754.5192303712098
-755.2461142507916
-755.7939984060399
-757.4701860906775
-752.3107750949221
-753.5171977348011
-754.4433363361479
-755.5087277814384
-756.6061989745734
-757.4530114065703
-758.4704607804917
-759.5272512247992
-760.5530654447344
-761.6008845636048
-762.6576422744536
-763.9385857132014
-765.152066760423
-765.9572632452863
-767.1750411153963
-768.2125717573034
-768.9977695059491
-770.0664754247607
-771.1567161556068
-772.0353404631288
-773.1970825584973
-774.4502950388105
-775.3901488624319
-776.5258221360343
-777.5459427880525
-778.3782562841888
-779.434892138939
-780.575111945129
-781.7868518832144
-781.1553146369254
-777.5886769544144
-778.8419907948266
-779.9696944757027
-780.7848859040437
-781.8775033496223
-782.9839242767715
-783.8701759745171
-784.9749912717741
-786.4605091059842
-787.3688265164736
-788.2688861542704
-789.3367402827075
-790.4831331195994
-791.3286009918685
-792.415718575856
-793.5258775576384
-794.4240081032987
-795.594359495409
-796.8561200281988
-797.8804834876495
-799.0672772836347
-800.1872988328639
-801.0633646425318
-802.1730426917674
-803.2835233494151
-804.1893168192192
-805.3906681312701
-806.6086347315688
-807.6122949172639
-808.578610967163
-809.7526336811234
-810.8854654918111
-811.7726371886341
-812.8721079961347
-813.9980055210661
-814.9475343809492
-815.9347376151263
-814.0814667124325
-812.2529994438436
-813.1494300075419
-814.3964647224868
-815.4137229137391
-816.3393401638091
-817.2198319445956
-818.3928789038976
-819.6323266536747
-820.6851516421967
-821.9778598357931
-823.1881746427061
-824.1323534567432
-825.0664643175518
-826.2063522301561
-827.3511133254354
-828.2928647612708
-829.3129119354837
-830.5992306503384
-831.8660726810765
-832.8496054734492
-834.0524777535384
-835.213800562424
-836.1268658587818
-837.0460578552718
-838.2330051939496
-839.4788858974706
-840.5123510634895
-841.5421838469049
-836.5290204801879
-837.7378616788792
-838.6810598493784
-839.6062772550599
-840.7840064128317
-841.9980562871295
-843.0131689742727
-844.0677505939773
-845.4107408461115
-846.5752667442225
-847.6455349326536
-848.6010584713642
-849.717381647637
-850.9867667124273
-851.9259404396839
-852.9382322129155
-854.3175750207092
-855.6655647905462
-856.6288703014669
-857.60760449353
-858.5746393583134
-859.7773462247308
-860.9795822022105
-861.9463947366593
-862.9889743690155
-864.3926570422906
-859.3053416314901
-860.7388025322173
-861.4324937670478
-862.4233073510549
-863.8026445159569
-864.8595789512782
-865.9075850711571
-866.965804030656
-868.3052523809112
-869.6073601595234
-870.6054383555213
-871.6583980453764
-872.6267512289508
-873.8529001249378
-875.1059348825069
-876.1578770090343
-877.2156751562294
-878.281809538468
-879.601826353206
-880.8915930591535
-881.9153703369085
-882.9222175671767
-883.8498717563982
-885.2433773436695
-886.641854028001
-887.7090024107392
-888.7750314431621
-889.7397211720279
-891.0419308443834
-892.3414424864096
-893.5267513770222
-888.139881045081
-889.1743129423129
-890.2623475237423
-891.6106107005439
-892.9807137500304
-894.0362437257484
-895.1197338271746
-896.0709469247886
-897.3883474265543
-898.7096651214094
-899.785199842551
-900.857590964369
-901.9417928722734
-903.013058221378
-904.3486683846122
-905.5643105335994
-906.6095368973369
-907.6915801956457
-908.790055761966
-909.937758165241
-911.308471553787
-912.6552402742093
-913.7282713262197
-914.8180549687194
-915.8760406351295
-916.9448936529534
-912.0372416378378
-913.3886004423335
-920.7954193125113
-915.600468551095
-916.6955555355815
-917.7866091013159
-919.1463034751009
-920.5001096581443
-921.5927870986579
-922.6905735045244
-923.8577071945845
-924.9059389763786
-926.0165094547244
-927.3798496231474
-928.7278117253586
-929.8372691881767
-930.9474565956863
-932.0400775880557
-933.1464655750418
-934.2698156258548
-935.6711058888891
-936.8650966993802
-931.8658306999448
-932.99773716061
-934.1091774039694
-935.2537089976774
-936.3655183717635
-937.4293314808878
-938.8690693508739
-940.2952902880321
-941.4235985271218
-942.5877641855121
-943.6652270997704
-944.7903764758254
-945.9031674893523
-947.0012272906037
-948.4614801697011
-949.899510964535
-951.0292920127082
-952.1630690348989
-953.2962444140273
-954.442268809261
-955.5493022525108
-956.6532697534741
-957.7723532869327
-959.2989367258981
-960.4087144754641
-957.2331381860197
-956.7820417220486
-957.9283943109299
-959.0565062915716
-960.1574937579746
-961.2892095802132
-962.460913348127
-963.6545813054934
-965.1129178960207
-966.6013903684576
-967.7691148224898
-968.8676298623162
-969.9834688102122
-971.1331852802913
-972.3398887745637
-973.5431582430087
-974.720952358168
-975.88479600538
-977.0841227753472
-978.5448431448436
-979.9192553330427
-981.0461836825795
-982.263264831403
-983.4850163364096
-984.6475847450187
-985.8142919990737
-980.7846238265141
-981.9813701796043
-983.1295217332149
-984.2520870628854
-985.4405006764098
-986.9921494551829
-988.4994910289334
-989.6722161783839
-990.8950958625737
-992.1023553250413
-993.304442095426
-994.3830764036439
-995.6003199839085
-996.8371653375385
-998.0285367562399
-999.2312689827659
-1000.4583376710651
-1001.6855601639905
-1002.8506251098845
-1004.008603993811
-1005.5205484648051
-1007.0792868839055
-1002.006703469933
-1003.1973504613021
-1004.4397810199041
-1005.6778315146169
-1006.8503278142821
-1008.0172307466567
-1009.2494431014604
-1010.512196251674
-1011.7451219583032
-1012.950191895446
-1014.2062372712253
-1015.4799702739125
-1016.6841199938809
-1017.8492005462854
-1019.058866619316
-1020.3124912989608
-1021.5678022439688
-1022.7634659376661
-1023.9995377027186
-1019.3336593516777
-1027.1558136626888
-1028.3579819903182
-1023.3099545059557
-1024.6315637660816
-1025.81776125324
-1027.0255017853901
-1028.3020927106231
-1029.5649230358154
-1030.796109661208
-1031.9934078594902
-1033.2633937389232
-1034.5726016092694
-1035.8442411530198
-1037.0157919268377
-1038.301685921806
-1039.6208577739171
-1040.8752745427255
-1042.0527988513268
-1043.3053558517154
-1044.6227679614929
-1045.8875714750945
-1047.1004784969457
-1048.4035586250445
-1049.7628345906332
-1051.0236418766183
-1052.2479095079318
-1047.508953965778
-1048.5095565530896
-1049.770291140732
-1051.0089919257887
-1052.2937878683972
-1053.6260104390763
-1054.907926856936
-1056.1668734506814
-1057.4708929819287
-1058.7871459715257
-1060.0295878498757
-1061.2820304740017
-1062.6130211055688
-1063.9470672869265
-1065.2067047828814
-1066.459556255618
-1067.7923324462795
-1069.0911593875942
-1070.3472518467452
-1071.6245553682145
-1072.9820474449139
-1068.0276619862514
-1069.2644283603117
-1070.5511937747813
-1071.904949584525
-1073.2113933270005
-1074.481789673478
-1075.7864855244957
-1077.1169951721843
-1078.4324350839397
-1079.7369616079284
-1081.0880829083121
-1082.4397340323765
-1083.7177413650156
-1084.9689999068496
-1086.3030833397597
-1087.6606441588124
-1088.9747520638425
-1090.2693870680102
-1091.646789836543
-1093.0076107280502
-1094.3021724938337
-1095.5911294917066
-1096.9475196617636
-1092.0017454680105
-1093.3438054421551
-1094.6666709960455
-1096.0547346804788
-1097.3776011558032
-1098.6666724004976
-1099.979846319104
-1101.0066604429805
-1102.0364638408253
-1103.3857291957172
-1104.7323722025103
-1106.160031133062
-1107.5175408705777
-1108.8127491481785
-1110.1169066244343
-1111.492237776936
-1112.875661490911
-1107.9100414874188
-1114.916852166374
-1110.7022194685298
-1112.0753840264488
-1113.3949160393192
-1114.7290879895556
-1116.1223700893972
-1117.4799479083279
-1118.8330917855606
-1120.2333664111711
-1121.6558347392424
-1123.0092879773229
-1124.0239855326195
-1125.0193441520566
-1126.4080785867272
-1127.7767329329963
-1129.1677688559666
-1130.576306729251
-1132.020529465352
-1133.3784809196773
-1128.4411967926324
-1129.8126410126092
-1131.2262364838407
-1132.6081924694176
-1134.0024258457777
-1135.4101594565295
-1136.8263848270904
-1138.188626299608
-1139.222800545531
-1140.2466091557415
-1141.6694012789328
-1143.0914296623455
-1144.514650592252
-1145.9268067380551
-1147.3423928189118
-1148.734231932393
-1150.1405914699728
-1151.5472886231303
-1152.9503523147291
-1154.3565650688408
-1155.800022712449
-1152.2184575243002
-1151.667378273492
-1153.0628078384923
-1154.4595066018353
-1155.8819949504932
-1157.305994025042
-1158.7476060621734
-1160.206808276975
-1161.6568063974878
-1163.067790646544
-1164.4839755378232
-1165.5422964762347
-1166.6262142514981
-1168.0478952945027
-1169.4749163761348
-1170.9418767097131
-1172.4088672002645
-1173.8247706533298
-1175.2450944009447
-1176.6969446820954
-1171.8847840753579
-1172.95700527533
-1174.0468492530067
-1175.5083904285639
-1176.9838797141558
-1178.4156469365514
-1179.8293078378122
-1181.2933841375705
-1182.7790830923288
-1184.2536914127263
-1185.6862935760005
-1186.7746364617478
-1187.9037163788994
-1189.3404475318719
-1190.8169329975203
-1192.2782776063943
-1193.73695039844
-1188.9351532689202
-1190.4248024602398
-1191.911397166373
-1193.0147553176855
-1194.1106300206286
-1195.5642147082476
-1197.0352423774295
-1198.543901620322
-1200.0153239808005
-1201.589744434367
-1203.0099228152642
-1204.1636466593495
-1205.2316133160316
-1206.7712333162713
-1208.1906796999092
-1209.7729232975364
-1211.2381936295515
-1206.4570937892527
-1207.9492272011644
-1209.0444464038078
-1210.1302765729295
-1211.6185956550312
-1213.1291770216724
-1214.6516697714953
-1216.1453121148481
-1217.6511104850013
-1218.7833605501469
-1219.90515313501
-1221.388255808248
-1222.9590644136958
-1224.5223323393386
-1226.046072118123
-1227.493953411226
-1228.9973712395113
-1230.1598831638382
-1231.2950069407927
-1232.8533048005625
-1228.0842121739597
-1229.5852283591482
-1231.120390320495
-1232.2727495717586
-1233.412440653502
-1234.9299144691954
-1236.4922741799671
-1238.011149774624
-1239.568523046679
-1241.0961847101123
-1242.2707454048739
-1243.3957984086358
-1244.9409231606987
-1246.482836551158
-1248.0485644508592
-1249.5755800418824
-1250.7561899398552
-1251.9057030983818
-1253.5056827278142
-1248.7766198261154
-1250.300199416225
-1251.839637973658
-1253.3620757688986
-1254.5557582179733
-1255.7363949301368
-1257.3261725595657
-1258.8502635276589
-1260.4003715459417
-1261.9328644953646
-1263.1348471616855
-1264.3011526428907
-1265.902837440343
-1267.4813640382329
-1262.785574000344
-1264.3107636041186
-1270.5382440992898
-1266.6056622186406
-1268.2316444309497
-1269.883202531557
-1271.4750361156746
-1272.6048449147056
-1273.7679618116965
-1275.3464422989848
-1276.9626702063272
-1278.5751826486317
-1280.170075581537
-1281.4150637144069
-1282.5620847604673
-1284.1419566434238
-1285.694056143348
-1287.3032393286665
-1288.5172552489005
-1283.4907315459259
-1285.0764732537202
-1286.6709018890872
-1288.2528889977102
-1289.4724372177861
-1290.718795688503
-1292.2870666550202
-1293.9010221879828
-1295.5234583829756
-1297.155814908185
-1298.4272753631178
-1299.579453824487
-1301.1764351845682
-1302.7924586464449
-1304.4358893465699
-1305.672513410199
-1306.9185113617164
-1308.5058385765421
-1310.113426645923
-1305.883404381242
-1306.6452201526924
-1307.9213359801165
-1309.5711740891338
-1311.2095888248468
-1312.8385572816298
-1314.0729534146046
-1315.2900457190378
-1316.9090205293453
-1318.5489388550284
-1319.8354013499425
-1321.114061527401
-1322.7740383143782
-1324.3708115643228
-1326.052533359116
-1327.2681805432076
-1327.6182533245476
-1330.203989085615
-1325.5564337450423
-1333.5657817734873
-1328.4174913818827
-1336.0865766837546
-1331.356655014825
-1332.9343180525173
-1334.2201326567017
-1335.459252356208
-1337.2349855507207
-1338.9819052545865
-1340.6075148787809
-1341.7992705893548
-1343.0861945817956
-1344.8011011802664
-1346.5150544895996
-1347.713743981345
-1349.0173791984435
-1350.6679908610233
-1346.0740009689887
-1347.7506570320681
-1348.9545390141193
-1350.2500170416608
-1351.9898356394401
-1353.7366252445452
-1354.975149172966
-1356.251967676332
-1357.9203796216657
-1359.6648743018104
-1361.0086506413163
-1362.2643890858121
-1363.970567721979
-1365.6925384861631
-1366.9841591392628
-1368.2239978445336
-1369.6861272669769
-1365.412813551883
-1367.1557481642787
-1368.4299945341636
-1369.6839374579126
-1371.3803043673333
-1373.1240769940434
-1374.1477046321716
-1375.7943153121078
-1377.5172280182846
-1379.1442061958967
-1380.504075467435
-1381.782771901633
-1383.5650966894468
-1385.3303596355638
-1386.717969933508
-1381.6368556900754
-1383.3796153320022
-1385.1189723253942
-1386.4715405962918
-1387.7859933120776
-1389.5691195331024
-1391.3112064679826
-1392.553462270454
-1393.9325275364101
-1395.7000329520436
-1397.0309073765839
-1398.3681403838173
-1400.1106466702654
-1401.8873991529524
-1403.2735057600694
-1404.5894608739554
-1406.3691198656654
-1401.819576558766
-1403.1854018404033
-1404.5407116291615
-1406.3532868575787
-1408.132108640618
-1409.459326408391
-1410.784439512397
-1412.5267697932622
-1413.9283381862076
-1415.2934902429254
-1417.1000843126922
-1418.8643205944854
-1420.1921044360233
-1421.50576064962
-1417.070949283945
-1418.8974913862519
-1420.2504115726986
-1421.5990664160797
-1423.3996784904145
-1424.7570316481906
-1426.1022707982295
-1427.924451876039
-1429.7515934966727
-1431.1403540514068
-1432.4989035020894
-1434.2731106149354
-1435.645607959122
-1430.7506061285128
-1432.5940415629484
-1434.3846904390673
-1435.7550462205238
-1437.1212145978889
-1439.0154589385072
-1440.3280196397734
-1441.7820096378175
-1443.5403817146787
-1445.3836549757432
-1446.8560135498146
-1448.1791850347909
-1443.776735890604
-1445.0699853106526
-1446.4390031444696
-1448.2931613844573
-1450.1698909648321
-1451.5718234816636
-1453.0258856251078
-1454.7692803102175
-1456.163395950649
-1457.5732266441846
-1459.5024223726377
-1460.9913528795794
-1462.2877583283257
-1464.1803084126896
-1466.044561330571
-1466.88328468464
-1462.6138914440412
-1464.502449113545
-1465.7810102056528
-1467.1648804661231
-1469.0251336656218
-1470.4331667527783
-1471.8956072144413
-1473.798124061218
-1475.617047158066
-1476.5579778937015
-1478.4305811391291
-1480.3759560785359
-1481.877829305272
-1483.213445806257
-1485.0393342547184
-1480.19070045023
-1481.5899820672068
-1483.6350503312326
-1485.101890428737
-1486.4346998184633
-1488.2178557817767
-1489.654583470754
-1491.1247759393302
-1493.0070458081254
-1494.5693375162118
-1495.7848338870508
-1497.7116884961129
-1499.1458966620432
-1500.627660916517
-1496.278697355163
-1498.1955075781973
-1499.49609410224
-1500.9252619038916
-1502.8658603209715
-1504.3317128891317
-1505.881823639442
-1507.6562277109967
-1509.0890565520583
-1510.5117604814661
-1512.5486201284186
-1514.1081730338317
-1515.4430345719584
-1517.2733395815997
-1517.146937890593
-1513.8677120282375
-1515.867010796478
-1517.2580775214
-1518.7060808910012
-1520.6711007342465
-1522.0951155954974
-1523.6396910452625
-1525.53426722387
-1527.171014813207
-1528.422001392822
-1530.3838824504983
-1531.8773755881696
-1533.3470212436648
-1528.4495495076512
-1529.914603064505
-1531.8936011035958
-1533.2654448538785
-1534.8728644449516
-1536.8093694612826
-1538.232454891095
-1539.7024867184602
-1541.6804468112398
-1543.3738126817095
-1544.6630437689093
-1546.632040291052
-1548.0733536786186
-1549.5416824007416
-1551.5011355495637
-1553.1226696019291
-1554.464153412994
-1554.7796391253974
-1557.8727524431793
-1559.4414672931478
-1555.299949455302
-1556.5741430034898
-1558.150275417946
-1559.6424479175287
-1561.186756234755
-1563.1149110744082
-1564.5581441696243
-1565.9941005676494
-1568.0824942189406
-1569.5762585967052
-1571.0606965381357
-1573.0178331664245
-1574.587476355635
-1575.643561274428
-1577.5392303913534
-1579.0515852398896
-1574.7884018676482
-1576.277931553118
-1577.749151457782
-1579.7920021608636
-1581.2339282593264
-1582.8736474042905
-1584.8481485938087
-1586.3503145868858
-1587.8533146920583
-1589.3991189974213
-1590.9540216110463
-1586.689431477392
-1588.2056593576542
-1589.7101450154673
-1591.743504437256
-1593.2178476383401
-1594.677948188932
-1596.3389735131454
-1597.8509870726068
-1599.8904215424404
-1601.4584516199118
-1603.0141389618645
-1605.0388536530552
-1606.5820460895402
-1608.124672558239
-1603.4430120978832
-1604.9268112959635
-1606.9941041452878
-1608.534697390496
-1610.0436646789483
-1611.5725914556917
-1613.133123592142
-1615.1726443275495
-1616.7616066350754
-1618.2659820975498
-1620.3431913039035
-1621.8739721697584
-1623.4662842140604
-1618.7712720151353
-1620.3429635943362
-1622.3654356469006
-1623.899585373554
-1625.427206970278
-1627.0574054034469
-1628.6321453059045
-1630.738607908698
-1632.2895498702242
-1633.8210686598381
-1635.4359917977981
-1636.998150217419
-1639.1150677484675
-1640.6752978200984
-1642.207383315182
-1639.6001663425434
-1639.0459559389724
-1641.2357051127167
-1642.7918431688447
-1644.4390165008138
-1645.9640841160933
-1647.5637329928188
-1649.6353452127503
-1651.2640330364316
-1652.8661884071714
-1654.5209763284122
-1656.0901271894115
-1651.8972031041842
-1653.492564292787
-1655.0982894601352
-1656.786445229803
-1658.3288743758362
-1660.4589923143874
-1662.0417433359191
-1663.6188306526874
-1665.2770007796
-1666.9014533493053
-1669.029554292438
-1670.5272174426336
-1672.221601848917
-1673.8427369802366
-1669.1458606306403
-1670.7633600391623
-1672.3829174391951
-1674.5245597475796
-1676.1546829071567
-1677.766543881717
-1679.3962842221329
-1681.0109180824534
-1683.1797036809749
-1684.7993387719873
-1686.4369721675712
-1688.0840204788683
-1689.6647148629274
-1691.32956771644
-1686.6937404517776
-1688.878828098362
-1690.5248413071938
-1692.121662931839
-1693.716358906832
-1695.3752165857948
-1697.0570284662692
-1698.704502501273
-1700.9034769598934
-1702.5673965265573
-1704.179553125021
-1705.819893294296
-1707.4661672452667
-1709.1408663413135
-1704.5104665441395
-1706.6965221590222
-1708.3429269817207
-1710.0046580031596
-1711.6107542621248
-1713.3392618953148
-1714.98463219839
-1716.7083683935298
-1718.8939562007906
-1720.548191363202
-1722.2446572346555
-1723.9314799965498
-1719.3635511050175
-1721.031006198374
-1722.6493125741154
-1724.863028340769
-1726.5609543808928
-1728.2886087362208
-1729.9175938326084
-1731.6236398691817
-1733.2567926490822
-1734.9307564465591
-1736.6545130333777
-1738.3475418285734
-1734.3208174813933
-1736.0264717732186
-1737.696167226842
-1739.3922618705985
-1741.0748408221027
-1742.7683618958063
-1744.5009980546006
-1746.1775987906462
-1747.8765833937962
-1749.6224095518114
-1751.3213727441141
-1753.602174146653
-1749.0498175939506
-1750.773034340286
-1752.461402181281
-1754.14153175076
-1755.8162827738338
-1757.6063397066907
-1759.1759635063554
-1761.0601034069466
-1762.6921566752428
-1764.4700589464783
-1766.763654787561
-1762.1940474681553
-1763.9620972847495
-1765.6573995296528
-1767.3644301825848
-1769.1238390847554
-1770.8789759606534
-1772.8213747310606
-1774.3348203066887
-1776.0276630731755
-1777.6925761978096
-1780.1662598304601
-1781.7022801522955
-1783.639877488449
-1778.9842481540472
-1780.883321076851
-1782.6375179286235
-1784.3347931231124
-1786.063903075369
-1787.8387174811091
-1789.5785252073517
-1791.2669795140644
-1793.0691155448785
-1794.9573604524037
-1796.722385794101
-1798.5160648120368
-1800.2703570904966
-1802.0050083621084
-1798.0818998763746
-1799.907764731871
-1801.7225281732963
-1803.5128735595754
-1805.1665599603516
-1806.861596728641
-1808.5689811513007
-1810.6147562543993
-1812.3170140073928
-1814.204238716144
-1815.999055190252
-1811.4772898920112
-1813.3290153129467
-1814.9357187100616
-1816.825468091674
-1818.5716937050606
-1820.2376841437056
-1822.3464277230087
-1824.076433599297
-1826.0075409411943
-1827.8359806849278
-1829.6269565483956
-1831.495044929549
-1833.2941536026785
-1835.1098780123343
-1831.2764460324363
-1833.0636236289129
-1834.8355072317356
-1836.761286376126
-1838.5145909494236
-1840.4659139913758
-1842.27197653838
-1840.7415538191412
-1839.6296362858075
-1841.5358071866021
-1843.4248354706015
-1845.2524315477658
-1847.0738611543077
-1848.8529572297948
-1850.781944551559
-1852.6744918979753
-1854.5110252234479
-1856.3226081916196
-1856.1127446197563
-1853.711743406109
-1855.5864903781799
-1857.5102497500684
-1859.4304983714221
-1861.2664616671893
-1863.1616356953332
-1865.0901221263714
-1866.8320034474593
-1868.7653519730272
-1865.3903532310362
-1866.2064982220052
-1868.0178078385939
-1869.908101501547
-1871.7915355755003
-1873.938755993787
-1875.6911850710244
-1877.4755222679346
-1879.3154850523408
-1881.1813063467043
-1883.0521888822077
-1878.6552609117582
-1880.5875891517624
-1882.4858501871163
-1884.2476260888777
-1886.1777250962923
-1888.136919830389
-1889.9879283121033
-1891.9013936929625
-1893.9366911999775
-1895.7539781728722
-1897.5422201034862
-1898.782920997417
-1894.3690877695583
-1896.2505739049568
-1898.1151142688589
-1900.1321562470062
-1901.997184058072
-1904.032408900264
-1905.8523933912688
-1907.8866731351663
-1909.6065788661397
-1911.5454038581838
-1913.5015023521373
-1909.237261304888
-1910.8965709862857
-1912.830058279053
-1914.6279646139376
-1916.5856259950876
-1918.5881221641705
-1920.4253434954726
-1922.309869961952
-1924.4257800226435
-1919.8198504992863
-1921.9165655756517
-1923.6919350496346
-1925.6004575228365
-1926.8017655939414
-1928.6794369041427
-1930.766163711918
-1932.8645498482497
-1934.689728559799
-1936.5217448628885
-1938.3783058244974
-1940.282877004369
-1942.2424897912376
-1937.74377757753
-1939.7020050893439
-1941.6448834195799
-1943.5882423673652
-1945.5843753481288
-1947.5634031015077
-1948.976558871313
-1950.636700389647
-1952.5874217928795
-1954.5758272364744
-1956.543700090343
-1958.4829735169392
-1954.0808600715193
-1956.0045066470323
-1957.8987254663791
-1959.8357304565009
-1961.778246071794
-1963.7143195286533
-1965.7184548433115
-1967.0174898791624
-1968.955411226669
-1970.8584164820418
-1972.8118118617447
-1968.4281494630013
-1970.4004339450682
-1972.3926694353916
-1974.3619827414027
-1976.2814168890284
-1978.253842637538
-1980.1666370106673
-1981.5474062709322
-1983.4458880655125
-1985.425421804793
-1987.3954806876582
-1989.358463654211
-1985.0425080608238
-1986.9767756801605
-1988.930025914433
-1990.8855510886108
-1992.902251403864
-1994.8691243801295
-1996.2068523077128
-1998.1812604754466
-2000.140104004689
-2002.1310874427945
-1997.7925271505333
-1999.765610630143
-2001.759773527777
-2003.7602474641321
-2005.765802773955
-2007.0775735256732
-2009.0837573607812
-2011.0140057335616
-2013.0223080205958
-2015.010383108507
-2017.0224170060033
-2019.0221696933486
-2014.7226296049976
-2016.7108516087449
-2018.0363258795517
-2020.0626539409395
-2022.013505540263
-2024.0251984906542
-2026.0601458077838
-2028.0907979188173
-2030.1115475612064
-2031.4256604900727
-2033.4178109977638
-2029.1254245650632
-2031.1297476965522
-2033.165551570576
-2035.2203479533541
-2037.2427161897429
-2039.272808192774
-2041.2885879813089
-2042.621596747757
-2044.6117578208077
-2046.611962358178
-2048.59236172374
-2044.363456107097
-2046.460544038418
-2048.5271195153578
-2049.8775828734247
-2051.9115640787713
-2053.859242445243
-2055.8991959501323
-2057.83679472007
-2059.281020590729
-2061.3422051659823
-2057.128784632848
-2059.2170401648773
-2061.297506752366
-2063.353720033444
-2065.356289519855
-2066.708012100417
-2068.7080721214784
-2070.7645102409924
-2072.805725065434
-2074.904425639192
-2070.7113620837245
-2072.775511378727
-2074.519403328321
-2076.239986923972
-2078.2905031970704
-2080.295411696645
-2082.2922381945914
-2083.7201457355245
-2085.7926203807074
-2087.901989276105
-2090.0000618252297
-2092.1926941949714
-2087.864640081006
-2089.917629840673
-2091.312043723908
-2093.4350464139775
-2095.494422488072
-2097.5316969833193
-2099.619919635063
-2101.004444888185
-2103.1227354691305
-2105.2508795881054
-2107.4174165795653
-2109.502704906434
-2104.6167995127203
-2106.7099886413394
-2108.7270005792284
-2110.787763930023
-2112.8824674897282
-2114.281526875325
-2116.4002307759897
-2118.5870198316084
-2120.734391779449
-2116.5980785777674
-2118.6992577674732
-2120.7544067561726
-2122.150897468077
-2124.16204433902
-2126.3653284768175
-2128.4511401108166
-2130.59860476971
-2132.0663068364547
-2127.949198527125
-2130.0015061386007
-2138.514336993324
-2134.329326086164
-2135.7811783462316
-2137.8634220842528
-2139.927387800527
-2141.3659920509317
-2143.4649813625365
-2145.6576273672026
-2147.8656199612633
-2150.0976189088715
-2145.4185635483395
-2147.389145734189
-2149.4457513285993
-2151.5617530367545
-2153.6779960144636
-2155.0921353211497
-2157.2215037240853
-2159.428459926456
-2155.3930948170846
-2157.6164063895853
-2159.054851912306
-2161.2167354430308
-2163.3532412280174
-2165.486294471864
-2167.5544652727676
-2168.987947701301
-2171.175587846295
-2173.431687120397
-2174.9007895771674
-2177.1712862003164
-2173.0166083853587
-2175.255223525793
-2177.4056465980107
-2178.7858241797535
-2180.9713340994476
-2183.1501300200666
-2185.2855414837354
-2187.4995490986785
-2188.9865633007353
-2191.2892448947678
-2187.239807647962
-2188.6939482994576
-2197.2028805636164
-2192.9914827763564
-2195.215510187145
-2197.367989806958
-2198.8383325455643
-2201.0537044150433
-2203.3336926002808
-2204.848288007396
-2207.1244905119456
-2202.9716439211315
-2205.240920483959
-2207.3853219776156
-2208.771545413824
-2210.9866921667617
-2213.2435376350054
-2214.7566081645587
-2217.0062374748613
-2219.314931524636
-2215.2829946143056
-2217.530757098749
-2218.961061103916
-2221.1571696187316
-2223.355698671451
-2224.839039581551
-2227.0507711359305
-2229.342492027201
-2225.3547179682455
-2227.6987495766753
-2229.1324955449736
-2231.457374528952
-2233.6691127588697
-2235.1263652824946
-2237.2826132435493
-2239.533726129489
-2241.029232762518
-2237.0231990924076
-2245.641350312174
-2241.699824279704
-2244.00878482287
-2245.5000646042827
-2247.6973429087825
-2249.8741695876333
-2251.188778664225
-2253.6105602474954
-2256.0282569746646
-2257.5549592572324
-2254.109986579069
-2256.059615286263
-2257.4891866109137
-2259.73785994061
-2261.9076348402964
-2264.0908829264013
-2266.344415236099
-2267.906176219834
-2270.2546004128635
-2266.3772431055286
-2267.956796076845
-2270.3056565019433
-2272.5844110463736
-2274.058436441576
-2276.307956970091
-2278.555554322556
-2280.0835073085605
-2282.3861716026545
-2278.4622667181966
-2286.3493914215173
-2282.4431672645514
-2284.707719561126
-2286.9993577078526
-2289.245209190161
-2290.8128281086733
-2293.0392381412967
-2295.408624119816
-2296.964603889181
-2299.375382917879
-2295.443654550895
-2297.0164515633173
-2299.352754097117
-2301.6510044749107
-2303.1835010559
-2305.4863242154174
-2307.785302766767
-2309.343460654938
-2305.357635534874
-2307.742104618939
-2309.355495961073
-2311.6786734021107
-2313.9811240164963
-2315.625311332711
-2317.8745245907585
-2320.2642110786414
-2321.9299980196424
-2317.8874804080383
-2320.349419821635
-2321.937756953279
-2324.248171653505
-2326.6061926668813
-2328.1592093970385
-2330.4927274130437
-2332.9048622463265
-2334.4655134392706
-2336.7560673448925
-2339.131340519018
-2334.4381222833995
-2336.844822893475
-2339.2675901390908
-2340.8402398261055
-2343.2294162050207
-2345.621724558576
-2347.295160392281
-2349.5376136911323
-2345.6283925600073
-2347.2437189869643
-2355.950708168048
-2352.177666963866
-2353.690546206033
-2356.0284189043555
-2358.482840902433
-2359.971035666242
-2362.3991914624526
-2358.4716909715435
-2366.366614687005
-2362.4987433295023
-2364.8823096915858
-2366.508686796674
-2368.9806387631784
-2371.2944343143236
-2372.9150652240537
-2375.277610197215
-2377.6724551416437
-2379.3178571226726
-2375.452497471534
-2377.919279160798
-2379.5472097246757
-2381.9944409468458
-2384.398945297801
-2385.992244750733
-2388.387777763424
-2390.8136538389513
-2386.1031941283973
-2394.0193125765672
-2396.41159574942
-2392.581066313895
-2394.203382948563
-2396.678479328295
-2399.153982281765
-2400.7712478297726
-2396.896543028051
-2405.642392861463
-2407.277662128391
-2403.4486327937757
-2405.9145694507324
-2407.5021638005064
-2410.012971919884
-2412.518100256279
-2414.1657506139013
-2416.5797849196115
-2419.0226468406577
-2414.394636470228
-2416.031864143059
-2424.725261129636
-2420.888708543142
-2422.561359393118
-2425.0437832204934
-2427.5499152403386
-2429.1839743582655
-2425.412587818053
-2427.9120872044928
-2435.8891365574223
-2432.0318936222925
-2434.5091586356543
-2436.1237877047865
-2437.7814905894575
-2440.326496674798
-2442.8070075333367
-2444.4748782262927
-2446.9553563139916
-2443.1617277289274
-2444.807244794516
-2447.3018410467416
-2449.782945519684
-2451.4796357739724
-2453.138004963205
-2455.6290009900686
-2458.144842751103
-2459.824576347015
-2456.052862913212
-2458.58169243117
-2460.243079858723
-2462.815274162513
-2465.2534225148197
-2466.992386792732
-2468.714885348081
-2464.9564487550556
-2467.431165567235
-2475.396461347393
-2471.617088463631
-2474.2027501175685
-2475.8338518971073
-2478.372446450939
-2480.9327571947124
-2476.31220231587
-2484.2900671942225
-2486.8330633328806
-2483.0953502722773
-2484.8040375006553
-2493.6214191722247
-2489.9210454537565
-2491.648705322303
-2493.3705892124317
-2495.981727593195
-2492.2625242363174
-2494.012344047976
-2496.5993729691745
-2499.139286725745
-2500.8090765251904
-2502.5492990887465
-2505.104242940612
-2507.613735930157
-2503.033663292246
-2505.5571351940443
-2508.151482375614
-2509.853524855142
-2511.51741136004
-2514.1224658542837
-2516.7743829505957
-2518.4094142847584
-2514.75283648868
-2517.3460172857986
-2525.334465300134
-2520.865328846405
-2523.4041152972864
-2526.005216260901
-2527.7774538901567
-2530.317945852535
-2526.64687165671
-2528.310559189347
-2536.3337076709304
-2532.648790186514
-2535.288039538804
-2536.9868934009323
-2539.630212290567
-2542.2834359152052
-2537.680342747675
-2545.7149814563086
-2542.040690553453
-2544.655205959914
-2546.3961966365805
-2548.163515658195
-2550.852195828635
-2553.494522150755
-2555.1974128933593
-2557.829387742322
-2554.1599234103055
-2555.922558876472
-2563.9538902633003
-2560.278068442144
-2562.9187163568545
-2564.6411999991396
-2566.379095552129
-2568.996417839007
-2565.315500187867
-2567.052526204449
-2575.960803955043
-2572.360991302646
-2574.1298640834702
-2575.8415273670807
-2578.534519707072
-2581.146719968016
-2576.611342722325
-2584.6660613295307
-2587.316016372578
-2583.671173459055
-2585.4525518313067
-2587.1889117820624
-2589.8916094584292
-2592.510765432493
-2594.2613051107855
-2596.8944508537948
-2593.355638876168
-2595.0281195578364
-2603.0993013578313
-2599.4976890638177
-2602.2064768195046
-2603.9786627773174
-2605.691331540027
-2608.346581335935
-2604.6993686389264
-2606.4453337798286
-2614.5137920689426
-2610.8977219707476
-2613.5749753992836
-2615.254853560657
-2617.0276133904595
-2619.710553874305
-2615.99773350813
-2624.077331774402
