1.1661677805666308
-1.445925676341073
-2.657529744408172
-1.245769594057064
-1.5702874409525043
-2.0245134794524247
-2.0912435512085863
-2.1472270531039666
-2.117812293737415
-2.1198054243190496
-2.1255559252520233
-2.0895001824663266
-2.105171567580341
-2.1356438346860678
-2.1235489889939463
-2.0996692394139753
-2.1328782915514704
-2.1636629107217917
-2.1909187684213367
-2.207201235859934
-2.210350434961876
-2.195903544210465
-2.1924040316852915
-2.220016451760768
-2.236887101035802
-2.229873195444393
-2.247276590353849
-2.282869767397874
-2.2959990983459204
-2.294430725132238
-2.3025324880397737
-2.315046886127976
-2.3284663272461743
-2.3430621875983983
-2.353415942066354
-2.3247941157085634
-2.346399515124994
-2.4161336721508557
-2.4315076680085994
-2.4431602412047164
-2.4479749212900956
-2.4558079606208683
-2.478658101854878
-2.4800577341773473
-2.5070306199317174
-2.525437110191096
-2.554044096949475
-2.5749512616306953
-2.5823922016578904
-2.5932317742641984
-2.641794667694362
-2.675455733642113
-2.690420710548889
-2.6991077987132157
-2.722252394668872
-2.761405617168591
-2.7816132465711667
-2.785670676097165
-2.798245347038275
-2.8276918771973847
-2.867561707406248
-2.881997897788308
-2.9063191678756874
-2.959384180759778
-2.9928794883206744
-3.0077300051288103
-3.0229031565004134
-3.0589148162158093
-3.0968783727519757
-3.123481451590857
-3.1424147349850635
-3.1658514651584264
-3.201036834851499
-3.244067162146087
-3.2792290177620695
-3.318588678376099
-3.3543053522240966
-3.383190377253687
-3.410335764182744
-3.442973687890122
-3.480297235971793
-3.5098612740093493
-3.529495325933134
-3.5771891920232193
-3.6171955729722876
-3.6460726961155405
-3.6816196342010787
-3.723063724721014
-3.7642794228051737
-3.8001492935162413
-3.8335193554697224
-3.8663777947935487
-3.9114841415120454
-3.9601971445525033
-4.000416134376604
-4.025564654443364
-4.064852251397916
-4.109937907811426
-4.152048687805454
-4.188802180727565
-4.230238171494646
-4.297416625761637
-4.334044563257767
-4.368768617598885
-4.400712217022843
-4.4507817110905945
-4.504114705705506
-4.5446183625418515
-4.58064413036817
-4.626428268068291
-4.679528901304775
-4.7308058382401965
-4.780998548444277
-4.8223256255093405
-4.86202964333665
-4.914077049207012
-4.968870764846349
-5.015718835379964
-5.069108048422633
-5.126054314308908
-5.175676677530987
-5.216074719994058
-5.257436037507553
-5.311024957106769
-5.375125071904195
-5.440428882356202
-5.47484364065095
-5.540902670133237
-5.581655038196945
-5.632470569314452
-5.6955484230901146
-5.756884575522974
-5.808252018009338
-5.861606728425983
-5.910244163976389
-5.989520647664704
-6.038952473106331
-6.075602744422205
-6.126144333443699
-6.191047470064028
-6.267229053163298
-6.324922513060224
-6.391862995063762
-6.452594496830005
-6.509701666297999
-6.574999085000686
-6.611177875255608
-6.693713342948678
-6.760826138120895
-6.826327806018169
-6.882355179907622
-6.945172783869402
-7.012465340760052
-7.082163665186453
-7.122945189589799
-7.186557203607014
-7.253613844225002
-7.321589156876349
-7.389091358297083
-7.472980335877138
-7.53295427936468
-7.603310847821555
-7.676158502655555
-7.746992052599821
-7.8192428708155335
-7.888689420075888
-7.955629267092158
-8.026909572525645
-8.102022760148811
-8.17086256255184
-8.235088089733903
-8.282514400230042
-8.377966059751804
-8.452538525697594
-8.525503670535313
-8.60416245402031
-8.682611710770392
-8.759982058273689
-8.81308804660633
-8.878447750952475
-8.9524335174775
-9.045634276882677
-9.126748898341667
-9.195581288703051
-9.265058145353342
-9.345195568874411
-9.42612326353106
-9.508872962631491
-9.58537655578764
-9.666551940475593
-9.748653956992202
-9.843723180741069
-9.923369876099478
-10.00073775678997
-10.082553937702444
-10.16779986978163
-10.25433321405779
-10.320290940021062
-10.403720040786657
-10.492987814743858
-10.579003736207683
-10.656507754461005
-10.741555546372156
-10.831460374401544
-10.925928572251701
-11.010160709606295
-11.104859345049373
-11.192903772547993
-11.278040497092626
-11.371046014657862
-11.379880957070304
-11.533304849627719
-11.619968925607386
-11.711153032900423
-11.800045217472636
-11.887312628443912
-11.979768102135058
-12.075796411433783
-12.166229372842475
-12.25821808778208
-12.35117279873576
-12.443398183166408
-12.537412230788043
-12.647389691346103
-12.74128374561109
-12.83418446982279
-12.927842300657952
-13.025091384363186
-13.12169812111505
-13.218002264777413
-13.301810510380967
-13.404658685287252
-13.503445648345485
-13.598989591855617
-13.703607173090399
-13.809160181197218
-13.900317411822874
-14.006367190468257
-14.100495933334921
-14.212717394619046
-14.318088317235958
-14.419527140764233
-14.517021462969343
-14.618920947650935
-14.722996491394714
-14.828694763290517
-14.92648311828914
-15.02395278679845
-15.137382050689776
-15.240904608196097
-15.341224616818273
-15.43800729113407
-15.546257382172476
-15.662460211672533
-15.778163223011234
-15.878045780527483
-15.98707746191129
-16.106457314684786
-16.209727843150223
-16.315442166685926
-16.417760914365555
-16.52860274741488
-16.646455914279947
-16.76446916673577
-16.8677997316862
-16.97357571260596
-17.09914787756736
-17.21917199655065
-17.328630020925775
-17.434898043472028
-17.54471200303815
-17.66232759837528
-17.785005369880984
-17.898286800048485
-18.008605668591684
-18.13392190446667
-18.253084093540707
-18.36664202874364
-18.47916718949126
-18.60720178137549
-18.72474959984906
-18.84256059385373
-18.95265560426326
-19.066233072573755
-19.188067193460764
-19.31477328905928
-19.439640041645887
-19.55727292593808
-19.676645125322626
-19.799154858641607
-19.92507541072494
-20.05852866713633
-20.184237748271308
-20.312177150507438
-20.425593213353032
-20.55201224159277
-20.671542717314882
-20.79221551440686
-20.921033543011674
-21.05459678840835
-21.178188272542332
-21.293029746002663
-21.42279595213759
-21.562555321105528
-21.69850695251985
-21.824185180362637
-21.94811251678285
-22.079266820102593
-22.208958166418615
-22.340105211862507
-22.471074669367898
-22.6021740080362
-22.73284373905418
-22.86439465904345
-23.00333443008341
-23.1396291537254
-23.271301396405043
-23.405862480050313
-23.54538159918519
-23.685805244659466
-23.82893363396029
-23.95974990429753
-24.084890709230585
-24.225667188878266
-24.35869789153336
-24.49244832288835
-24.631432481956796
-24.774970836729246
-24.920970403799185
-25.054744502403626
-25.191731777498887
-25.341561879950056
-25.480839299122692
-25.61708385590254
-25.752622658066432
-25.895745962247265
-26.043620867843778
-26.189867410960172
-26.331993383803823
-26.466659196093186
-26.614795925140662
-26.768358508030627
-26.90769021742109
-27.047456003042328
-27.195693157869115
-27.35231852779723
-27.501219171414746
-27.66820922234774
-27.791448140303935
-27.93977011076734
-28.092320832657933
-28.2440741339616
-28.387136618821422
-28.53402177227571
-28.686156123764082
-28.840922414595855
-28.997050885037172
-29.144368161043662
-29.29325332422723
-29.452911186436165
-29.575735048675444
-29.753335948380737
-36.150888849311464
-36.33973406018735
-36.50044896638701
-36.64961792729802
-36.803290840142566
-36.96478940920792
-37.12595663923299
-37.279804690220786
-37.43931502166793
-37.59999671115239
-37.75721505452161
-37.916339660713106
-38.07825866215135
-38.23800222110108
-38.39592787287393
-38.55979951607799
-38.723537840220146
-38.87874721214399
-39.03687942259144
-39.1982308214989
-39.363392396144846
-39.531516290921644
-39.69825935836411
-39.86011675272232
-40.01431583416922
-40.17683417168696
-40.34614036813911
-40.51624867305868
-40.686191510122434
-40.846700442435655
-41.01077148681318
-41.18146316742769
-41.341915194606756
-41.510650715065516
-41.68528682457927
-41.85635846526144
-42.02211469106726
-42.19388229328042
-42.340482711159595
-42.54088230056585
-42.71568566672087
-42.88049297265758
-43.055457105382196
-43.2378526596391
-43.400150277189475
-43.57291418797612
-43.75504816212252
-43.9346812311569
-44.10743320805623
-44.286138610192836
-44.4672170854627
-44.64379834218752
-44.82160812184156
-45.00143294410781
-45.17993716422329
-45.35529793310757
-45.5267300411554
-45.70566189820694
-45.88862390071115
-46.07329842645383
-46.25346800561279
-46.429326068532774
-46.617370412005464
-46.804082271411495
-46.979272493772896
-47.16699890665121
-47.3591867179529
-47.55297976433188
-47.736657719904436
-47.91272468935523
-48.102081307039946
-48.28460646244607
-48.470687857532546
-48.66381659969577
-48.849857459655944
-49.04303534158748
-49.236537420944906
-49.426324986119425
-49.61292818219069
-49.80542226396855
-49.99464800433763
-50.19240760336907
-50.38907455399071
-50.58132627591549
-50.76810924472843
-50.951436042098734
-51.1553708104198
-51.36077763127815
-51.54851750553772
-51.73029320047367
-51.93092049908239
-52.147036854147416
-52.34181209596674
-52.53151440597279
-52.73995442081181
-52.95614617863288
-53.14589983762312
-53.33707441780263
-53.539196124764416
-53.743436481834074
-53.951769999688885
-54.156586970044
-54.35964397880965
-54.56396272927031
-54.7725891854798
-54.98068002665115
-55.194165830284426
-55.414255032170495
-55.61987193703343
-55.830739150435235
-56.053886247926656
-56.26385241230423
-56.45726497693892
-56.67388599988041
-56.901377609926975
-57.120325310795735
-57.327988038274945
-57.53989049275483
-57.754864118710955
-58.003986812521646
-58.211420442075735
-58.41898027547263
-58.64432933314526
-58.88303057052563
-59.10727008471591
-59.31486355991507
-59.55185425436924
-59.79634401199722
-60.02943890386383
-60.25000737963003
-60.47589892020723
-60.719693014515016
-60.96943502068692
-61.19577031378982
-61.42534830649622
-61.66860497845339
-61.91425322236312
-62.160347484851684
-62.38976650265259
-62.62095423593313
-62.856163580350895
-63.10221238065508
-63.37314739060169
-63.62741137374293
-63.85407758195834
-64.10086211444244
-64.37781178185689
-64.65506272765106
-64.8909495585459
-65.13329350279547
-65.39472481186863
-65.63987460544904
-65.9026406519813
-66.14598872907042
-66.39575725568942
-66.6512687737988
-66.90861545222467
-67.16795106104868
-67.42510912106867
-67.686255314268
-67.9356905056874
-68.18070119684863
-68.4453524326723
-68.7126871954227
-68.95350289282403
-69.21295368712782
-69.47266605685927
-69.73613220473518
-69.98532377083978
-70.23794928537916
-70.50705591531647
-70.75579621784642
-71.01002246554732
-71.2582547078929
-71.50047663563447
-71.773947798894
-72.01598184939805
-72.25507799808847
-72.51596171967155
-72.76846133798233
-73.00414017743358
-73.25409549140488
-73.52323799333995
-73.77040368577084
-74.01957000189235
-74.28373908727794
-74.51948071958685
-74.7655415890999
-75.04144095088067
-75.29527584588763
-75.54091118477832
-75.78804519441164
-76.02568973001257
-76.28018822210797
-76.54040819222263
-76.79106432864795
-77.03784479027279
-77.28479559557864
-77.54702526675858
-77.8074326463368
-78.05721412506807
-78.30512734119282
-78.57146209752176
-78.84404060983096
-79.08158719609303
-79.32295594508608
-79.58357632569198
-79.86006817537982
-80.11938415614755
-80.35971165452551
-80.61122641021706
-80.88490618477816
-81.13855591311706
-81.38469478393468
-81.64602599717387
-81.90963127454971
-82.15897211688642
-82.40952502973876
-82.68704720643235
-82.95653631214776
-83.1997161070763
-83.44860220465776
-83.70579178128048
-83.9645154043836
-84.2462172365438
-84.5231999591366
-84.77708993881915
-85.03627278809023
-85.29234461473392
-85.55322263423363
-85.8230375127227
-86.08889086593665
-86.3443349188268
-86.6127746819123
-86.882326039471
-87.14759897693078
-87.4180609956811
-87.69059862455963
-87.96615483709184
-88.24594199370546
-88.51455528881789
-88.78015755947278
-89.0588491077966
-89.34184453466047
-89.61640988545302
-89.89193508302455
-90.17954976920382
-90.46719842205452
-90.73494473840005
-90.9986501754587
-91.28527931459438
-91.582262040411
-91.8806266142092
-92.1739997341372
-92.45070219600143
-92.73037422446619
-93.02388924392527
-93.32542583223581
-93.60818061295475
-93.89460636155297
-94.20870324289956
-94.52492441524055
-94.84657849644933
-95.09033200097821
-95.44764204279996
-95.70944542731584
-96.0766776104054
-96.41135085939183
-96.65883860288159
-96.95933380879426
-97.28565912590297
-97.66228512747516
-97.99316220687231
-98.31425882419515
-98.57419817199523
-98.89569100198649
-99.20046342500942
-99.5988276147494
-99.86216265659063
-100.18796032880238
-100.49671415529814
-100.82057770775607
-101.16460657491311
-101.51084260181456
-101.81755889977309
-102.13199032603514
-102.47397339742209
-102.77097710050202
-103.1421031941021
-103.41582597852563
-103.7327262660045
-104.06207630288735
-104.38333368631459
-104.69900072468924
-104.99082448427832
-105.31191801583887
-105.63998849996958
-105.9311065220615
-106.24431695838125
-106.55474624501484
-106.84918164190087
-107.17155275570961
-107.49717039593047
-107.78799882942663
-108.10262341670091
-108.42856099688815
-108.73450398567215
-109.0282233687542
-109.33840658743209
-109.66246918528849
-109.98470752250502
-110.28806499946847
-110.58361665190738
-110.9001168750253
-111.21172366348551
-111.51576564714796
-111.83050661571647
-112.14268120659399
-112.44890659055814
-112.77067424412868
-113.10407932303873
-113.41939378194463
-113.73157791194235
-114.04257386921239
-114.35205220847489
-114.66268889607497
-114.97798680456631
-115.2921895214745
-115.62496690451074
-115.9709199374795
-116.29562606089159
-116.62180706606064
-116.9418534607896
-117.25412089124997
-117.58293378380382
-117.91555138546691
-118.25755624469247
-118.5855658222572
-118.881767875586
-119.21697333425843
-119.59686677040811
-107.33662476383645
-120.28819969942457
-120.5358525181641
-120.86810177840283
-121.24206074098409
-121.5999114884949
-121.94140949510548
-122.29708287163766
-122.66089525739604
-123.02978735721072
-123.39380526184794
-123.73644040951525
-124.07410461636923
-124.44488282830508
-124.81449156311685
-125.1916289062606
-125.57637627284066
-125.927654516955
-126.26063541957284
-126.6413481254642
-127.03806504435538
-127.4301398285058
-127.78974306699347
-128.1175516811422
-128.49905288944655
-128.88777154620897
-129.24689259300297
-129.5863127644652
-129.9695079992349
-130.34046754662478
-130.69193834661343
-131.03854717356643
-131.41063511437167
-131.75695888369808
-132.10378554321824
-132.47961748538745
-132.83126042770832
-133.17482779247197
-133.58754872351426
-133.8984685349657
-134.27462529941565
-134.61765696219
-134.9723698160901
-135.31484066544638
-135.6528258906269
-136.02719361680664
-136.40770321918427
-136.77059698154903
-137.08587930360287
-137.43156287005664
-137.77132147996858
-138.12507674858728
-138.48099969286787
-138.82569033011788
-139.20517969397642
-139.53026455116725
-139.9279803892052
-140.3268784833916
-140.6491101296743
-141.0352564456635
-141.40491513770576
-141.68920311157532
-142.09826407467864
-142.42779195873354
-142.79926729091068
-143.17091002964727
-143.59175030541002
-143.97361588720895
-144.30067444026014
-144.7374139675979
-145.02023151031497
-145.40475689303904
-145.85906749738356
-146.17923376873492
-146.5743721204348
-147.01435784604269
-147.32891784871666
-147.72152708106827
-148.16736871699084
-148.5779164614541
-148.8990117340635
-149.29717757891166
-143.41560621453382
-150.07946728691383
-150.45222862913027
-150.93166060249405
-151.28082813761347
-151.65969444378882
-152.07315545808808
-152.46626862024152
-152.84422114450834
-153.34255169402147
-153.76789785622637
-154.06349820740573
-154.43575281748434
-154.85533032019794
-155.3379320651627
-155.70912408523643
-156.0205161216955
-156.38732610863252
-156.79503507646174
-157.2242002650108
-157.60812726544575
-157.98522898816123
-158.39251880907506
-158.74959490548036
-159.17408590043001
-159.5648348832102
-159.94291101307837
-160.32142600501652
-160.7029003443875
-161.12110897482538
-161.54777267206168
-161.9418756064345
-162.32972969701058
-162.71768094954635
-163.08223241292063
-163.49763755811446
-163.8964955857023
-164.29043296994644
-164.75821227969655
-165.16183667065542
-165.5300229159938
-165.91961012027684
-166.35336136235222
-166.75672588374564
-167.2141376818228
-167.54180275998127
-167.9441770459947
-168.35570420892213
-168.7730800285529
-169.15334345549326
-169.56043870637203
-170.0560588526212
-170.4011093592907
-170.8298778142076
-171.23962519389374
-171.6551357748107
-172.0754670586564
-172.49319473328754
-172.9167544993702
-173.343330247828
-173.72808537509638
-174.19130736252606
-174.61534804883306
-175.0358889915859
-175.4589617335721
-175.84951133693232
-176.23201423162428
-176.66907691824477
-177.08927723335756
-177.5123026050603
-177.94798702111825
-178.38427802545246
-178.81921433363033
-179.2629742326964
-179.70991029979766
-180.123304022159
-180.5067276118425
-180.94007330663848
-181.38744851660846
-181.82130428140948
-182.28821170210216
-182.68900775162604
-183.09416608257888
-183.55578685000341
-184.00866848637403
-184.45494661381082
-184.90633000275847
-185.40107375761417
-185.72728280474482
-186.18504926773105
-186.62919214781726
-187.04208286740592
-187.44625853811613
-187.90059389809517
-188.36131088291043
-188.81748159381587
-189.2356603464469
-189.64894911967542
-190.10303040165167
-190.55694081846067
-190.96406512017052
-191.3795430676873
-191.8371109519376
-192.2589171866311
-192.66285855451594
-193.13717809182387
-193.57410923583998
-193.9718930879978
-194.43191546031505
-194.90540817988415
-195.34038250951792
-195.7847999920775
-196.24807863719678
-196.66571281857094
-197.12501826495134
-197.61397448655833
-198.04396559503624
-198.49011118762044
-198.94448880220898
-199.39809147990377
-199.9559952710697
-200.33118227508785
-200.79898628510057
-201.30039301534697
-201.74028240834863
-202.1980964219688
-202.66443719908327
-203.14052045347137
-191.01622687806747
-204.09759587058554
-204.60204184794685
-205.00142776858502
-205.46360834303698
-205.89875046235335
-206.40986999710324
-206.8082570558678
-207.2667705964034
-207.8224782251663
-208.21978247718502
-208.67891580073493
-209.12839390037146
-209.62582691446022
-210.02921556285057
-210.51554600096094
-210.9399886513069
-211.43283469545358
-211.84303665340212
-212.3254031609489
-212.73235588517844
-213.25580346966308
-213.7383622147781
-214.16887221944756
-214.57948658633782
-215.00879491046527
-215.53741550649337
-215.95426645059453
-216.4724497403305
-216.97810613328554
-217.45369769629
-217.87654777861178
-218.36493738416544
-218.87544507093477
-219.32186115233787
-219.90670417827153
-220.33064067327624
-220.82974905984088
-221.35693730913047
-221.82199579567902
-222.33395561107588
-222.83741181887984
-223.3418462674536
-223.8495089178123
-224.32446546416597
-224.8087568245087
-225.30865715315912
-225.75436006507147
-226.24341185650283
-226.7336060871816
-227.17715666091797
-227.66142861589327
-228.16177165769835
-228.58516758950876
-229.06873205323143
-229.5671011654353
-230.00123350972237
-230.47929749431023
-230.96837648275118
-231.40811492653503
-231.90785528504637
-232.39898218207654
-232.8326546343822
-233.33950859650608
-233.8593397628594
-234.31994918536083
-234.77370769924022
-235.28679481167563
-235.82973216160784
-236.30986031891487
-236.7886535494822
-237.345233848718
-237.90322872892483
-238.40635590704284
-238.91664971364287
-239.4803003708184
-240.06039547600136
-240.5639121217093
-241.06358682751124
-241.62169101406352
-242.17125735907214
-242.64573014757946
-243.1467144315926
-243.62424322652606
-244.16123083178212
-244.6856828162062
-245.1546071131384
-245.62408464575512
-246.08865505501512
-246.62616451900854
-247.12862851481174
-247.58839953787881
-248.04649793485763
-248.5096605164606
-248.97207612795842
-249.43253182384822
-249.9506194416449
-250.48042863386098
-250.96535289175577
-251.44751732593483
-251.92527705358683
-252.4101765627955
-252.89850398276823
-253.4840967268985
-254.07547659032295
-254.6096323779722
-255.14552250562826
-255.69224690410758
-256.2504933600884
-256.81742852402874
-257.37133899345173
-257.9318600628839
-258.52095301229116
-259.13145636659124
-259.719382702955
-260.28507054891065
-260.8039850931034
-261.28948934878343
-261.79561069877
-262.29961762610753
-262.79731866440693
-263.27921387670364
-263.75896008201437
-264.2482165663147
-264.75033151243946
-265.2528667798051
-265.7381830670117
-266.21824336638366
-266.69972701417186
-267.1956321594726
-267.70834760122756
-268.2283132071054
-268.7387486934061
-269.25579221465404
-269.7778996711193
-270.31713612949596
-270.8671420320583
-271.43257022685606
-272.02992300029746
-272.63209094405534
-273.22994540509285
-273.8108342506611
-274.4172948829369
-275.0293378786877
-275.6166120902139
-276.19351723710827
-276.7666507859094
-277.326040699031
-277.8789016231305
-278.4154290970402
-278.94644515598884
-279.47353009275696
-280.008379839622
-280.4700765696023
-274.6470295530509
-275.1673504641236
-281.96484725003006
-282.4829926623929
-282.9944275274691
-283.5456955880745
-277.78881451653217
-278.3353633787358
-278.88373065347
-285.7178264090638
-286.224179489732
-286.7404553607249
-287.32561173017785
-287.93643674533917
-288.5726163764355
-289.2186300075248
-289.8515862240646
-290.4668340919008
-290.92214235714613
-291.5882149908436
-292.1912097183694
-292.78510908780925
-293.3798934354009
-293.97146584210424
-294.480064257443
-294.96299868983436
-295.5139397646096
-296.0778416204427
-296.6326413252514
-297.1784730720545
-297.65874478302896
-298.1487441889741
-298.7140011649964
-299.2803960824276
-299.84099633439894
-300.3416892167945
-300.8480403589269
-301.4517492715555
-302.0470576956907
-302.66435140813
-303.19883904887445
-303.81711409358417
-304.47905373407434
-305.13427209866524
-305.74163178679413
-306.3152823145672
-306.9623344936145
-307.6122576974534
-308.15308911066984
-308.7344164968852
-309.34412775027045
-309.95568472796475
-310.4664090958574
-310.97621713366567
-311.55097285311444
-312.1458051044994
-312.6621586096695
-313.17582667345897
-313.7715007163102
-314.3666098423519
-314.887502509667
-315.40452256235346
-316.0136770741606
-316.56925598864854
-317.1174411654972
-317.75259900282475
-318.3449106604646
-318.9441904467167
-319.63609192913276
-314.02585857637877
-314.62817378353026
-315.23657684525745
-315.9332475197969
-316.5175616931855
-317.12049677877485
-317.77628633207377
-318.34112804294233
-318.8944463654867
-319.51156835068343
-320.0580821359198
-320.6083863604718
-321.1526106801657
-321.6940888895776
-322.3082985300236
-322.86571231974625
-323.43226366373835
-324.0689571041658
-324.63658157570023
-325.2132849538439
-325.8881825562852
-326.46917462385727
-327.07040711506903
-327.7084472636486
-328.3507375727536
-329.07066410253185
-329.6902727113134
-330.31504517342137
-330.9351903912502
-331.528270713863
-332.2007884295213
-332.78942725564724
-333.3862843575432
-333.97352668669873
-334.54860901253784
-335.11751530639896
-335.69527448333184
-336.35022427545175
-336.9357351901857
-337.5105963509677
-338.08970935736374
-338.6882355358447
-339.2989969718521
-339.9192987692172
-340.5414511038313
-341.16983998101296
-341.90437416512583
-342.5469528581691
-343.1962500840609
-343.8539893251568
-344.4991107895661
-345.13652652479004
-345.77278170117336
-346.4082915046618
-347.0290979419312
-347.63074061052185
-348.2298606081263
-348.82264112190927
-349.4293992017185
-350.0336522483629
-350.63525542667355
-351.24292218579615
-351.8543618052935
-352.4849440730618
-353.1149221497009
-353.73660886323256
-354.3749218515726
-355.03376157416756
-355.7110011456183
-356.38334175273377
-357.06177757699606
-357.7580579969498
-358.4454323545869
-359.10718803479267
-359.76254357244704
-360.4006977096433
-360.94839548285796
-361.5614658313327
-362.19013825632993
-362.81994324114567
-363.46232959891523
-364.0851654546566
-364.70831330988165
-365.3173791749209
-365.9450381103143
-366.50318160992475
-367.1543538343556
-367.8162241757404
-368.48511149640956
-369.1993325246712
-369.81258399769627
-370.52558184498844
-371.24675306354504
-371.97217751142716
-372.6758200921814
-373.25796798588203
-373.93353621062914
-374.60666058155624
-375.26937051672866
-375.91640244594197
-376.4726621360293
-377.1160639446916
-377.7560061507362
-378.38918602644225
-379.0320037267318
-379.5942038885884
-380.25240993284456
-380.93417879740423
-381.5276892024163
-382.2302977800496
-382.9632105400213
-383.7156091262868
-384.4770846633807
-385.11515843813487
-385.86106300661993
-386.5078810671269
-387.21414798846456
-387.9206152168644
-388.60435565088903
-389.18463001614106
-389.85586560587575
-390.50275686761984
-391.06058726720613
-391.7120945495288
-392.3677649950608
-392.9388000739759
-393.6044706913818
-394.3171262127671
-394.9295229285488
-395.55231536610285
-396.30974083261555
-397.08932367535067
-397.77419635724885
-398.57923757147347
-399.3555969180481
-400.0144612697115
-400.77026873433795
-401.5044461622046
-402.14379489840474
-402.69978431278224
-403.3768025640185
-404.07574634262204
-404.62855529982215
-405.29940276052156
-405.97228289277945
-406.56672434652035
-407.1626339503731
-407.87553009187803
-408.62488818251325
-409.2831076614874
-409.9695265353603
-410.7845055822377
-411.63052476514343
-412.3489029775067
-413.0441093016389
-413.83241784128745
-414.58742675772197
-415.2316419132049
-409.57206950668404
-410.28211129162617
-410.97686998322513
-411.565180288904
-412.16026305049303
-412.7602313826389
-413.4517054339329
-414.1573725104462
-414.78320661136
-415.441509069805
-416.12795277064134
-429.5054067839956
-417.78826513139086
-418.5327055291587
-419.27982335438327
-420.00548229869656
-420.82125931553014
-421.6123724684955
-422.2675312532304
-422.9131081477325
-423.5427878260571
-424.2723091552668
-424.99388602925586
-425.60717748334076
-426.21618768893416
-426.82565011657425
-427.563591091542
-428.33342573628175
-429.00410779712524
-429.70789135074153
-430.1670455886144
-431.2303258848832
-432.0040777680503
-432.87453081387247
-433.7300416679358
-434.4432172686895
-435.131142870609
-435.7936474443544
-436.4432190941145
-437.19507262268655
-437.95210105473154
-438.58801513492335
-439.20058084135405
-439.8664188209092
-440.52696466692936
-441.1939350432328
-441.8751277782854
-442.7034048048235
-443.57489773139565
-444.3659494989433
-445.15597431147256
-445.9467622619377
-446.71379196372925
-447.4424240523958
-448.1434145595233
-448.82009671476976
-449.59280930216437
-450.39238077291117
-451.05245752063996
-451.7139018244119
-452.38167668967293
-453.0614250480217
-453.7527151801049
-454.4527051905234
-455.1683790884363
-455.90859641104396
-456.68313978331366
-457.46951438080794
-452.1054246986129
-453.0195764189104
-453.8001723850364
-454.5475565372472
-455.26149382282404
-455.96207145881027
-456.65724181215546
-457.34297029445815
-458.0156589304816
-458.69757465996355
-459.4041859904123
-460.12109789855833
-460.8430509898437
-461.5820686291794
-462.3515556467971
-463.14071714828464
-463.9263379783611
-464.71470910536095
-465.56026935360484
-466.3049002341778
-467.20155541350283
-468.05968813262285
-468.7888127628222
-469.5179008766739
-470.24307715162445
-470.958471207314
-471.66834499476636
-472.3892593449571
-473.12925872411904
-473.87973339779734
-474.6319957790212
-475.42173007368336
-476.2381738623076
-477.05649636912
-477.8653114927528
-478.6688330642932
-479.5252666997868
-480.2326591943506
-481.05414653759146
-481.73069631168386
-482.47862936046397
-483.21663146161495
-483.9528082307969
-484.7030420646681
-485.4681047479577
-486.2418474011495
-487.0321530854044
-493.9793521636425
-488.37142111103645
-489.19307801806
-490.0256934429391
-490.85137729147226
-491.65944964014255
-492.45215369777327
-493.24941756916576
-494.0285195840998
-494.78259657895774
-495.5353146919575
-496.2627898519119
-497.0390683881829
-497.8174711305923
-498.6611659480232
-499.4869259232093
-500.31784291703525
-501.1639012526086
-502.0012252280704
-502.82845902007074
-503.4945028251665
-504.1720093276151
-504.97864186159677
-505.7696009770587
-506.5599768949375
-507.3598820463759
-508.1614129135587
-502.64507040693707
-503.49296831151713
-504.3221951617051
-505.14834351625433
-505.97991079069976
-506.6803034093022
-507.39794592026055
-508.25430234778395
-509.0880378457147
-509.9206999210837
-510.7518249563745
-511.57287327972756
-512.3830237220059
-513.1825771621033
-513.8581869943923
-514.555888642648
-515.3973400569872
-516.2506774423574
-517.0996512834492
-517.977365549676
-518.8528313599003
-519.7111956823054
-520.4102598347431
-521.1140154599323
-521.9587641982529
-522.7819233353567
-523.6113895721309
-524.4582675052234
-525.3226581215433
-526.1861481198903
-526.8931864789038
-527.6276222174158
-528.5034987956083
-529.3663130596299
-530.2322100324295
-531.0990158799435
-531.8270132347072
-532.5650045895272
-533.4369177406478
-534.2952278865752
-535.154069734573
-536.0284692665853
-536.7446450502914
-537.4567679306867
-538.311664713292
-539.1958567863388
-540.1008563105521
-540.9904037507572
-541.7308470979727
-542.4960075289116
-543.4055398191995
-544.291510570539
-545.1625049786808
-546.0372623616179
-546.7601696329892
-547.4854352444582
-548.3644063824395
-542.9650941688387
-543.8638565244445
-544.6184399117773
-545.4038121795622
-546.3283180709325
-547.237697187248
-548.1040592256708
-555.1095965208712
-555.9486555966305
-550.5100258386607
-551.4737844900914
-552.2335312752634
-552.9655404831908
-553.8488604781938
-554.7659170849756
-555.6857138279559
-556.4230916961247
-557.1973260222833
-558.1489468218864
-559.0486386013446
-559.790082629462
-560.6163404205516
-561.570564444904
-562.500030272495
-563.3190643744858
-564.1024238925517
-564.9822036984344
-565.8341919092054
-566.5846718706603
-567.3818507930762
-568.3375508894593
-569.3107878945269
-570.128353620998
-570.9774677226619
-571.9665078753588
-572.8850006316104
-573.6670672977746
-574.3763969053927
-575.2788474440215
-576.1820489324735
-577.0416260590445
-577.8174733195895
-578.7658257187617
-579.5117133840882
-580.5538438832289
-575.1250894675214
-576.0960004409378
-576.9263655493475
-577.6677283261419
-578.6360741923893
-579.5926247709065
-580.4549878575507
-581.2774346968991
-582.2144471911242
-582.9581046807879
-583.7699378939434
-584.7336303756485
-585.7135946618539
-586.5391860952981
-587.4264363646831
-588.452217473062
-589.2735569881869
-590.0684769740308
-591.063939633555
-591.8265601989274
-592.6286077772904
-593.5624369032149
-594.4378290283852
-595.2185665562338
-596.211676173045
-597.0629559958883
-597.9790080018661
-599.0470030547676
-599.8983787604097
-600.8667518136742
-601.8842436370904
-602.4710839992536
-603.2989367808527
-604.2606391166829
-605.0402310734974
-605.8933450067794
-606.9616334055828
-607.8142992833618
-608.7282828232262
-609.7999779948655
-610.6649233025512
-611.5545693534489
-612.5727807413172
-613.4480172042233
-614.3923191980341
-615.3773177697731
-616.089178930923
-617.0029013730601
-618.0267345667767
-618.7557494990083
-619.638190242228
-620.5154857547512
-621.4601189895823
-622.5559348077774
-617.136551520816
-617.965595912982
-619.1686968674206
-619.9331207884894
-620.6674258693378
-621.5895240038477
-622.333514694351
-623.3631795972076
-624.3054760791525
-625.2468657253455
-626.3770571135477
-627.2912703637396
-628.2266129920414
-629.1504997705291
-630.0962562366611
-631.115928185298
-631.8496803566591
-632.7866758271286
-633.5508095765246
-634.4919763401632
-635.6012653062213
-636.459197078445
-637.4450815978454
-638.3670475893828
-639.2970049142202
-640.3567572196395
-641.196373392151
-642.0201367764544
-642.9718944347868
-643.9485035633377
-644.7517262418429
-645.7461358151415
-646.8849217381513
-647.7183678423628
-648.6851928422826
-649.5882614896012
-650.5113308174551
-645.3184330675856
-646.2033485760148
-647.2679215069898
-654.3228117837116
-655.3156725314049
-656.1546215875198
-656.9876868610145
-651.7391453136111
-652.642361226043
-653.8071616821543
-654.750444243993
-655.707657095425
-656.6114996760737
-657.5391609812248
-658.4920601924046
-659.4753492676017
-660.2885331908961
-661.2556303789488
-662.1367511265047
-663.1738692424849
-664.286170469168
-665.2651196489044
-666.2675324860311
-667.208488041473
-668.1376584923757
-669.0635527891951
-670.0229352442188
-670.8769555814429
-671.8587951804342
-672.7666137438715
-673.8211027506229
-674.7977259637632
-675.7857908676419
-676.7637146661318
-677.7387914154876
-672.370626479246
-673.2930462643584
-680.5314588780805
-675.2694250106422
-682.4219656996959
-683.460959046022
-678.2671994743174
-679.385969054785
-680.3705653199372
-681.3345852233907
-682.3038694796433
-683.2280409051959
-684.1659230030393
-685.1000189476172
-686.1807259376361
-687.1069435022604
-687.9152799001553
-688.9935058518565
-689.9998104930938
-690.9984804467198
-691.9676275452931
-692.9413416044043
-693.8979610880374
-694.8657875817757
-695.8185785583738
-696.859111580969
-697.8510006640284
-698.9281742719425
-699.9290083112165
-700.9733111366029
-701.9386575154502
-702.9480299765413
-703.938978218205
-704.9247169297736
-705.9075914924426
-706.9082329970246
-707.9295362767776
-708.7407151571888
-709.7584542625186
-710.8358327185426
-711.8407719536377
-712.9042995423156
-713.926014744215
-714.9246618359051
-715.9363177290397
-710.667239625987
-717.957237183394
-718.9384158756463
-719.7070751621887
-720.8403680591223
-715.6276997560325
-716.6876501806438
-717.7401884348451
-718.760043253091
-719.8028829702083
-720.7995873851172
-721.8129171977216
-722.6398690208975
-723.6543232163353
-724.7178642910177
-725.8242051427394
-726.9412040687366
-728.0225445208802
-729.0723603669122
-729.8963392530354
-730.8989943148993
-731.8875552025117
-732.8961711145378
-733.962748254372
-734.8352221965469
-735.9583336772951
-730.8252397217097
-731.9490186870216
-732.9866798714067
-733.9995718221754
-735.0260067147383
-735.8199783746767
-736.8322745199546
-737.8883411908666
-739.0453745736389
-740.2168776419575
-741.11550172709
-742.2279153888342
-743.2972861765197
-744.3186752343903
-745.3079389730257
-746.1304430952084
-747.1970023179025
-748.2963311309763
-749.2166074130712
-750.4176104986282
-751.5770365073358
-752.665652413661
-753.7076437876208
-754.5340887852759
-755.5613635642588
-756.5693621795206
-751.3808295544424
-752.5634009255732
-753.5139243914138
-754.6932788125172
-755.858203849182
-756.7359148795366
-757.7721336045084
-758.7786187644942
-759.6183996324288
-760.7047330245473
-761.8184508068531
-762.9960434727644
-764.2246314635752
-765.1830971818475
-766.2951889709254
-767.3724236094878
-768.2091540579634
-769.2531195407547
-770.3241027126269
-771.2261436485294
-772.3968883691963
-773.5878996332913
-774.5663877304753
-775.7594228375727
-776.8708271390116
-777.7119647149788
-778.7853971810547
-779.8821581682839
-780.9960622351638
-782.1644672441826
-776.8061672446042
-778.051745566244
-779.2343809963783
-780.1693070888658
-781.2442445489362
-782.3422599285469
-783.2136976539244
-784.3144613037733
-785.4741698008606
-786.440755149405
-787.4252666270257
-788.6499532511516
-789.8283145350599
-790.7354007496768
-791.8367797189765
-792.955021081642
-793.8512639155825
-794.9804018928565
-796.1612100032744
-797.1541240900555
-798.4034538437782
-799.5859189865663
-800.5086651401118
-801.6555322373977
-802.7801695953234
-803.6776133764557
-804.817410313257
-806.026943916134
-807.0219225042256
-808.0157456437157
-809.2486186182258
-810.4160464612687
-811.3353943214403
-812.4663722655199
-813.6114265924801
-814.5469292629423
-815.5029289373449
-816.7468468952045
-811.7514168400912
-812.7381348953836
-813.9040364949848
-815.0624058166004
-815.9697104964348
-816.8950570290826
-818.0545715632466
-819.2610291248769
-820.2815164257407
-821.5638154820551
-822.7905581387432
-823.7523745443574
-824.7020523260979
-825.8662612137425
-827.020127004776
-827.9708560610362
-828.9525424374319
-830.2245373274457
-831.5016410702425
-832.5134183736968
-833.7354675340995
-834.913771820966
-835.8458233872364
-836.7934147105079
-837.990976096281
-839.2409744376802
-840.2668186748676
-841.3027523041062
-836.3028433266354
-837.5269047095547
-838.4888835786016
-839.4360015260784
-840.7188999994756
-841.9070449275578
-842.9327948603456
-843.9767856546824
-845.2607206294596
-846.4779766783346
-847.4653851292848
-848.4287127405598
-849.6219501017031
-850.8364858458614
-851.814074313501
-852.8380984306275
-854.1571395077659
-855.4675699239566
-856.4915635876766
-857.4899108160926
-858.4693406322231
-859.6801450319634
-860.8965912900042
-861.8985715004517
-862.9426016677158
-864.3069446351699
-859.2868761651831
-860.3388748550082
-861.3459747949654
-862.3348339933489
-863.5456698778394
-864.7947577124345
-865.8442207473305
-866.8881240045337
-868.2140277436342
-869.5527933379334
-870.6030224796029
-871.5826711400042
-872.5805139048717
-873.8251754730799
-875.0908251721535
-876.1325338620425
-877.1942578547754
-878.2526791241576
-879.5814563164288
-880.8711218307575
-881.9293353612193
-882.946237044261
-883.9440140005422
-885.235210393629
-886.5654550838699
-887.631751388769
-888.7098654285629
-889.7754261952978
-891.0798492526343
-892.3616117610179
-893.38225550863
-888.1314573056139
-889.1739188069615
-890.2761144609616
-891.5905826064406
-892.9596189353881
-894.030616673996
-895.0819778157492
-896.1121326737014
-897.4162455917755
-898.7320692060167
-899.7957898328144
-900.866828320273
-901.9682752020416
-903.0656154266507
-904.4015560010417
-905.7297382729436
-906.781668598665
-907.8325990863773
-908.8933133893681
-909.9756179784622
-911.3412841730062
-912.7106154936547
-913.8132823090374
-914.9029594086263
-915.9670726210004
-917.0158262430692
-912.0734446016991
-913.4435618766215
-920.8185135386378
-915.6332575715411
-916.7373866154928
-917.8520580126474
-919.2060391917313
-920.5349890264174
-921.6138305582125
-922.7062361830353
-923.8083332374946
-924.9211038779795
-926.0383740959808
-927.434824822689
-928.8284676840368
-929.9178408251944
-931.0157783789298
-932.1031537598438
-933.1882184494063
-934.3159689664786
-935.7270322934894
-937.1297059718652
-931.9612312306199
-933.0789140159741
-934.1864892634263
-935.2687926826421
-936.365249450833
-937.499099019973
-938.9293159069337
-940.3446325816569
-941.4707904925656
-942.5902406497884
-943.7197912866776
-944.8310925771644
-945.937644337934
-947.0666180902922
-948.4801919582588
-949.9177753003659
-951.0600151201846
-952.2170684346185
-953.3472501028563
-954.4616563504388
-955.5942497386192
-956.7338095370928
-957.8692714810941
-959.2845290283972
-960.7404831695161
-955.6441611409736
-956.7908238451356
-957.9147128738937
-959.0474723908413
-960.2027989576935
-961.3534302412586
-962.4922600073052
-963.6585922938331
-965.128833787564
-966.5872640781378
-967.7314332699844
-968.8731263452211
-970.0130365652205
-971.1619245829818
-972.339859937293
-973.5205944354091
-974.7041970668487
-975.8824647152642
-977.0651950659536
-978.5265062144632
-979.9660859980173
-981.1157251633833
-982.2933734858008
-983.4920386988413
-984.6652712806525
-985.8633518674243
-980.767916644073
-981.9685636466618
-983.1350756306668
-984.297309495125
-985.4495295888656
-986.9494767116839
-988.466155217675
-989.6595473932605
-990.8756020165882
-992.0676001053633
-993.2492935825694
-994.4220251152797
-995.5921701344485
-996.7793224904767
-997.9911240095504
-999.2051237872745
-1000.4288184259699
-1001.6485053266412
-1002.8486887269895
-1004.0292547239364
-1005.5238105267783
-1007.0276772735768
-1001.9475744456158
-1003.1661102889119
-1004.4137287923984
-1005.6491048546167
-1006.8552982949001
-1008.0506661236957
-1009.2542806732547
-1010.4727748134846
-1011.6866831502554
-1012.8953795551081
-1014.1430906514108
-1015.4053898669441
-1016.6448187851984
-1017.8506513127356
-1019.0599645766472
-1020.2862497781174
-1021.5107226267264
-1022.7340680291823
-1023.9654633497162
-1019.2689016894932
-1027.1128245426887
-1028.3395149811354
-1023.28175962455
-1024.516301548382
-1025.7439899055564
-1026.9777960828965
-1028.2406307050423
-1029.5178773219968
-1030.7712152496601
-1032.0071595444103
-1033.2536836583763
-1034.5069910171235
-1035.73580956974
-1036.9587665103027
-1038.2349555697274
-1039.5383683801278
-1040.8188772422436
-1042.0509961914715
-1043.3082858272444
-1044.5941939194056
-1045.8379376176829
-1047.0641702640378
-1048.32370155654
-1049.6310517226982
-1050.9350025453712
-1052.195448567982
-1047.174296021553
-1048.452301969757
-1049.7167194258611
-1050.9646703398
-1052.2448268701974
-1053.5513653908274
-1054.8555940696006
-1056.1391327213998
-1057.4243365861441
-1058.706923053488
-1059.9667316407713
-1061.2244849761173
-1062.5273517159958
-1063.846730474695
-1065.1490643878026
-1066.4338398841282
-1067.742260752271
-1069.047607875892
-1070.315083720881
-1071.5739904319078
-1072.8725357772819
-1067.930949896958
-1069.263729975261
-1070.5556909400314
-1071.8653916278945
-1073.1776189996724
-1074.473125739301
-1075.7566747511962
-1077.0597384196267
-1078.3814381410305
-1079.7235519959997
-1081.0486809990405
-1082.3749047282365
-1083.6790451677064
-1084.9684615956032
-1086.282408443864
-1087.6123681469091
-1088.9363882620223
-1090.276141436648
-1091.6197321930651
-1092.967751741747
-1094.284636790711
-1095.5908661833173
-1096.9179468825662
-1091.9662699940516
-1093.3288383805013
-1094.6692208159345
-1096.0119337597343
-1097.3716393318355
-1098.6772983358453
-1100.0004724441826
-1101.006750332806
-1102.012827508798
-1103.3576108825666
-1104.716846577976
-1106.1022328326285
-1107.467911964389
-1108.7977561241794
-1110.1196583946212
-1111.4734599933936
-1112.8351681557901
-1107.9025378561294
-1115.5431150842774
-1110.669601693998
-1112.0432853114194
-1113.3801623073384
-1114.702847521677
-1116.0648056497967
-1117.438400595825
-1118.8209232409424
-1120.2051370842767
-1121.5882477758507
-1122.9712096167714
-1123.985068309678
-1125.0098827084012
-1126.3687558730367
-1127.743724283784
-1129.1201944612108
-1130.5246933769743
-1131.938373561568
-1133.3175779128378
-1128.3913242165265
-1129.758328577099
-1131.1557395953807
-1132.5364599284883
-1133.9296596858867
-1135.3614734395608
-1136.809771367629
-1138.160712287424
-1139.1936820114058
-1140.2085901295366
-1141.615796870573
-1143.0188760165677
-1144.4250242718617
-1145.8274512988974
-1147.2773630307681
-1148.6796803127934
-1150.0586252385401
-1151.449459352468
-1152.871308594261
-1154.3054883926804
-1155.7116253410347
-1150.4969667643445
-1151.5837134225535
-1152.9991501208951
-1154.3768049441942
-1155.7744982543418
-1157.219334160916
-1158.671913621813
-1160.0956188150733
-1161.5230527176757
-1162.9736010272338
-1164.4025954438553
-1165.4542419814018
-1166.497479795413
-1167.9453910672023
-1169.4076647718512
-1170.8614052401977
-1172.2837981539888
-1173.7255188016813
-1175.1612492927213
-1176.5855137299409
-1171.7276675419027
-1172.8127927116002
-1173.919007721403
-1175.39301478093
-1176.8506712984797
-1178.3103898541915
-1179.7476020926076
-1181.1855146456753
-1182.6189002023534
-1184.1037491266193
-1185.5816482024752
-1186.686005649491
-1187.773539529976
-1189.2315231688003
-1190.6870990020348
-1192.1427600998397
-1193.5924747620847
-1188.789426361525
-1190.2939957616054
-1191.781632170515
-1192.868057843846
-1193.9631884956314
-1195.4169726451944
-1196.8981789171949
-1198.3954050315965
-1199.887120395261
-1201.3773548626186
-1202.8708062352891
-1203.9859802975195
-1205.0747470301835
-1206.553921505768
-1208.028205023512
-1209.5420470086997
-1211.06810256886
-1206.2867715643397
-1207.7626449305224
-1208.8712260574287
-1209.9919871257548
-1211.4895983179765
-1212.9833360944344
-1214.497092806088
-1216.0201288084354
-1217.5431382042927
-1218.6642337863307
-1219.7764263616066
-1221.2659378086378
-1222.7850772157124
-1224.3162827177523
-1225.8462729404093
-1227.3721330974781
-1228.8851329970284
-1230.014121428879
-1231.1444333463512
-1232.6624165842982
-1227.912335894991
-1229.4474731978753
-1230.987467201068
-1232.1373755983063
-1233.2932897488558
-1234.8002439502634
-1236.3120689772
-1237.8397131100512
-1239.4124819061722
-1240.9733773500448
-1242.1245463201478
-1243.26691639948
-1244.805004641695
-1246.3500111745514
-1247.8952254835117
-1249.4384101859337
-1250.6130313178276
-1251.7816227628607
-1253.3605914890259
-1248.61380155976
-1250.1380920119802
-1251.6834383969742
-1253.2535438136997
-1254.4504365026933
-1255.6284751537246
-1257.18653418059
-1258.7413611927261
-1260.3150461238995
-1261.8655878149975
-1263.035645116052
-1264.2019128909365
-1265.8034085365894
-1267.3932098531639
-1262.6869767132362
-1264.2316078211375
-1271.6949694899085
-1266.586425918448
-1268.1912652221963
-1269.7888763735727
-1271.3862190873313
-1272.5702351960674
-1273.7461995175752
-1275.3211438781727
-1276.912330570468
-1278.5009604898923
-1280.1043442851503
-1281.3113016152786
-1282.5269530974094
-1284.1235966638308
-1285.6911586430322
-1287.2815574096915
-1288.484552201675
-1283.4302583444007
-1285.0536143545794
-1286.6592826393533
-1288.2574980905151
-1289.465914022799
-1290.6553762345054
-1292.2644728981556
-1293.8841599539958
-1295.5202887989547
-1297.1496222218148
-1298.361955204507
-1299.5552035396631
-1301.1699279927107
-1302.7837067916444
-1304.42423296424
-1305.6657892146384
-1306.9049621003996
-1308.5286821347183
-1310.14625019259
-1305.4844870059198
-1306.7161696142011
-1307.9469599991667
-1309.604913099436
-1311.2567471315838
-1312.9004146070415
-1314.1347857400222
-1315.3542110086746
-1316.9823603212633
-1318.6264018548134
-1319.8807092458997
-1321.145627347172
-1322.8057268045923
-1324.430654333616
-1326.068006765225
-1327.3154718781996
-1328.571117651385
-1330.242829312271
-1325.6237492116416
-1333.575504287621
-1328.5488712257609
-1336.0813390732892
-1331.4491276948647
-1333.1004003187306
-1334.3653216349828
-1335.6482958680024
-1337.3502153482066
-1339.0067733610745
-1340.6524169290444
-1341.9185274811462
-1343.1914196308198
-1344.901258044432
-1346.5742435620089
-1347.8425586138274
-1349.1093836278803
-1350.8066293563606
-1346.1856132460296
-1347.8645206403742
-1349.1356640448246
-1350.4461986824815
-1352.1565107450867
-1353.8404271836912
-1355.0759472383224
-1356.3611196915215
-1358.0760299435954
-1359.8011811420597
-1361.0863804859882
-1362.365204315472
-1364.0721852197469
-1365.7779045743048
-1367.0664223646338
-1368.3477401371006
-1370.0644024661563
-1365.5038618337003
-1367.2532255793003
-1368.5334362211797
-1369.8247068197009
-1371.508843444326
-1373.2412654791606
-1374.5596899400246
-1375.8913002311624
-1377.6197679635577
-1379.3189862711224
-1380.6205408050905
-1381.9252870379003
-1383.6821072645141
-1385.402230166421
-1386.7267288896335
-1381.760107053788
-1383.5311820844677
-1385.2440985744556
-1386.5426364510988
-1387.833200524314
-1389.620019795779
-1391.4070304581376
-1392.718520512397
-1394.0209149783364
-1395.74968834449
-1397.0766745574288
-1398.4090473673778
-1400.177693365707
-1401.917706909524
-1403.275599857397
-1404.5929574763065
-1406.3373528766117
-1401.8039044595741
-1403.1284314374955
-1404.4669353436936
-1406.2834685945181
-1408.065043354681
-1409.3870903306313
-1410.6840952506066
-1412.4672818257568
-1413.8335905799681
-1415.1967267059013
-1416.9772205460263
-1418.7463716662594
-1420.0841376092228
-1421.4286875118469
-1416.936743505378
-1418.7365637202247
-1420.090946550754
-1421.4626358838914
-1423.2573221896919
-1424.5907724761742
-1425.9172993085497
-1427.720792765488
-1429.5208482498583
-1430.907306941686
-1432.271746690965
-1434.0662850370447
-1435.4215453061677
-1430.5005769445966
-1432.3234029994615
-1434.1462521231576
-1435.5231918021107
-1436.885631366587
-1438.7095895881441
-1440.0598578750235
-1441.431180414385
-1443.2505521434778
-1445.08828355696
-1446.4770199631153
-1447.834543003546
-1443.373109044701
-1444.7403422845164
-1446.1140498665427
-1447.966506156401
-1449.8351617450135
-1451.2095265023322
-1452.5960212428151
-1454.408050496864
-1455.7943461832397
-1457.190343699813
-1459.0413616053474
-1460.4259261860313
-1461.835456565602
-1463.6927064545796
-1465.537207564836
-1466.9105113755772
-1462.017296823048
-1463.9103289628852
-1465.3244305118003
-1466.7156114191641
-1468.549738189595
-1469.9364886450264
-1471.3660105023728
-1473.259078130529
-1474.6598361057638
-1476.0426070124843
-1477.928499496416
-1479.827960427299
-1481.1964892124513
-1482.5976375709263
-1484.4764913478925
-1479.653244769366
-1481.0777351254935
-1482.9352638848864
-1484.321909139254
-1485.7131817289408
-1487.6656433101632
-1489.1191299184575
-1490.5407132158778
-1492.3683815606241
-1493.8204210704978
-1495.2628062799918
-1497.1647913332306
-1498.5865340491703
-1499.9696471307955
-1495.672341133796
-1497.587652117274
-1499.0062033303434
-1500.409312205074
-1502.3297427172054
-1503.7965117828744
-1505.281015035258
-1507.1572995397387
-1508.5864525664379
-1510.0070417461143
-1511.9430676410318
-1513.4084516891749
-1514.8580107282874
-1516.779456447773
-1518.2443634340696
-1513.405818681012
-1515.3216937829247
-1516.7516779172447
-1518.208285687384
-1520.1823981936827
-1521.6458130709902
-1523.104782835844
-1524.9919663510595
-1526.443089775454
-1527.9266420847941
-1529.9116865574342
-1531.3536820572729
-1532.8261053341328
-1527.9642727702458
-1529.4470310517668
-1531.4212283811448
-1532.899020080415
-1534.3754450815804
-1536.328500155249
-1537.7881339770352
-1539.2652397807742
-1541.235632431292
-1542.697301899556
-1544.2154523821744
-1546.1340533245543
-1547.6850293287314
-1549.1512880944226
-1551.1109972614863
-1552.592800638676
-1554.0895186841435
-1556.1030806840108
-1557.6007255011957
-1559.0851286068867
-1554.7644988096135
-1556.2664236644775
-1557.7597187723454
-1559.2925762768934
-1560.795189059601
-1562.7792783727564
-1564.2560027994557
-1565.7368459029376
-1567.7659335277742
-1569.292247659159
-1570.8093728683639
-1572.789980453826
-1574.2820550048411
-1575.7885239920158
-1577.3184432960538
-1578.8395949388407
-1574.5653101678793
-1576.0766319043869
-1577.5838418084677
-1579.617163166555
-1581.1245193237278
-1582.646780583359
-1584.6758511044543
-1586.204524675961
-1587.7352987527036
-1589.2440641096507
-1590.7520985261463
-1586.49103342127
-1588.041580545273
-1589.590383606819
-1591.6553716384533
-1593.1821275644209
-1594.6546167749034
-1596.1981293795461
-1597.7458521853293
-1599.8136335964464
-1601.342593738513
-1602.8797887281949
-1604.9195268060323
-1606.4722903776515
-1608.0315855328276
-1603.295753868032
-1604.865989982499
-1606.916945750074
-1608.4599882682626
-1610.0041598622236
-1611.5708818589073
-1613.13821743068
-1615.2191846647263
-1616.7548946416587
-1618.305817217469
-1620.3591460536275
-1621.927912610054
-1623.5010012803198
-1618.7858686753652
-1620.3513404874648
-1622.4039822736904
-1623.9786488974853
-1625.53638294165
-1627.1309342604657
-1628.677327564758
-1630.8045294924486
-1632.369867378362
-1633.9408557283366
-1635.4892125352728
-1637.0377749304987
-1639.1462626648208
-1640.7887026782491
-1642.385169202313
-1637.6661444280646
-1639.2338053704466
-1641.3427044330992
-1642.9572861309482
-1644.572473411478
-1646.1524609944938
-1647.7322747156984
-1649.818014555402
-1651.4370102828304
-1653.0450774472902
-1654.6761373588454
-1656.2692435025092
-1652.0294337664488
-1653.684730119795
-1655.2755651553168
-1656.9277739521099
-1658.5473165401938
-1660.6690792126788
-1662.265010399222
-1663.8426831018592
-1665.4946959406564
-1667.1284087431156
-1669.2830790438513
-1670.8715563562912
-1672.4969347083565
-1674.0847090594698
-1669.4429297751558
-1671.0598295422164
-1672.6738497416745
-1674.8775932387075
-1676.4542892204106
-1678.1047631601723
-1679.723921163668
-1681.3998345608725
-1683.5648791408034
-1685.1765348980684
-1686.8144876716801
-1688.441227275397
-1690.0968755211375
-1691.711411866249
-1687.0861214934196
-1689.271102359527
-1690.9193614325766
-1692.5532764011748
-1694.1853745297215
-1695.824943490207
-1697.4848543939495
-1699.1461037374154
-1701.345336345961
-1702.9719092231123
-1704.6100357659382
-1706.2768976031366
-1707.9512365798903
-1709.6189013410913
-1704.988588182435
-1707.1672609152058
-1708.836086441855
-1710.515859706181
-1712.182997312376
-1713.872056236625
-1715.5097843792953
-1717.1798794582496
-1719.403612487965
-1721.0940589759164
-1722.7785130223886
-1724.4596902544008
-1719.8395068030961
-1721.519141032123
-1723.1846821980132
-1725.4392358895702
-1727.1347457962604
-1728.8228964973232
-1730.5076832562893
-1732.1801251462691
-1733.8710239855081
-1735.5518558657488
-1737.1210053309376
-1738.957575972977
-1734.934224877049
-1736.6282347755116
-1738.3077935696188
-1740.012595505645
-1741.7284001692362
-1743.416584835729
-1745.1418903831861
-1746.8241104642784
-1748.5274101857844
-1750.2362474103813
-1751.9478786883672
-1754.2364772771039
-1749.6719442197343
-1751.3854493327428
-1753.0945296260895
-1754.8228055932439
-1756.5505583084012
-1758.2848282532877
-1759.9810050950402
-1761.6988826484421
-1763.414657560419
-1765.131478454162
-1767.4773835850438
-1762.9007181721445
-1764.630709637963
-1766.3460003288324
-1768.0874431660548
-1769.8298338665052
-1771.5723629990375
-1773.2542833370644
-1775.03340504056
-1776.7706182956952
-1778.5200536334703
-1780.8611376214867
-1782.5997168275373
-1784.3529588034332
-1779.803862081254
-1781.559646604246
-1783.3241205452284
-1785.080349140785
-1786.811476308132
-1788.5886745555456
-1790.3369637074816
-1792.0982670505712
-1793.8637376881206
-1795.6249791539205
-1797.2597701605737
-1799.147563394753
-1800.902792584783
-1802.6668847255946
-1798.7601379921946
-1800.5404864074926
-1802.31398004178
-1804.043040558659
-1805.8372501744268
-1807.6122984955866
-1809.4185171957495
-1811.216711788896
-1812.9845259429267
-1814.7531748484776
-1816.543499505431
-1812.0571658352403
-1813.8642314797094
-1815.6542003912084
-1817.4515528813142
-1819.2204888849742
-1821.0128646175208
-1822.8070058432452
-1824.6126723735722
-1826.4225480279192
-1828.2169658869554
-1830.0064183639172
-1831.8058505307033
-1833.6340450642851
-1835.4362878490958
-1831.5692100660988
-1833.3698863073282
-1835.1640420547628
-1836.9864969001894
-1838.8226982465421
-1840.655008952411
-1842.4554758013446
-1837.9683669084213
-1839.7619301901318
-1841.5976985604757
-1843.419657336144
-1845.2341697269715
-1847.0490590477766
-1848.8858553893692
-1850.7364180090913
-1852.6005495881423
-1854.4406860375807
-1856.2506829175604
-1858.0681044818778
-1853.6231035288952
-1855.4983982740616
-1857.3611801502175
-1859.2317504352307
-1861.049519574257
-1862.8918070803368
-1864.696003215489
-1866.5521068223343
-1868.4669970888103
-1864.0356617950845
-1865.8938261404392
-1867.6667959815347
-1869.5050627051178
-1871.4091526780205
-1873.2954172893499
-1875.1738345370459
-1877.0441215409269
-1878.8460274389404
-1880.7223486968876
-1882.5382550317904
-1878.1853466674827
-1880.0999155945578
-1881.9888318774053
-1883.7627260389988
-1885.6254917653882
-1887.502334157565
-1889.4567492208216
-1891.3407498692623
-1893.1487211680533
-1895.0239628959694
-1896.9622980307047
-1898.208322402773
-1893.786280189461
-1895.6535887659707
-1897.5377380170194
-1899.4068950684448
-1901.354927503212
-1903.1998455977764
-1905.0682276952205
-1906.9509349374664
-1908.9236799056926
-1910.7579724824166
-1912.669784381372
-1908.285685594263
-1910.206453771689
-1912.0325287131536
-1913.9611678211138
-1915.8931778441533
-1917.7811897762306
-1919.6597008865244
-1921.540032350087
-1923.4515571137285
-1919.112298126383
-1921.026040504792
-1922.9332527999784
-1924.83203407414
-1926.1294813729796
-1928.0254448483815
-1929.9400920332737
-1931.8717673626577
-1933.828242221342
-1935.7072770573905
-1937.6053544756576
-1939.5996768385958
-1941.4632549961761
-1937.1313300381914
-1939.0650659341263
-1940.938533589008
-1942.8698808652714
-1944.8216902742881
-1946.785074505704
-1948.0408025651561
-1949.9654170685344
-1951.9050203391087
-1953.8510805580875
-1955.8257753523417
-1957.7278511768302
-1953.392238054495
-1955.343588768476
-1957.3114569311053
-1959.222987238981
-1961.1717611692332
-1963.1178461182133
-1965.0951793688882
-1966.3593923770352
-1968.3059845453379
-1970.2667348214372
-1972.2440851289623
-1967.9158869152034
-1969.8348693894543
-1971.8062602407435
-1973.7722321166723
-1975.7570817247843
-1977.7119616234863
-1979.673722513244
-1980.9708312129976
-1982.9372005002667
-1984.9127647354705
-1986.8882673699748
-1988.8708427163772
-1984.5328320324882
-1986.5099047276374
-1988.5190436457644
-1990.4767688803536
-1992.4552286425999
-1994.4178046784743
-1995.7395609761948
-1997.7179953175932
-1999.7210471800624
-2001.7240955692353
-1997.4147790919778
-1999.409508937576
-2001.3853891401372
-2003.3858812240524
-2005.3927882852963
-2006.7169585595746
-2008.6984601858207
-2010.6977591145342
-2012.6951551368647
-2014.7083264151297
-2016.7167022183337
-2018.7180477846623
-2014.4242582149839
-2016.4323927295293
-2017.7797818265992
-2019.786504913854
-2021.8015564276134
-2023.817265697177
-2025.817712204954
-2027.8423503563417
-2029.8676494915483
-2031.205423571378
-2033.2190869273516
-2028.945440548366
-2030.9648528224138
-2033.0088655310522
-2035.0510383532385
-2037.0766748953156
-2039.137735799232
-2041.1228292119044
-2042.4933596479693
-2044.5262676657971
-2046.5986835777544
-2048.559204041624
-2044.3059875794088
-2046.363558681085
-2048.434959355742
-2049.7846179792155
-2051.8307443360886
-2053.854976359567
-2055.890113393643
-2057.93945865515
-2059.303878949736
-2061.356969278955
-2057.1319917344285
-2059.2011242146455
-2061.256957422564
-2063.313666381732
-2065.357045109711
-2066.6993525072385
-2068.754014708986
-2070.82871541033
-2072.9107868238784
-2075.0007869760598
-2070.7787196311374
-2072.822213226322
-2074.179358411784
-2076.253233101945
-2078.33368952966
-2080.411159393242
-2082.493551645052
-2083.8738446811303
-2085.9594495887263
-2088.045398796541
-2090.11943432658
-2092.195706510851
-2087.9780705757125
-2090.0756273430243
-2091.485292872964
-2093.575791073619
-2095.6603130151975
-2097.7303077678257
-2099.8044120062677
-2101.1961304399383
-2103.299207184127
-2105.4136127741067
-2107.5043624537047
-2109.6101231704147
-2104.74384064513
-2106.843544501624
-2108.9361340435653
-2111.0147697741863
-2113.1175846500673
-2114.5318212444295
-2116.7036412064513
-2118.8260208739794
-2120.9723388525936
-2116.7471419983185
-2118.8550298839364
-2120.980863118746
-2122.392743272832
-2124.495530934777
-2126.61621921171
-2128.751433499315
-2130.883174133535
-2132.342151078012
-2128.1910099678967
-2130.3066389928213
-2138.681773810349
-2134.537037132442
-2135.980518124396
-2138.1890010393636
-2140.285303805501
-2141.677463221334
-2143.818352331662
-2145.964965513488
-2148.18024420825
-2150.260205761771
-2145.407488116481
-2147.5667878851923
-2149.72328510876
-2151.881386393951
-2154.0341865461937
-2155.464494899052
-2157.595290498966
-2159.8000533129325
-2155.668747600582
-2157.839305596508
-2159.320548982773
-2161.4431619769316
-2163.6227264741015
-2165.8078432566062
-2167.9912677627076
-2169.4413685379523
-2171.554327791751
-2173.744393661894
-2175.1873739004845
-2177.372479887544
-2173.3177502980047
-2175.4636741585186
-2177.64578585849
-2179.1242499852283
-2181.3843834351806
-2183.4651011451792
-2185.6262430266265
-2187.820145155061
-2189.330122930669
-2191.525699607436
-2187.445516870354
-2188.913396576331
-2197.3056937630954
-2193.2941462972312
-2195.4875698482515
-2197.7149589551505
-2199.1833962423175
-2201.36253223372
-2203.608517054107
-2205.0894005184014
-2207.342824348895
-2203.242911473927
-2205.434809199139
-2207.6173544748967
-2209.1191320598746
-2211.286274886694
-2213.5168084399343
-2215.0205612186
-2217.2835174502693
-2219.5788513296106
-2215.516932577292
-2217.7087209645147
-2219.1997593109263
-2221.357353724519
-2223.5887886327596
-2225.091043433233
-2227.3310170229192
-2229.644546782945
-2225.6126160749664
-2227.861053352853
-2229.3522137853333
-2231.5813266247874
-2233.7839901960333
-2235.2716106421412
-2237.5792897631595
-2239.8195151567634
-2241.3043607469303
-2237.3057769027955
-2245.859476485291
-2241.8492280653254
-2244.05299404263
-2245.5546711294924
-2247.78324607428
-2250.0504555415123
-2251.5697611604983
-2253.8568580611663
-2256.1888071121307
-2257.69671474934
-2253.7457685366544
-2255.989461847678
-2257.495688984175
-2259.740731609707
-2261.9146954398557
-2264.1616064226414
-2266.5110723667626
-2268.0773560807547
-2270.4013994032807
-2266.4000670647174
-2267.9613339273915
-2270.300826369227
-2272.5743080739517
-2274.0477216899285
-2276.310130331714
-2278.539674821498
-2280.0786653923055
-2282.41873274544
-2278.4862574187273
-2286.3460265202557
-2282.4046677936126
-2284.711613379744
-2287.008947466196
-2289.2496808847804
-2290.8173881397265
-2293.1111100913754
-2295.4496708990946
-2296.994638446191
-2299.3509355043766
-2295.404895547617
-2296.979683290448
-2299.311372486254
-2301.622214860212
-2303.130156340559
-2305.4420328131428
-2307.7638250191258
-2309.3135074697043
-2305.357234970742
-2307.7177975945824
-2309.326090191025
-2311.652918038271
-2314.0465878014893
-2315.600524442557
-2317.947477443706
-2320.276452623315
-2321.8322574496083
-2317.8650825947193
-2320.2239498793265
-2321.7995560236336
-2324.17314198357
-2326.553139364812
-2328.091929707274
-2330.4424839890557
-2332.8318537242912
-2334.448052619844
-2336.812945263353
-2339.1652752628393
-2334.4786386588034
-2336.8674162279945
-2339.2178807935034
-2340.773796534842
-2343.1329606016698
-2345.517047724463
-2347.1336820609367
-2349.4936016766646
-2345.5995971157186
-2347.21589873804
-2355.8903057433054
-2352.0086059098485
-2353.5674133415673
-2355.938747023134
-2358.3462013380718
-2359.9590758268714
-2362.381577299287
-2358.5054732297167
-2366.386554435568
-2362.5347365181824
-2364.9440934608906
-2366.5287305337256
-2368.9164657086394
-2371.291100156914
-2372.906576791027
-2375.285996663454
-2377.6963124536605
-2379.286105039504
-2375.429645381698
-2377.8923865419692
-2379.537119602791
-2381.9865173517364
-2384.3910792185397
-2386.0439566264313
-2388.4904882257138
-2390.9231835385913
-2386.235106184935
-2394.1386651280463
-2396.539339603173
-2392.679386762755
-2394.2873708223883
-2396.7163284106723
-2399.154292724418
-2400.780346153861
-2396.9313308639
-2405.685406213267
-2407.347615321406
-2403.5354940984225
-2406.0070342623058
-2407.6306984955922
-2410.1252151622307
-2412.579817264115
-2414.2200162488375
-2416.6553276368195
-2419.0860508670776
-2414.4386017117395
-2416.0910494647974
-2424.816840780202
-2421.0069773015343
-2422.6674920521523
-2425.153559124058
-2427.5951561861652
-2429.217366787754
-2425.42246409094
-2427.940806736643
-2435.8951295483457
-2432.0680444097748
-2434.533924602149
-2436.183309194548
-2437.8774349685946
-2440.37295856039
-2442.8613723232033
-2444.535241672598
-2447.0269357854377
-2443.2431347993543
-2444.8978847807107
-2447.388724851749
-2449.8911252350276
-2451.5275874681997
-2453.2333128221194
-2455.7506514329016
-2458.256794775036
-2459.914315687463
-2456.1504748634134
-2458.668292711966
-2460.344056979043
-2462.8552153295227
-2465.3521606532154
-2467.030273979541
-2468.7264711452135
-2464.981096205246
-2467.50136359488
-2475.4915028729183
-2471.789111914632
-2474.351978627918
-2476.0103591997145
-2478.5438496919714
-2481.05684247797
-2476.4602684753604
-2484.396635930538
-2486.8699742399704
-2483.0999586480216
-2484.7888488916415
-2493.5827651939067
-2489.84864501194
-2491.5582318673755
-2493.2862356959145
-2495.8894359692626
-2492.195762393024
-2493.9466254719487
-2496.565492829312
-2499.1241252548753
-2500.829324355969
-2502.5369649801223
-2505.028750602909
-2507.540391977014
-2502.952939943317
-2505.488767586915
-2508.0438280164394
-2509.7413581799087
-2511.455068110923
-2514.0285184135632
-2516.6256656328724
-2518.3680112344036
-2514.639414885328
-2517.230834159183
-2525.2821573740043
-2520.6822350151847
-2523.292190809216
-2525.8721759751447
-2527.6143132407697
-2530.230282743236
-2526.5175847326154
-2528.2214688013505
-2536.2155121480473
-2532.505702425483
-2535.103882525342
-2536.818380371568
-2539.436592715413
-2541.995677238133
-2537.438472841488
-2545.447436822402
-2541.8072591383234
-2544.4149427646007
-2546.1986002496715
-2547.9792232864465
-2550.6250756875647
-2553.263566073761
-2555.050663403423
-2557.689398376586
-2553.9930931260747
-2555.7316948889907
-2563.761820385075
-2560.0571741738504
-2562.6105041664023
-2564.312453475152
-2566.1160123701166
-2568.6920833970007
-2564.9804441860197
-2566.738340162309
-2575.716519896417
-2572.0666445241004
-2573.8646446431794
-2575.6817228556906
-2578.3307638115057
-2581.0311133285295
-2576.553776472297
-2584.5400372955696
-2587.1804480026112
-2583.5037955313824
-2585.2398167304914
-2586.961980101903
-2589.5594030634998
-2592.1931483933395
-2593.912853814533
-2596.595470126061
-2592.883778737407
-2594.627057344114
-2602.686879847745
-2599.068824121669
-2601.71686557159
-2603.476889332585
-2605.2524846513193
-2607.9063975377417
-2604.264983573167
-2606.0060703622726
-2614.0033662981637
-2610.325258460302
-2612.9106335793863
-2614.6463875936643
-2616.372673061592
-2618.917535700407
-2615.2768655158147
-2623.278806701807
