0.33419888570150136
-0.13078958009626473
-0.2556850949927006
0.007509647105021163
-0.019409785625338512
-0.04918338894412265
-0.07320214386052083
-0.09283361594472121
-0.10275767763577753
-0.10456347060257022
-0.09644196230527859
-0.04825902308202176
-0.07291197222022354
-0.06803775746351266
-0.06532778639565719
-0.08004118649870279
-0.11257425586296586
-0.10607350629458964
-0.21405185656953646
-0.2618296320249434
-0.3007963219215941
-0.3112163917483335
-0.2942019471041516
-0.27086429238161247
-0.2383361381719254
-0.21914245190947818
-0.21861120472860268
-0.23703883620715477
-0.2697511753282297
-0.3299867825367402
-0.41398318371264153
-0.4843101845635367
-0.5275545163275794
-0.5646510633553019
-0.5813934608037347
-0.5555609371208132
-0.5062004953122584
-0.4611046691571116
-0.43025043569593613
-0.41895675495538687
-0.45373797845756614
-0.5395332653885041
-0.6306597680336634
-0.7209465671356516
-0.805052173163959
-0.889620902712656
-0.9355854561767563
-0.9251286538724666
-0.8816998969675591
-0.8284229043551529
-0.7772787139390641
-0.7420787938169303
-0.7426843543943864
-0.7962171079315288
-0.8826372701221553
-0.9761177707918189
-1.0890995846741667
-1.2132578436761168
-1.2978521918534995
-1.337649363843235
-1.3400769199632108
-1.3109741170857245
-1.246071826270761
-1.1835625887308927
-1.1468073740335278
-1.1413984698625885
-1.1743667136770584
-1.245083002858097
-1.373405333452338
-1.5357670006433564
-1.6730975291308046
-1.7759062360150746
-1.819265813906966
-1.848469984658632
-1.832100536402316
-1.5442777424251117
-1.7187210202699201
-1.663063813750756
-1.6399597148953193
-1.6863368966003218
-1.7871928020594403
-1.7336965834634117
-2.0258805042469157
-2.1505636285693126
-2.2611253943749365
-2.3424337827805743
-2.3982916020796647
-2.4255894055645193
-2.1021558217008596
-2.3599435499787065
-2.3239044016680452
-2.3340124963704385
-2.346849576155009
-2.2361068574512433
-2.2889794426333867
-2.50886225211476
-2.5948634042126497
-2.7445289981679855
-2.8984250963524794
-2.9819083978350274
-3.0355563489507005
-3.128969223182017
-3.1600959207789714
-3.155861563875864
-3.135001470296304
-3.098623189258715
-3.0462558406426337
-2.927569173321389
-3.1405771509004587
-3.2128175498210227
-3.3092523722980354
-3.4475310037191895
-3.628278675874925
-3.3645193807607034
-3.827553998331686
-3.9121761693867443
-3.983136590232583
-3.998831239662267
-3.9724102977814786
-3.9685368077141048
-3.7104272197745836
-3.93393904091194
-3.969926608746283
-4.005312121779796
-4.084074555529547
-4.175062739864837
-4.0908199002169905
-4.497230378955164
-4.672092922013057
-4.770775271683697
-4.859982795519044
-4.9257433905609265
-4.9423922574186605
-4.569282836266863
-4.852219619696225
-4.80305095749451
-4.800773064459527
-4.843098854120695
-4.929915877665346
-4.890764064078066
-5.1814902365122215
-5.365755211207614
-5.531539960833864
-5.696864584442805
-5.820917757725941
-5.879086869271346
-5.510446878516696
-5.558668215597973
-5.90578082231694
-5.870869095876642
-5.8563962253192186
-5.863961912866619
-5.793412717569909
-6.004311916287279
-6.166178947632071
-6.308295101199973
-6.40960074186161
-6.568194597108369
-6.37242349650993
-6.83131418360392
-6.936979338312511
-7.070557253768707
-7.122045736618927
-7.141642322402572
-7.1110141298261835
-7.09733601098309
-7.029590590598099
-7.00706539225255
-7.059400111106525
-7.154941574973859
-7.312810699358288
-7.348661181862586
-7.711838813888338
-7.874253969678846
-8.035911616072596
-8.180517328012616
-8.255765977904332
-8.329282009953896
-8.285349850759065
-8.243829480620217
-8.210182322690207
-8.259531284898438
-8.340882656961936
-8.352654017190707
-8.446244183221536
-8.529414794900156
-8.696274262093942
-8.836789006300478
-8.964669130742339
-9.094843101145651
-9.26437425217416
-9.457811179144752
-9.628369351144519
-9.753309574578457
-9.864847977890024
-9.876544422295531
-9.835834458394322
-9.737115026200637
-9.662652915653654
-9.632345653741368
-9.671291214934792
-9.80945461057236
-10.039769462240514
-10.324882990383658
-10.576214592845165
-10.81128431222958
-10.952351122546496
-11.030107266607413
-11.064704143094552
-11.07445894979613
-10.975889966505342
-11.056985053582766
-11.108725469786254
-11.223152873766665
-11.370380315281867
-11.478321933234199
-11.57252003455383
-11.591850956908761
-11.589735468730037
-11.640324146704534
-11.73915234684635
-11.907945887995867
-12.17538064715734
-12.471488055337245
-12.764203252025332
-13.00491159486342
-13.186391462608029
-13.189994827987242
-13.078982396970297
-12.963071677647157
-12.741399755296468
-12.67182722023127
-12.752077440390439
-12.963384902951388
-13.235526806115635
-13.538298261645721
-13.798746693827763
-13.95179920092782
-14.044679565142214
-14.119896411304172
-14.173295724958857
-14.343672517087777
-14.466634199349565
-14.612704264448347
-14.874211769621343
-15.118333429325356
-15.202828658718346
-15.164224152851281
-15.03228709553506
-14.9332626629991
-14.869192374878848
-14.875949921404338
-14.93997716810536
-15.230705717871464
-15.547667983646074
-15.920087323209145
-16.27386650152962
-16.52091957191939
-16.59496380623089
-16.60551532206507
-16.635181728325378
-16.65493017675399
-16.694035828469023
-16.817846520130683
-16.98592871064944
-17.13499196812311
-17.4377515591308
-17.54468431861568
-17.361980647682145
-17.380686863006826
-17.36077738775583
-17.47801780195367
-17.5938129771539
-17.860157808387463
-18.191325017612808
-18.596844694023346
-18.94283614485669
-19.166628551045076
-19.28862515585575
-19.328498723219482
-19.28937213721386
-19.42106173730396
-19.116545138654377
-19.139578662890994
-19.26843202747822
-19.48039323945961
-19.62106528630305
-19.859949863740788
-19.979861724379905
-20.131040785356266
-20.217313465697544
-20.347564534940325
-20.436382853336085
-20.706013993119555
-21.279589663326966
-21.438783205481602
-21.825269954749302
-22.107298941424663
-22.184845287013275
-22.138022893418295
-22.06151772651002
-21.96319905019053
-21.884873121004702
-21.887011568782388
-21.982819436172772
-22.2446546984837
-22.467040874335417
-22.747184341124427
-22.98361228408861
-23.10914337726614
-23.27702488654207
-23.371422118274634
-23.553799392747266
-23.7796631907609
-24.103308208191102
-24.57192088002825
-24.943149507802865
-25.161592703014527
-25.23611834446543
-25.18541273349352
-25.051849046135803
-24.93725036273669
-24.922160677354313
-25.022256281469932
-25.287914595775003
-25.50595179395769
-25.756048655069417
-25.98175080030308
-26.140925546367285
-26.26053344006773
-26.365668505380263
-26.62541109119786
-26.932299441360303
-27.28844741856247
-27.803819770461576
-28.262077434816135
-28.48851264039204
-28.61420656613739
-28.556624813812917
-28.472105813096782
-28.40247659177239
-28.429441415222225
-28.536828739544486
-28.793126076979803
-29.105684558644697
-29.396172415201406
-29.447819875871573
-29.49862282857267
-29.473761279635674
-29.53990687597624
-29.796753691109984
-30.177962409139965
-30.65056135909456
-31.178858328965596
-31.605936881730287
-31.818092646894563
-31.912631451196187
-31.925043325089472
-31.992159310412998
-32.066259795854805
-32.112760570402685
-32.539872473161104
-32.83338722411303
-33.088127106518634
-33.126591259672246
-33.10212448302561
-33.01585969669261
-32.93278843116541
-33.00282273303158
-33.24238208526786
-33.677085092990815
-34.22883670010973
-34.39511766459536
-35.05475003429566
-35.287733321798896
-35.32188460090273
-35.402842777693756
-35.58510546557561
-35.8658799906923
-36.24256921974537
-36.658457090944886
-36.98969704052169
-37.17874189271548
-37.23359094261649
-37.16825403703348
-37.012551217528085
-36.86906966140803
-36.835702850445685
-36.97247653638228
-37.31548771359267
-37.77969622247477
-37.92111573564158
-38.169152351148995
-38.35007577013618
-38.717081654093064
-38.88584664737018
-39.045059590914086
-39.36089958264825
-39.72185268408689
-40.273196042080706
-40.66658208501137
-41.07013779924118
-41.123762986187685
-41.148480743580876
-41.159538657609524
-40.607466792443894
-41.09891665209632
-41.396917864096245
-41.34830890542913
-41.995613333423634
-42.237730706648065
-41.98760029488108
-42.35478633530624
-42.366399054596215
-42.40147703197379
-42.48962255518296
-42.7335221155427
-43.16607863134906
-43.69108416601244
-44.17567971720936
-44.486486464798176
-44.626139547129846
-44.75686059035286
-44.91541393866375
-45.09545155392515
-45.31726819260587
-45.752679365040706
-46.12964162712328
-46.384093596551764
-46.48077579259453
-46.39482296356612
-46.07386129225321
-46.299936295252984
-46.26715731224095
-46.44348112514401
-46.836279528309625
-47.2127178865656
-47.31907751653535
-47.73031972263322
-47.90954635004528
-47.930627275369005
-48.04435368161634
-48.22580213087171
-48.6212994102646
-48.83002567151277
-49.43928737271974
-49.730751344018984
-49.914751901131226
-50.06386492666504
-50.16093474898298
-50.311026627234796
-50.567504037469924
-50.95825082881764
-51.238054946498806
-51.45349010232
-51.60797605693105
-51.667218635961135
-51.64137162815778
-51.6547466439043
-51.71603874694915
-51.835907793552344
-52.10112089035825
-52.47141761913973
-52.783206711427944
-52.98185826555325
-53.1196610995802
-53.234835822283216
-53.39677811826513
-53.676849028783174
-54.06564906449242
-54.518706091301034
-54.952020682328694
-55.27098363393137
-55.46506822545675
-55.615175264742575
-55.81125037336743
-56.00931739652214
-56.279557049811636
-56.61415242941384
-57.036818028700154
-57.416021231230665
-57.64824796883875
-57.68237634780344
-57.621490901180024
-57.59002485042341
-57.57060069158666
-57.71577189541754
-58.09470604365458
-58.49844226952697
-58.87641359552142
-59.08508769564571
-59.20659045461457
-59.219983525888466
-59.34933213763351
-59.55156766965323
-59.95659475035575
-60.464950574708084
-61.03218349234848
-61.47035379178133
-61.710591931478085
-61.87663832111181
-62.031696647230135
-62.18667161302119
-62.466707272675556
-62.91526597881808
-63.521420191807614
-63.983308231717906
-64.2150353643258
-64.31592769584778
-64.33271544756292
-64.3393888199356
-64.44900626783016
-64.57485324643531
-65.03732439174692
-65.57347913810852
-65.92609729552862
-66.08152531679656
-66.09246390985695
-66.04805700541672
-66.03893124679159
-66.2088370154449
-66.61886314969416
-67.2032190556074
-67.76094576586031
-67.91824793504061
-68.32245898994728
-68.5192713108125
-68.67381151577912
-68.88418130283004
-69.30356042032727
-69.55753547732031
-70.43102110294345
-70.85212160927752
-70.99176992412775
-71.17220656677439
-71.33875679328638
-71.52649314850902
-71.865060231282
-72.27666562903504
-72.84288721788572
-73.13772366576228
-73.26588866856754
-73.25534348924195
-73.38385910861692
-73.5175662996595
-73.64823365669662
-73.96350447019017
-74.0576664650909
-74.67220465111025
-74.96705663995202
-74.86171476542944
-75.24485574836419
-75.44015896026033
-75.52788396700677
-75.87671243276851
-76.25022004330685
-76.72405952250848
-76.75170071776773
-77.03457604759117
-77.43184611351418
-77.71148256667107
-77.90812280709565
-78.30212899809774
-78.40036583821781
-79.20400307185118
-79.50084196675823
-79.68606002037768
-79.9324019757001
-80.14985690175894
-80.41016712881593
-80.66127690034718
-81.03090213028021
-81.57022089555107
-81.95839466564034
-82.11464005142949
-82.14130161075701
-82.21767380953386
-82.33270696300558
-82.47370714077914
-82.83994325147015
-83.38897468357028
-83.8053383236138
-84.01930842556166
-84.08942015031946
-84.06003410016329
-84.05663800319172
-84.22208099795742
-84.55103078403737
-84.98279932456546
-85.4894617273804
-85.8962558391305
-86.01208373684135
-86.14742305302778
-86.27057703597124
-86.43866294024193
-86.786389656317
-87.30164277792566
-87.93614819049176
-88.22434721500309
-88.44279550052399
-88.56264966565428
-88.78136671238414
-89.08778687248423
-89.4687705394257
-90.00651117495731
-90.51413515483065
-90.83582902833749
-91.07748400985493
-91.26147969370827
-91.45046464467275
-91.74341591734755
-92.0755601201809
-92.59877358967738
-93.11401795359792
-93.44570750657599
-93.64578185378753
-93.77947270722944
-93.82831879189801
-94.16114826009823
-94.48657572791964
-94.81364042358757
-95.28273540465688
-95.67295040581834
-95.88996619557842
-96.03346374803026
-96.12947784958205
-96.29898847928895
-96.6353968094041
-97.0761891716849
-97.56462317999366
-97.94402103902124
-98.15054173241653
-98.31402373691766
-98.61360710772162
-98.93388594565543
-99.18857898635108
-99.76105393123936
-100.22856905989842
-100.4954355997943
-100.93928295814004
-101.12290740364381
-101.40010026985891
-101.68780205522792
-102.1249214573987
-102.40675511196407
-102.95940101385106
-103.26312067601116
-103.48771294835747
-103.83475762957511
-104.07794714674446
-104.31990840714177
-104.90964293891824
-105.34358793203104
-105.69206522601422
-105.86243356060936
-106.15293411408929
-106.31695945431973
-106.60870237045137
-107.02907918308146
-107.47678347567894
-108.01243968496202
-108.39136060460244
-108.51401938979406
-108.59024193472958
-108.8984791215528
-109.09609014000803
-109.44846825849372
-109.95838315667922
-110.36202997508398
-110.57547164547451
-110.63761537262802
-110.87764893523193
-110.99126707559839
-111.16351560376185
-111.46530129750309
-111.95391160734601
-112.56315742248773
-112.86991311799002
-113.27509433408969
-113.19253679927237
-113.38043376311688
-113.67556406368593
-114.01077573804804
-114.47049530117913
-114.90103098741915
-115.22070944098046
-115.45433078420407
-115.66368985476205
-115.89462619057446
-116.16538719531736
-116.58123595302925
-117.09641059325908
-117.56979812014733
-117.95261971019609
-118.26838040623643
-118.5699873264651
-118.82875620765658
-119.09814953615674
-119.52861821065319
-120.32540834768913
-120.30035790145432
-120.68184392786718
-121.02114733748544
-121.30418862638065
-121.63696944400033
-121.96258921367789
-122.26178448227621
-122.8166190977383
-123.18664102338336
-123.46798912941814
-123.81678342337906
-124.43881938855951
-124.81781066279812
-125.04066760726778
-125.55030014699305
-125.746966099369
-126.09538549371781
-126.35810890837543
-126.66863750637982
-127.3458351353021
-127.53630358412475
-127.95826173065538
-128.48603276909483
-128.7475536905926
-128.9989963136947
-129.33595590011353
-129.5011569670132
-129.99176813742403
-130.57726105375056
-131.13376097160102
-131.4328084119028
-131.64420000132452
-131.85902346179162
-132.35612949481435
-132.61704476985403
-133.06058118699312
-133.40575786591668
-133.71620268766543
-134.1028692100634
-134.37528795927304
-134.77988987442805
-134.71717054232826
-135.06002408475385
-135.41655910297425
-136.33511772575142
-136.46989078612947
-136.5496288082657
-136.88987595845046
-137.00326923933594
-137.2737776774237
-137.69184160071902
-138.0681036083454
-138.64567833626583
-139.47046293594792
-139.2698904649326
-139.49519639633147
-139.82746843928447
-140.06599005363765
-140.43041672099497
-140.80838145864954
-141.30774337969365
-141.76061574396655
-141.97171339011408
-142.2182277633126
-142.34053799713158
-142.64133492297077
-143.18907024678194
-143.6322457755548
-144.2993805663003
-144.61990042954028
-144.99265181050833
-145.30314144167642
-145.49709362205888
-145.8126239320874
-146.18236187750978
-146.78594436944076
-147.09720611305028
-147.54605619703545
-147.77650435776047
-148.10113653647713
-148.53534143927644
-148.97271048236405
-149.35371163008438
-149.9724054702837
-150.3211779445929
-150.7065229329907
-150.91196734331305
-151.17745831592688
-151.59583582272177
-152.27622307396868
-152.6299344611212
-152.86838567007635
-153.38605513719978
-153.7116485251647
-154.09440681531862
-154.68367594565183
-155.1115337003244
-156.1373781496473
-155.614483427125
-156.14013276875295
-156.41462014687684
-156.771726120743
-157.26231887266496
-157.69811118968647
-158.3588818055556
-159.31513153293545
-158.85580479656494
-159.1819644401841
-159.54661385749534
-160.0398210930278
-161.24316654895924
-160.8507459106686
-161.1241667969907
-162.34052774216954
-161.77610145590162
-162.3232532057977
-162.76499815763174
-164.00053901931366
-163.65407132309136
-164.06188278698878
-165.213307456722
-164.69909721629455
-164.98934959958964
-165.21686695792562
-166.78718892878658
-166.41278362504957
-166.8028120817721
-168.04358645605237
-168.3486948014812
-167.66324960038315
-167.97545776798108
-169.5010778693723
-168.9762750089938
-169.46752253875096
-169.80218019173094
-171.14123884742207
-170.2778985313692
-170.5718996701883
-172.2907507586813
-171.75981167835093
-172.34287804212218
-172.7264924134941
-174.09072778624963
-174.39161436005597
-173.67586033279676
-175.25921203998064
-174.86641781267545
-175.44925009225864
-175.76391350944033
-177.0272691479041
-177.41878358560598
-177.63474936941367
-178.1509493593001
-177.70962956449216
-178.258414757431
-178.5745877374238
-179.93669408330902
-180.25030349096193
-179.56417099601984
-181.17112470197245
-180.99176349615635
-181.16364676247574
-181.58823157872328
-181.91325813722992
-183.2824878524301
-182.7991420686145
-184.30577704004358
-184.016284601087
-184.62123947786176
-185.02659001496713
-185.45427997132157
-186.4659932744924
-186.34134393864392
-186.61924870530592
-187.3116927004053
-187.99145657428727
-188.49702746928065
-188.41098334200632
-188.6402102128436
-188.96994788253576
-189.45986318203902
-190.27041192448328
-190.52195930211047
-190.90773846375194
-191.2583714159988
-191.7046857190218
-191.69759641769923
-192.28976490467025
-193.2362386140105
-193.69205582805918
-194.28807401862107
-194.77040272200443
-194.72963640877427
-195.01019643586102
-195.5319993393305
-196.96886049399546
-196.8673906066397
-197.37859102453623
-197.80241236521883
-197.92863498118004
-198.50004007150537
-199.242599373929
-200.23057429257784
-200.83791545304823
-201.3013815808498
-201.73088911748204
-201.86867065802875
-202.11332724597062
-202.8283230736141
-203.46561561679104
-204.00982242824108
-204.41172612781943
-204.77413850541282
-205.0261974162076
-205.5766130533906
-206.31866094968092
-206.70581050715356
-207.25349688752556
-207.59754625247388
-208.23506248034647
-208.43310982274033
-208.95574471760108
-209.67841268041337
-209.84912429821455
-210.36338289119234
-210.90156582917697
-211.27002699218468
-211.47915511298208
-212.06949332652084
-212.50514186114432
-213.23637941035213
-213.46027959901517
-214.1765595084009
-214.50042878599788
-214.98208173794873
-215.22190786125074
-215.99586673688043
-216.22683985215411
-216.66666404293412
-217.231329557641
-217.38019367448825
-217.905886552888
-218.28682102052588
-219.19681070726526
-219.5304671977123
-220.08830643745077
-220.87560491217593
-221.0918359334576
-221.52812014166767
-221.99248119093394
-222.38214503587395
-222.90301463735952
-223.35146136597126
-224.36159342572637
-224.58763601368588
-225.3983866561453
-225.94824859301767
-226.79360265259706
-227.8281911638309
-227.8490309182293
-227.9567567150146
-228.44183062827548
-228.62074506922522
-229.29270447466484
-230.3452237439562
-230.68933373967613
-230.9558252687315
-231.6055652051648
-231.92706807156108
-232.44886305789134
-233.47991542384605
-233.79812751978997
-233.96568704327714
-234.20748721363563
-234.38914652689255
-234.6786091758746
-235.55924838979655
-236.30362879420156
-236.75620609304647
-237.06215751666232
-237.72063720357042
-238.21274821437714
-238.60399203525955
-239.07219056082803
-239.79275019309824
-240.09668037905053
-240.27865144852464
-240.5392761180861
-241.30586050259146
-241.89484295897674
-242.59809887844796
-243.1906788265076
-243.7268825633062
-243.8691674638637
-243.3860919636558
-244.15484608580746
-244.65082279292236
-245.6317245780322
-246.15323449408666
-246.5981273103134
-246.3439450483468
-247.35136140862105
-248.3027881547563
-248.624548119747
-248.40979559350166
-248.90131908355758
-249.22551286379752
-249.97034033269216
-250.19967251804718
-250.93816565133235
-251.68601292711702
-252.36607862204917
-252.21408572461388
-253.11223288342353
-253.16204204864545
-253.2998028236671
-253.9964515374834
-254.6512418359559
-255.0442730557053
-255.75980557636566
-256.08162159073817
-256.48318811238767
-256.85109990613233
-257.6354988909432
-258.1312989348325
-259.1044416543207
-258.96873292619205
-259.5296263557358
-259.7286259864937
-260.56005667159667
-261.62395524562675
-262.5014425174291
-262.96886911224925
-263.1358002684132
-263.48562488383936
-263.9766036477225
-264.7287981884952
-265.69983772459545
-266.2785290466517
-266.61933599938567
-266.9516407023241
-267.3507120474605
-268.15385284175676
-269.1594288106393
-269.8992149602862
-270.33712249285026
-270.4308635047667
-270.59505423618214
-271.04497280122604
-271.83818540040784
-272.90958948304126
-273.50865856404613
-273.63968758515483
-273.67861115571077
-273.78335617375427
-274.2911472126441
-274.5956372210989
-275.2208246306892
-275.69329092676895
-276.65529992404157
-276.6419364920622
-276.9531756027172
-277.7184289157821
-278.70848838128785
-278.691969924792
-279.54572394578423
-279.41399588752506
-279.61231770286304
-280.25043110046016
-281.4389684308185
-281.8394163305322
-282.33451630918967
-282.9565280149782
-282.8346144913093
-283.0990925738229
-284.2740178451126
-285.0068152846127
-286.40523678826906
-287.3397240840661
-287.5425102591371
-286.83364246223334
-288.66558376957863
-289.8524215183637
-290.74662751762406
-290.9260424877653
-290.5283510011902
-291.0950321499052
-291.85708805493516
-293.2722519873009
-294.44819234376655
-294.887770926881
-294.3791762589838
-294.75027879312745
-294.82191216314936
-295.409788346995
-296.21483752248815
-296.9189346232705
-296.94280957304505
-296.6764387754299
-297.6542441737693
-298.049600761279
-298.7145662271281
-298.68308176017797
-299.1124594183519
-299.26912054927766
-299.3956508545038
-299.9066930465391
-300.8830769228997
-301.9818809571472
-302.80393830425294
-303.0559504875752
-302.8665762598232
-302.58450055323493
-303.05879434927374
-304.15118020542263
-305.37979643943726
-306.1005551108524
-306.5997094869855
-307.1556146024383
-307.7142701071519
-309.0699214839624
-310.21439013473633
-310.3991972994716
-310.17110214879204
-310.16397210947446
-310.71245638098077
-312.0651679491313
-312.97567537238587
-313.776733048572
-314.05095712875624
-313.95156144415057
-314.15314104949834
-314.3175324794356
-314.9798070848315
-315.30973905712665
-315.7358813218124
-316.2764822686515
-316.7704253506964
-317.07811951501867
-317.8915979285296
-318.6059662688015
-318.68837620435386
-318.8453201776738
-319.17375262392176
-319.10465014269636
-320.0248338593332
-321.36966661096073
-321.8309189912215
-322.4608378086415
-322.17851820484555
-322.54728436789355
-323.8031908430783
-325.4884647859783
-325.6856741086824
-326.34465685463965
-326.3716850957774
-327.7464368528796
-328.04628800847524
-329.0206417222404
-329.85056272713325
-330.0070729798642
-330.2022606366576
-331.3095894222935
-331.7345244482867
-331.9665147573737
-332.4048500390971
-332.92040040799736
-334.0925058404857
-333.2763584542284
-333.95542957246215
-334.3245087421207
-335.6022235255349
-335.89288423254624
-336.1572954258072
-336.5293676794529
-336.19774358272605
-337.3271901381696
-337.81337260662207
-339.3047972304098
-339.5214112746763
-340.26623180045635
-340.12738911275665
-340.99494541744156
-343.3372526577172
-343.5655349239739
-344.12050908642203
-344.93185460951935
-345.54994876632185
-346.2348341334864
-347.22090819918026
-348.29155293469114
-348.7243498951784
-348.62872820603246
-348.7919455003168
-349.6462811392939
-349.962393511285
-350.56914169902615
-351.3972902697902
-351.67487950438147
-352.2378855349398
-352.5701694899605
-353.229596536529
-353.74561059130735
-354.32641120653045
-354.3024666361685
-354.7500175482803
-355.1555471193403
-356.3733805965483
-357.63402417036303
-358.6780649460678
-359.302036401261
-359.5544290007013
-359.98213528610717
-360.9821332601481
-361.95020584790433
-362.8248248362705
-363.3768801027194
-363.8883489252919
-364.6759446188706
-365.85859044171565
-366.64931747298937
-366.9738238833582
-367.13662100496606
-367.1400818952528
-367.5683487767892
-368.3209976388819
-368.9278250866495
-369.6794572326145
-370.24766357362296
-371.3452609179648
-371.46124616940193
-371.69479196323584
-372.47022269333104
-373.152878252053
-373.8894161315972
-374.41455607135146
-374.9672320672549
-376.06384477830886
-377.0903463902245
-378.32425847711386
-378.4203177212721
-378.48318157463007
-378.83155169887533
-379.5701253452384
-380.5311366216227
-381.5464588298624
-382.1562789649962
-382.62922716042215
-382.8526474459107
-383.2203078161436
-383.70795473005546
-384.3403188335733
-384.83512265184396
-385.68840663001293
-385.8706367880539
-386.23311580992043
-387.2060604583327
-388.098318747977
-388.52064795200454
-388.77622815903777
-389.11160701687254
-389.68178118499435
-390.9720809746459
-392.1449904137625
-392.6418506405455
-392.9425583321702
-393.3931097194229
-394.10180572107566
-395.0423539513831
-396.1624894040201
-396.63886126421187
-396.7965909678895
-397.1768585382788
-397.6590481602536
-398.3710008785348
-399.16182855606684
-399.95689690983113
-400.17505726413305
-400.4203977893078
-400.8661195667667
-402.0325306339861
-402.6638726720731
-403.2951514444104
-403.9428957135593
-404.1100643867712
-404.90506369322554
-406.3447799374461
-408.12461627796034
-408.52893020475886
-408.663468222703
-408.7865839426766
-409.64159339403506
-410.38684974871524
-411.30611187285774
-411.592597466291
-411.92565853095
-412.0957404644957
-412.5257332281854
-413.31573335630975
-414.0467147764675
-414.3732718709775
-414.5554656622529
-414.86169431276534
-415.68683837503113
-417.25984714819793
-419.18077792019534
-419.5829711345313
-419.7758796596822
-420.0810973332953
-420.9027543971921
-422.7733487696718
-423.3343886851066
-423.7186296240694
-423.84502926508225
-424.0445258677064
-424.34196808740325
-424.996370789473
-425.6427536762529
-426.0984345757326
-426.3781278393119
-426.38288669379654
-427.25052965036576
-428.3790483080565
-429.42591066204386
-429.9114498951018
-430.11091171582274
-430.55330870359
-431.6685484610944
-433.3706265297312
-434.52839232920996
-435.05206975699315
-435.34675746406344
-435.84255648335966
-437.2620634327817
-437.86673078362423
-438.1842545538603
-438.0519049448707
-438.0805138087821
-438.42967657669624
-439.1891837646159
-440.12571132298564
-440.8885452520357
-440.9953129619655
-441.0928332370203
-441.4665996233495
-442.6552246699919
-444.102510642944
-445.0846477633462
-445.49838666408334
-445.9151967987492
-446.59954877914197
-447.9230843956305
-448.911503136103
-449.30289514322885
-449.333371690432
-449.85555975935165
-450.42672792767485
-451.3128944393299
-451.9682499610028
-452.16532438077314
-452.02767185394885
-452.1080166154535
-452.41628275275383
-454.1493249333398
-455.1483755660126
-455.7483692239384
-456.07528783355906
-457.4166084671207
-458.21949219208886
-458.8518499183229
-459.7022689983366
-460.0253435763729
-460.91222326553805
-461.4885084462924
-461.5587222315082
-463.14201409337795
-463.17751274702897
-463.35061193444375
-463.49156134811363
-463.8493839189929
-464.8353014332655
-466.170499162379
-466.8870115779115
-467.52597646994036
-467.7980582238115
-469.489107002449
-470.18416017959237
-471.3495211394246
-471.9328931646042
-472.1209009068839
-473.0018560339145
-473.712209679794
-474.1439701476443
-474.84682972981756
-475.1645387812429
-475.37260922044464
-475.75432144936224
-476.5364586584641
-477.8161853655524
-478.6902459183071
-479.0212531976723
-479.424104310291
-480.35952934686804
-482.04572100702734
-483.5765559557504
-484.37242298782735
-484.7821301618885
-485.1759991582846
-485.7652909241098
-486.42210275969035
-486.87185233637723
-487.2564505672884
-487.71794087962905
-488.25053338476533
-488.88281884729633
-489.91111343840066
-490.84576273242715
-491.3118850521512
-491.66789984198454
-492.37072141528927
-493.7766322214318
-495.52415494664285
-496.54738096325826
-497.1428797473435
-497.55383899901824
-498.1109774541126
-498.9802724454555
-499.69089069568497
-499.63661097010475
-500.1219791106118
-500.4939767649985
-501.1212412668099
-502.14840482160633
-503.12204809123415
-503.6681781529601
-503.94973261191365
-504.70835408935983
-505.8053252964342
-507.28266799783523
-508.19164352795957
-508.75632604750393
-508.94846293728847
-509.46602265348264
-510.25093172072746
-511.0363532577096
-511.38205714386265
-512.1194659206419
-512.5977594798886
-513.2035995218063
-514.3649567211776
-514.8236247245482
-515.8048255512756
-516.215796992468
-516.8742389016187
-518.1760460966235
-519.5363331243408
-520.2336341999043
-520.5139790357151
-520.6240482099065
-521.0209973905106
-521.8187287974755
-522.4895260397271
-523.1742643002988
-523.4977680551343
-523.7534076120294
-524.5592361093087
-526.0299924273546
-527.5291123055292
-528.3786462379677
-528.7953749611787
-529.5203734877556
-530.7003739649206
-531.2446343520105
-532.1471426459849
-532.4386322723414
-532.6259197042845
-532.9778555762215
-533.5381352804771
-534.3499672769066
-534.94317972512
-535.3580960681784
-535.7482543811362
-536.8330479718327
-538.8359698115488
-539.8568574340961
-540.951343234591
-541.192073138421
-541.8285066634398
-542.9504446227699
-543.9665479862376
-544.0307992144081
-544.0776219345661
-544.2933429580588
-544.5646787629365
-545.7041268409232
-546.8592670958258
-547.603894410757
-547.9529653034512
-548.9028076127997
-550.2492151602155
-551.5428439547233
-552.9781646344469
-552.8989853536707
-552.9385476038861
-553.3864867730433
-554.2163895942331
-555.0720353263686
-555.941126102411
-556.0733471042208
-556.2283788572212
-556.5034097662927
-558.1039471074156
-559.4378214520108
-560.1286725648331
-560.765309667862
-561.6804757185624
-562.8948479872862
-563.6158329743417
-564.3003052612576
-564.1125291320002
-564.2187244236031
-564.8978555960699
-565.4063732375569
-566.8960788540701
-567.5961284277021
-567.9662757880708
-568.1952883482634
-570.013251534558
-571.4864799601903
-572.1554283204398
-572.5910972412923
-572.7111044853643
-573.5998810377073
-574.5634374033957
-575.2569083221722
-575.4377580668681
-575.4657025118601
-575.9721855039705
-576.2233355823133
-577.7441256480436
-579.3156870976228
-579.7389650950778
-581.0372942843828
-581.5517041555554
-582.902963152841
-583.5838712629624
-583.7743756035788
-584.3037698991967
-584.2185342892986
-585.1323754680047
-586.5739862489888
-587.2975370324477
-587.5074922272133
-588.1331601204513
-589.2437093234746
-590.6176002240243
-592.0356442322079
-592.6880670775465
-592.9794980110383
-593.9174670929154
-594.7924017669532
-595.6445747485772
-596.3281778275102
-596.6406388001009
-596.7391410441206
-597.2696601779497
-599.021892783746
-600.3258328072081
-601.5150039849211
-602.036431524764
-602.8210022509961
-604.2614222713678
-604.8952636937547
-605.5978267952395
-605.6767466974585
-605.9610068541375
-606.3032258375395
-607.7168168500988
-608.6774134191447
-609.524498184816
-610.151722254072
-610.8343089689508
-612.8007433081539
-614.3765405167967
-614.5407662042934
-615.0862799941902
-615.2521402594787
-615.8984537801239
-616.4660109380542
-617.5623194000497
-618.451812207538
-618.4694045998073
-619.0382852303721
-620.0843069326254
-622.049347903147
-622.575509720469
-623.1197853472905
-623.7356450953044
-624.6978455040951
-625.9440489457847
-625.7446327093345
-626.6508053108303
-626.9433164396524
-627.4981402228024
-628.8042607269666
-630.0893386207813
-631.0728028783634
-631.6716880184215
-632.0510638268496
-633.2327426813398
-633.9792821374949
-634.677515187925
-634.8854396824776
-635.0560364728755
-635.4026861311413
-636.7340990448756
-637.9008322284342
-638.56887860433
-639.1022733178903
-640.0805632745931
-641.5749922926863
-643.4962201322203
-643.6285945937252
-644.2070576642958
-644.2884505187062
-644.7622580625739
-645.4330937223159
-646.1451199698066
-646.4506966638332
-646.528645686577
-647.9259363228133
-649.5373962635985
-651.3441412951688
-652.7585397978937
-652.5989155566592
-653.116268561781
-653.6256948773959
-654.2073731471776
-654.608978740016
-655.1015373793532
-654.7875653293162
-656.1394728623476
-657.1932139681481
-658.9998211743833
-660.0474967189214
-660.6197361338209
-661.3816767319474
-662.393273332065
-663.421841725345
-663.7877741762319
-663.9123099857836
-663.8190987820927
-665.2091055197172
-666.536461971469
-667.9887685086709
-668.7069241959549
-669.048467405022
-669.8430055439181
-671.1979422483876
-672.2203810466691
-672.5486513595156
-672.5029301348479
-673.3083219349503
-673.6012273595177
-675.1366482053602
-675.6819522667954
-677.1399669246869
-677.926405214924
-679.0849730685436
-681.0102127211068
-681.8108853898434
-681.8485502609688
-681.7970330793927
-682.1309151716134
-682.7072240825075
-684.022336470144
-684.59682303536
-685.424650819829
-686.7292784644263
-687.8752139047865
-689.1391298226232
-689.8238093583343
-690.2162391063375
-690.5067980737915
-691.4871357098076
-692.4767733049299
-693.3679148156223
-693.9193194608097
-694.4253164784475
-695.7270243619873
-696.886312234635
-698.3005559705937
-698.761126403029
-699.0446678850886
-699.8255060762829
-700.7864524583779
-701.8157543186292
-702.2814614466683
-702.7132668197322
-703.2681762288635
-705.0967606030811
-706.512582853338
-707.5706445027229
-707.7689414473218
-708.4449209488315
-709.2069202983679
-710.0533425818588
-710.9053428894536
-711.7265667811445
-711.8961632770212
-712.1702046271519
-714.3047773369915
-715.9733758907034
-717.2984855464182
-717.0131600982044
-718.0298835302923
-718.998251422729
-719.5090423317196
-720.19858199386
-720.5777275640377
-721.1208300124716
-722.0068625308768
-723.9210370114132
-725.1062550309965
-726.1465818746416
-726.2882348517569
-727.2640268964984
-727.5960537329735
-728.352080441807
-729.3851171737066
-729.535895513214
-729.8709693315062
-731.6057135078557
-733.2803121975481
-735.0327051150344
-735.0466359760641
-735.8067834489251
-736.2878342524498
-736.8238971196137
-737.6265468528977
-737.9781413200726
-738.5286395746231
-739.7618419912437
-741.5515147897008
-742.6233976373817
-743.4008574252459
-744.4611657591405
-744.8589591477124
-745.9947110187977
-745.9157415210846
-746.3608956266062
-746.4444688161728
-747.1934215749554
-748.4439858376074
-749.9603769508155
-750.9859779669182
-752.0058466851414
-752.6445101552516
-753.5234780761799
-754.247631880223
-754.6958328526598
-754.5802110258783
-755.2164948434063
-756.2434739723715
-758.0693573654229
-759.1720805531256
-759.9430817942895
-760.2477311875863
-761.1441361384464
-762.5631682829842
-762.3935260104492
-763.3505885132149
-763.5673634435692
-764.8673525997027
-766.7622462899795
-768.0920672634571
-768.7900659062561
-769.2115548037907
-769.3126811185361
-770.5092927987782
-771.2735040029274
-771.8477711724241
-772.6381113455411
-773.2850967835063
-774.7296030146823
-776.8466161737337
-777.9174823232522
-778.4137213578817
-778.9100846464186
-779.8118882873061
-780.658874103173
-781.2198082573353
-781.3113362203441
-781.8985696508487
-783.1960801456994
-785.6227744502411
-786.8555363867948
-787.2699920423756
-787.7750783388359
-788.498300971172
-789.3952474760462
-790.4022641535933
-790.9024557766784
-791.3001712430491
-792.5863746228199
-794.4405478348089
-795.3227404923692
-795.6121700935688
-796.3013409062576
-797.3849767320645
-798.3757281914727
-799.6876543647435
-799.7953802522122
-800.3175292555057
-801.4809657959315
-803.3232015965791
-804.164620282985
-804.9087807071975
-805.4109024551209
-805.8753717786069
-806.4818831514772
-807.2239955601957
-808.3254059661681
-809.0457474642828
-810.3312456924874
-811.8481363745731
-813.0282696687484
-813.7224505826132
-813.9291425683297
-814.510278277388
-814.5811912078947
-815.2531811488157
-816.8247329991611
-817.5662107600501
-818.7387559303824
-820.0857352324315
-822.0800500961459
-822.7844165806741
-822.7292946022665
-823.0625985600796
-823.4745417667116
-824.6452527588717
-825.7113766973939
-826.8857518111271
-827.8160261174708
-829.1642168234587
-830.744722149302
-831.0115654989357
-831.1593502151906
-831.1168944179119
-832.2657282996131
-833.6352130183877
-835.2598618261446
-836.712939547992
-837.102461367221
-837.7697179267543
-838.5105922563667
-839.3496647831286
-839.7577201983574
-839.8942422005447
-840.3039913269333
-841.6685682612909
-844.3262830083229
-845.3834081156166
-845.745473856652
-846.2699898245653
-847.467649912601
-848.2279347668507
-848.397942772966
-847.8687909752971
-849.5597341637248
-851.558288051304
-853.1750739302623
-854.3816973724665
-855.0708310694655
-855.4943569768344
-856.248721554225
-857.0684609596059
-858.0617822160731
-858.9251051841487
-859.8278115958832
-861.0036184709987
-862.7897122510254
-863.215395916295
-863.4431283959211
-863.2211182527504
-863.96215958886
-865.2832080871823
-866.7785525468028
-867.8651624806791
-868.6360029250213
-870.4387131664707
-871.1889433005945
-871.5730229557902
-871.6243386270054
-872.0826808276307
-872.5904447112936
-874.5461358013918
-875.981594555464
-877.0248401448151
-877.6795154488872
-878.8357678102568
-880.0022156058251
-880.966535614241
-881.3328447407205
-881.547814446683
-882.7620193361871
-884.9706862275589
-886.0862344956784
-886.5811825542572
-887.183739684343
-888.0958339207609
-889.0157015730008
-889.7675578081387
-890.57265417712
-891.6996043950298
-893.0723467272614
-895.1290947023036
-895.6095215661898
-895.8309810343903
-895.8502647059597
-896.1883633529463
-897.5394227400237
-898.8977979078618
-899.9138391043745
-901.0132494334192
-902.794580573818
-903.9551053850969
-904.8183577072499
-905.0534666420587
-905.2614633292806
-906.1137377762789
-907.5171941069029
-909.3702943785426
-911.0124818363623
-911.0405644750796
-911.8234117314788
-912.2998123793644
-913.5467181693444
-913.5402657169445
-913.3551253360401
-915.6353090611639
-917.6747388647774
-918.4991148479467
-918.8173698701644
-919.245796692693
-919.8990823354285
-920.8552578573497
-921.9746327003569
-923.049090942721
-924.0509578378643
-925.5636015727641
-927.1416824581501
-928.1281325232528
-928.0798294266759
-928.2845217267326
-929.0731772481203
-930.3731577757765
-931.6314158315892
-932.8393667675591
-933.6279109631173
-934.3475910029226
-935.1404062210485
-935.7707538702849
-936.1896664063216
-936.4697191175064
-937.8828976409843
-940.1111510949812
-941.487368503267
-941.6639076155141
-941.9970868360131
-942.4866546252733
-943.3151782947001
-944.2555010427552
-945.1642465349855
-947.2113650752866
-948.6285637342968
-950.3325967474401
-951.0179799387736
-951.0450697858822
-951.1287565024465
-951.7615114122884
-953.4893577633953
-954.7384275023676
-955.6098968504938
-956.7971389516827
-958.3540010973926
-959.0021170488495
-959.4124255267866
-960.0116464744187
-960.5705970080463
-962.5558829288916
-964.3582689504746
-965.3273938458699
-965.5438511335373
-965.9722472410822
-967.3457985544694
-968.0335092273241
-968.8563663045857
-970.2172893641178
-971.5840557422313
-972.8418061872152
-974.0537927908599
-974.4083056469409
-974.9274794799393
-975.3930306947752
-976.8668458266193
-978.9277287810928
-979.7997681401638
-980.6395156719984
-981.430520286498
-982.1005090737865
-982.7991943377134
-983.513235320242
-984.3203152268901
-985.5975388316804
-987.7698218382023
-989.3195993656219
-989.6992333211317
-989.6056498526665
-990.3412383213634
-991.1726572180876
-992.1333165986503
-993.3920942899173
-994.7395785640067
-996.0459916874321
-997.5261044031924
-998.3830850611342
-998.568131944783
-998.5928225226666
-999.7385872020719
-1001.8515030893801
-1003.2870723908941
-1004.1949277164647
-1004.3053162405712
-1004.6917439991388
-1005.3235549886347
-1006.0396885279383
-1006.599434040845
-1008.5455780851053
-1010.166656266547
-1011.7118903120864
-1012.1584751420999
-1012.304471825634
-1012.825084364756
-1013.8100176681752
-1015.5807242051123
-1017.2063036289567
-1018.2728219196513
-1019.3193495279763
-1020.1718791757229
-1020.9458872520274
-1021.3484457373992
-1021.7876808111678
-1022.6527830611433
-1025.2660020779774
-1026.6922937993531
-1027.016048500715
-1027.4097767475703
-1027.1161109824602
-1027.9426299358618
-1029.313845098853
-1030.8602103110209
-1031.9569010691525
-1033.3179112162907
-1034.6415746960188
-1035.340592160507
-1035.7303122500173
-1036.151583065323
-1037.5161090036752
-1039.4987403336293
-1040.985569149264
-1041.5341002563268
-1041.750719062557
-1042.229228805159
-1043.4164039033403
-1044.6674362392894
-1045.9349246073903
-1047.113284760681
-1048.7100008798618
-1049.5324996932493
-1050.045004350765
-1050.3940901215988
-1050.8347943537633
-1052.1819128092334
-1054.5262929207026
-1055.5992640652562
-1055.9232451114021
-1056.8618188543296
-1057.8431444221437
-1058.6783978369283
-1059.7152293532554
-1061.0269655884526
-1062.3902829687456
-1063.9789536078963
-1065.0489996145213
-1065.15369930377
-1065.2171165784507
-1066.4359540861942
-1068.1837315612179
-1070.001084892339
-1070.9498972121278
-1071.6777305350374
-1072.0762606993717
-1073.1109859155413
-1073.7469563115947
-1074.1991521295265
-1075.9303765628501
-1077.7330923480679
-1079.0077529823925
-1079.4455294114894
-1079.7954777196246
-1080.1482633631213
-1081.6259071181425
-1083.6139830160416
-1085.1423266360785
-1086.413299634725
-1087.3259861985377
-1087.3881941078916
-1088.6831285325577
-1088.8272233374362
-1089.5440918329693
-1091.7820711707288
-1093.2248053624683
-1094.0423955297981
-1094.1981673554815
-1093.8861625473821
-1094.904199584043
-1096.4290122366144
-1097.9240154428683
-1099.4731515702563
-1100.4584542442958
-1101.1367416453172
-1101.9858269523952
-1102.489268376333
-1103.2245940028254
-1105.265985572726
-1107.020866283996
-1108.1429597434594
-1108.827133803023
-1109.0071063703872
-1109.4516094369078
-1110.519495084423
-1112.5692071374924
-1113.7358495683038
-1114.6871138068584
-1115.6024582006244
-1116.0084490705326
-1116.3080583154008
-1117.1280798404866
-1119.1479624590047
-1120.193690259968
-1122.158675288548
-1123.0551869983028
-1123.46551648429
-1123.8058834554201
-1124.8957496664
-1126.0364505667144
-1127.9808042730995
-1129.124629745698
-1129.4266515547072
-1130.4187311985156
-1131.1929159758142
-1131.8123336922013
-1133.6491823234117
-1135.3105974168584
-1136.3797158632553
-1137.6379884619032
-1138.1426191865535
-1138.5454322956489
-1139.6273570332748
-1140.4435278893814
-1142.4490563127483
-1143.598371210018
-1144.6704943575473
-1145.0954649399305
-1146.1123303853506
-1147.0078375688968
-1148.6722456053553
-1150.2965693099097
-1151.612691727238
-1152.1868046652207
-1152.6139563247773
-1153.2708087074063
-1153.5082441132442
-1155.2978841895326
-1157.1781641918606
-1158.786392453363
-1159.3392668663757
-1159.868245315816
-1160.4981315519235
-1161.4310006095086
-1163.2575623263108
-1164.9647650798333
-1165.6081513518682
-1166.6650303555418
-1167.6080844888263
-1168.1490787482965
-1169.3395799174987
-1170.9554814484145
-1172.2688237113055
-1173.3733371531423
-1173.6203813542638
-1173.530784178962
-1174.7021390495008
-1175.520876338053
-1177.3283924745106
-1179.0793614253191
-1179.8066849632057
-1179.8093705886074
-1180.718024858677
-1181.5129739982349
-1183.158804699133
-1185.1859475409608
-1186.2982060991524
-1187.4510207814717
-1188.1108424496765
-1188.5889965158701
-1188.7844624912411
-1191.051794693966
-1192.1793540069973
-1193.7662608778094
-1194.0287263685843
-1194.8337891849437
-1194.7169943185438
-1195.9451228765572
-1198.247873425176
-1199.6673479723056
-1200.924852280671
-1201.4210058574197
-1202.7302513969184
-1203.3324765845327
-1204.6399696215303
-1205.9951629308543
-1207.9178014308343
-1207.963175551825
-1208.9660274218443
-1209.0087705604144
-1210.1224002158594
-1211.7890976937904
-1213.1300550298472
-1214.9902420520177
-1215.0845101531947
-1216.3868028929753
-1216.414291739044
-1218.2832381918006
-1219.4284249240013
-1221.1957143438296
-1221.8768319627313
-1223.137600732185
-1224.068544916725
-1225.114961419388
-1226.6389839319168
-1228.5770168248023
-1229.1107819738374
-1230.2190057185371
-1230.6594489201789
-1230.6147902865482
-1231.6524867604494
-1232.4765049811856
-1234.6265720109163
-1235.5393935215648
-1236.4310587766838
-1237.2812658418206
-1238.2711188774654
-1239.7985390349095
-1241.8690585861377
-1242.5722091386035
-1243.7261149775704
-1244.6600559017381
-1245.5114021632871
-1246.687682210908
-1248.571935922357
-1249.2141560798223
-1251.108609199583
-1250.8337500147936
-1251.3351081484877
-1251.569482501532
-1253.2437840570128
-1254.7517592229551
-1256.2535256528474
-1257.1214082534525
-1257.742139195559
-1258.7419749550559
-1259.7086259320647
-1261.9030052330713
-1263.1223909298794
-1264.8005465788883
-1264.92780673826
-1265.7851707179602
-1266.0069253692125
-1267.8699152144939
-1269.313947897979
-1270.7480867045913
-1271.189483477603
-1271.6603640659375
-1271.8514942683717
-1273.9022622959337
-1275.2658874983294
-1276.700479080807
-1277.7976712222785
-1278.8442078628848
-1279.530848340744
-1281.0889947974008
-1282.511405148633
-1284.4113887475887
-1285.08449925184
-1285.4804056477494
-1286.105290860679
-1286.4692457591543
-1288.3428264294619
-1289.9089765017784
-1290.572889445239
-1291.7562332825091
-1292.309339893889
-1293.10850862667
-1294.8191546713263
-1296.6648405602757
-1298.2692170021423
-1298.8410450565307
-1299.4696708046295
-1300.090408428575
-1301.4557808545778
-1303.0137939714648
-1304.2095888858296
-1305.0325332009147
-1305.8245304987738
-1306.5783615714718
-1308.0749161679453
-1309.6214805081897
-1311.116597276038
-1312.1692782788703
-1312.8883041658805
-1313.7197918776574
-1314.861753461398
-1316.1722801392993
-1317.8993508834726
-1319.076541302507
-1319.411294461058
-1320.185913298026
-1320.77877462387
-1322.6951200661017
-1324.2611280998412
-1325.2232494768987
-1326.0001448406829
-1326.8740297354075
-1327.53587780948
-1329.813750526933
-1330.866441885951
-1332.985337329342
-1333.4489799772225
-1333.7642817632977
-1334.724595662904
-1336.1021251791383
-1337.3811792355093
-1338.7050026926802
-1339.0782762264128
-1340.2077839980625
-1340.8499204794778
-1342.4455267888734
-1344.379354276051
-1345.5088401105174
-1346.8798045678193
-1347.3933966439195
-1348.033187208375
-1349.2857910152845
-1350.530057135884
-1351.9874630529125
-1352.1996534958655
-1352.9384375757713
-1354.1719598741838
-1354.7084506431302
-1356.7535491871056
-1358.7014079394744
-1359.6903484379895
-1360.508791421567
-1361.5971951410872
-1362.9310517803801
-1364.2491959539489
-1365.5896761067186
-1366.494179983388
-1366.55298530918
-1367.5237058214843
-1368.8533756306583
-1370.1453392040046
-1371.691473353463
-1372.9664638171869
-1373.7884264491338
-1374.6704147753383
-1375.8872377371229
-1377.811993595544
-1378.826671474677
-1380.0190270455855
-1380.8255166648573
-1381.4923794229771
-1382.8921938345418
-1383.9683370374687
-1385.4535919299994
-1386.3680413408877
-1387.1784392809736
-1388.1950881216735
-1389.3733509786293
-1391.0835746491591
-1392.1836783491315
-1393.1366941285974
-1394.3820739497248
-1395.3987224116136
-1396.6406205796643
-1398.47516812867
-1399.8437020775366
-1400.333608176455
-1401.3690750378748
-1402.4725326001035
-1403.6021922518973
-1404.670482419025
-1406.0656565489455
-1406.591186788393
-1407.850633898248
-1408.8165978767497
-1410.2092579582245
-1411.6296987143205
-1412.8918167433737
-1413.992264752774
-1415.027037297043
-1416.3324891039053
-1417.3709914213664
-1419.0353178802297
-1419.7508303082147
-1419.9301334553659
-1421.1793963691284
-1422.0818404647193
-1423.6247096513025
-1425.1115936735882
-1426.0019427516097
-1427.3837255874469
-1428.4230388923963
-1429.896165841897
-1431.610590256187
-1432.723334652947
-1433.3007180930522
-1433.920919857742
-1434.6992761829463
-1436.2613039323417
-1437.2667776583
-1438.1122130667131
-1439.4789594219535
-1440.812227048617
-1442.121891368408
-1443.3584902473365
-1444.9839080748657
-1445.8050498251366
-1446.4973497934175
-1447.2870036918075
-1448.8973700231147
-1449.6792037449704
-1450.8819045483185
-1452.035750630908
-1453.456276813774
-1454.6870672753787
-1456.1944308910665
-1457.456143041741
-1458.6449069222444
-1459.6475720005326
-1460.614205004812
-1461.3759951448856
-1462.921277175344
-1463.7531577380805
-1465.2743764375082
-1466.4223924477692
-1467.5880719767167
-1468.933672484909
-1470.203268541975
-1471.5646578741685
-1472.3286431924598
-1473.3116011527886
-1474.614403071425
-1475.7834093245106
-1476.894602891126
-1478.4825477440127
-1479.4622787077758
-1480.5806647665956
-1481.639494114794
-1483.0537333571492
-1484.0653227329253
-1485.4423575669875
-1486.1339294845695
-1487.4254777141107
-1488.4755546836932
-1490.1639254131464
-1491.1382740832103
-1492.2423799692604
-1493.1957831978477
-1494.3520317703847
-1495.6319750180264
-1497.3241450371997
-1498.1849098318821
-1499.2357861726878
-1500.0246891748102
-1501.4936771138189
-1502.7782197403549
-1503.997465013303
-1504.8747183259272
-1505.9431988011997
-1506.8547061252618
-1508.4314758544303
-1509.8399661347764
-1511.0114633957041
-1512.3981166776273
-1513.2520888876268
-1514.6684643125852
-1516.2231460104165
-1517.190603921966
-1518.2610799334072
-1519.023826390617
-1519.8236061087289
-1521.3540062580782
-1522.196013873938
-1523.8471883102143
-1524.430600344996
-1525.717945669511
-1527.1397961413493
-1529.0676606270035
-1530.1194931593634
-1530.953313235549
-1531.4841424771341
-1532.7031725381512
-1534.2354204770634
-1535.8387857226792
-1536.8230803421702
-1537.4040414922226
-1538.8185813763087
-1540.2007288347177
-1542.3844952854479
-1543.515710522252
-1544.0164532600245
-1544.816019221844
-1546.342359172614
-1547.70763325899
-1549.4594075218804
-1550.441135257396
-1551.1169838258138
-1551.6852603735517
-1553.5239274089818
-1554.9228730994641
-1556.4663664941315
-1556.7884758113826
-1557.7013451877328
-1558.7717390118994
-1560.6194198821172
-1562.3403312956507
-1563.047113992694
-1563.9255340443974
-1564.5317030917104
-1566.7194575412166
-1568.411500855572
-1569.6711367177447
-1570.077196482526
-1570.9947808929353
-1572.6426762204505
-1574.3195336840874
-1575.778653918316
-1575.7325700117187
-1576.6588682000304
-1577.3036685408063
-1580.0986974096725
-1581.218892254656
-1582.460510726018
-1583.0508793952301
-1584.458131409612
-1586.6792043084265
-1587.800583787261
-1589.0858450386966
-1588.7638681597093
-1589.7597086731541
-1590.7484142281842
-1593.318316027445
-1594.3308979311553
-1595.1804102526883
-1595.986328669512
-1597.1714980592108
-1599.753600613419
-1600.5984793042228
-1601.4439230960982
-1602.3589245063959
-1603.6829935146297
-1605.7390024679714
-1606.5938819206624
-1607.4651821630855
-1607.0818633406243
-1608.9277301796244
-1610.7647876041706
-1612.4351863567463
-1613.3975974963953
-1614.7696140220598
-1615.737222924297
-1617.4492268310191
-1619.5765152620206
-1620.1014848209002
-1620.5928247153258
-1621.4743282972427
-1622.2679435582938
-1624.3755205079335
-1625.8170550192674
-1626.8726195572683
-1627.8605738891463
-1628.874806141795
-1631.2030094979275
-1632.3581503187822
-1633.4223417349835
-1633.9591050738882
-1634.405753507216
-1636.7354703448896
-1638.165114529631
-1639.870001757198
-1640.2748126382842
-1640.9462343283328
-1642.6497188516478
-1644.4046587164514
-1645.7459568835664
-1646.3141667957868
-1646.9300434409274
-1648.6609355090445
-1650.329595371895
-1652.0456234330009
-1652.6872672888817
-1653.3062357718177
-1654.3033148643278
-1656.5598987295746
-1658.1806943863978
-1658.7234257499533
-1659.6067563044257
-1660.8159376092824
-1662.5155239199491
-1664.244034881525
-1664.7665633909285
-1665.4240505974872
-1666.4676972774917
-1668.7334696695834
-1670.6613383497058
-1671.0551563321826
-1671.7126088563462
-1672.9791380299384
-1675.0516352699472
-1676.5490599650961
-1677.0677043293217
-1677.121562421038
-1678.950155695266
-1680.4405325327498
-1682.8615948108936
-1683.626214335111
-1684.3373108923026
-1685.59471179067
-1687.7119070508481
-1688.6755391013937
-1689.7902784405537
-1690.100908504858
-1691.2836089048558
-1693.0241274912169
-1694.3950786927808
-1695.311199586992
-1696.3393679352675
-1697.2689958303076
-1700.0122432479322
-1701.3212662626086
-1701.9567358618406
-1702.8027058737687
-1703.6065565825165
-1705.7410910832461
-1707.6579848144374
-1708.3892097413504
-1709.0587153658907
-1709.2991647920749
-1712.0297993722534
-1713.6831099237752
-1714.1178577678652
-1714.7400202011204
-1716.3884387232094
-1718.5179965255177
-1720.5509658965302
-1720.6753687330809
-1720.910881196083
-1722.7284030406015
-1724.7385058932227
-1726.9980444462897
-1726.7402037461507
-1727.377505342649
-1728.645667322037
-1731.1445335994551
-1732.292500777356
-1733.2769022561258
-1734.2700829327873
-1735.070031956223
-1737.4564017559933
-1738.1892317589206
-1739.2751082905495
-1739.8149782124608
-1740.67599669269
-1743.1993003519385
-1745.2678417590778
-1745.725861477907
-1746.6322738986057
-1748.0523882576795
-1750.659281873806
-1751.6920257505633
-1751.7062354376178
-1751.3987847337512
-1753.3268307402454
-1755.1460264403006
-1756.9325048682608
-1758.1210378615594
-1759.0369272357857
-1760.1051383086592
-1762.3761983022487
-1764.0228720353664
-1764.8210128841433
-1764.9973863692044
-1765.8825268637252
-1768.214341277542
-1769.827629411894
-1770.5113488285526
-1770.9657910272763
-1773.285033310332
-1775.6447550530975
-1776.547486067209
-1777.4797288477548
-1777.4676674256852
-1779.5515676670032
-1781.452101607275
-1782.2294875317757
-1782.8996350508896
-1784.1686387936265
-1786.3241417399659
-1787.7677300988846
-1788.71770081692
-1789.667232852981
-1790.892691202625
-1792.7255233789208
-1794.82383127142
-1794.9119410155886
-1795.4667615749208
-1797.0346683200075
-1799.5705332796579
-1800.850086152035
-1801.2161128525631
-1801.7803299737798
-1803.8370787303327
-1806.4126014135888
-1806.895447284451
-1807.4701663746641
-1808.5585250679076
-1810.2254227630954
-1811.9379309132273
-1813.1385831422049
-1813.6058939801921
-1814.7867333262698
-1816.953067106725
-1819.081986441724
-1819.2760206197147
-1819.897962617731
-1821.1913200742379
-1824.0189614708572
-1824.8217102440265
-1825.578160752715
-1826.100589198509
-1827.3756911884548
-1829.663545814725
-1831.6053884724965
-1831.3627462586423
-1832.781229222053
-1834.3985233690057
-1836.2185422932557
-1837.3536005696226
-1837.9678799087064
-1838.4887495004198
-1841.1029383046491
-1843.1089930765554
-1843.7839658432931
-1843.8052606398333
-1845.7045679085434
-1848.4214543918645
-1849.3887463552092
-1850.227443956425
-1850.5960077028628
-1851.6498518886417
-1854.3646452451028
-1855.7090922614736
-1856.1583734543321
-1856.5322208158677
-1858.8032782182534
-1861.4903338349636
-1861.912403788685
-1862.3025666991384
-1863.5731672355546
-1866.117405709129
-1867.505887496773
-1868.3349029188926
-1868.8678623364658
-1870.0466860379681
-1872.3705985295546
-1874.4076020973878
-1874.4294996056044
-1874.9499046242668
-1877.1980313525794
-1880.1310686428515
-1880.0788039946112
-1880.4095375713655
-1881.8573526657485
-1884.5384166983201
-1885.5575842268909
-1886.4264249786445
-1886.8599964414457
-1888.2927963035534
-1890.909570184246
-1892.7999791763261
-1892.920679247686
-1893.6518634440722
-1895.4791344680345
-1897.212693360624
-1898.3269252635475
-1898.7862417437082
-1899.670218180993
-1902.1079490369414
-1903.6659191761853
-1904.222253324802
-1904.5656553369681
-1907.1061167222474
-1909.5853067888675
-1910.1376208439647
-1910.9597633763403
-1912.075884038431
-1914.0020525871362
-1915.219110926331
-1916.1675620363962
-1917.1735869373772
-1918.4050668866514
-1921.0015701278924
-1922.7380383309865
-1922.5819057821586
-1922.8476991669395
-1925.3749573242785
-1927.7483637086557
-1928.3100510113998
-1928.690661415843
-1929.2220715320689
-1932.2085223235151
-1934.0544916429346
-1934.6129429445216
-1934.9402882969641
-1937.633580428925
-1940.5341628713852
-1940.4518918900144
-1940.4690203379516
-1941.9113494718308
-1944.6281774870106
-1945.6677617933085
-1946.1719985283776
-1947.1368558264326
-1949.0845219901141
-1951.9327928967919
-1952.3869838895043
-1953.143465845379
-1954.2882271356063
-1957.0648112671183
-1957.6445455994997
-1958.2422591757525
-1959.09957398121
-1960.8938740792548
-1962.9421029439432
-1964.6316694656616
-1964.6700773392229
-1965.8537484662868
-1968.8153033373246
-1969.9311582219486
-1970.7623660795862
-1971.3068854566177
-1972.8773671913698
-1974.8835052468964
-1975.7839993355158
-1976.496519606396
-1977.0268910371108
-1980.115065027357
-1981.855629166595
-1982.9017357281768
-1983.458464440977
-1985.2746431439732
-1987.0346606990624
-1987.9265170787164
-1988.260489738943
-1988.6499851235274
-1991.57540298919
-1993.2455988266747
-1994.1931114424733
-1995.1382986379158
-1997.3153674770356
-1999.1197805320246
-1999.847226008464
-2000.5388843060048
-2001.6102080548505
-2003.9541702100767
-2005.1881567065711
-2005.7518485340654
-2006.9319775188658
-2009.3283528401962
-2011.1181814688591
-2011.8776942940406
-2012.577919431061
-2014.236791600212
-2016.5264500651097
-2017.757060473154
-2018.101648048663
-2019.0246411577557
-2021.8072617412095
-2022.8443470853565
-2023.7139568821194
-2024.4779505436693
-2026.7296721001087
-2029.033040979405
-2029.9444797180201
-2029.8350895002495
-2031.3815939771212
-2034.0421549167938
-2035.1377004758094
-2035.3100925922895
-2036.4735892737433
-2039.0532432069842
-2040.8480684097808
-2041.3578727653573
-2041.8476106291594
-2043.9338770923
-2047.1808999778568
-2046.941737388616
-2047.6398098824743
-2048.801162248408
-2051.0064264605116
-2053.442083983916
-2053.8379570030934
-2053.419653445545
-2056.1778780199206
-2058.3098360925846
-2059.119149588797
-2059.6146037540348
-2060.844465378802
-2063.421528657168
-2065.010842388005
-2065.2223896609325
-2066.5064072808855
-2069.337368161374
-2070.5541647975897
-2070.729213430601
-2071.8199907325675
-2073.898116356317
-2076.0976207182
-2076.5756326801747
-2076.9361467561566
-2078.666291822731
-2081.72745365536
-2082.192777214202
-2082.840783238846
-2083.0564912948194
-2086.610265919084
-2088.7123136731852
-2088.757032596951
-2088.3613289509954
-2091.699768431447
-2093.434215506318
-2094.1501132302546
-2094.6621272766943
-2096.751758745762
-2099.0168636149087
-2100.067967990182
-2100.100855342343
-2101.918736801668
-2105.44141289477
-2106.0906241039743
-2106.3560648340085
-2106.4818680702742
-2109.448621498665
-2111.812310262857
-2111.8861667473884
-2112.5900089162005
-2114.690171261997
-2117.202401818353
-2118.005592900828
-2118.2295234237276
-2119.439206661317
-2122.509237638701
-2123.406624114604
-2123.9122039201056
-2124.920684060613
-2128.117508472795
-2129.1791046346975
-2129.96251897998
-2129.8280092288287
-2132.857997627496
-2135.3904965160827
-2135.2944162447075
-2135.9207216641407
-2138.037145056967
-2140.1440100531277
-2140.9155887082666
-2141.24083200707
-2143.2854108913566
-2146.272670270707
-2146.8874096196923
-2147.4518934760913
-2148.020675082494
-2150.9253003812746
-2152.9304042330928
-2152.768522138826
-2153.941707391664
-2156.820025358897
-2157.97653100414
-2157.9318298012545
-2159.217189925559
-2161.605821440472
-2164.272860797504
-2164.117289548122
-2164.369515071297
-2167.358903252337
-2169.625119252309
-2170.296618470929
-2170.4219018142735
-2172.1992165671822
-2175.646454780445
-2175.5236851391614
-2175.318741473253
-2177.4153008635813
-2180.6373023517826
-2182.268697148758
-2182.164721113166
-2182.1046946460265
-2185.827873757697
-2187.2867483647783
-2187.5246480874753
-2188.016544091008
-2190.7363183357797
-2193.601572987957
-2193.4820026018483
-2192.9383286999064
-2196.4963242976764
-2198.8524494930625
-2199.4709323104007
-2199.863621098123
-2201.483979903049
-2204.7506200731937
-2204.9819573701134
-2205.1522586132724
-2207.026784482742
-2209.7473082173838
-2211.209739575177
-2211.3696332545846
-2212.833057530264
-2216.3432459643473
-2216.7203810620936
-2216.7536261576565
-2217.938323837873
-2220.4402407575135
-2222.1002128042796
-2222.2157082355548
-2223.211235806485
-2226.517593621069
-2227.6181874293
-2228.060084415185
-2229.3225174753793
-2231.8346307386983
-2233.964580634556
-2233.726968665948
-2234.669519244408
-2238.0679750613085
-2239.126173031387
-2239.293236975781
-2238.764808537057
-2242.7871947523804
-2245.8324702274194
-2245.389130350577
-2245.809628179492
-2248.4265985549464
-2250.72324565022
-2250.964712488195
-2250.7997367939433
-2253.348416424027
-2256.1929080100554
-2256.857923906715
-2257.7894627429278
-2259.7435452877266
-2263.770584704968
-2263.3456027144093
-2263.180131203818
-2265.0115858708423
-2267.901472526078
-2268.236799604309
-2268.027413255031
-2269.3163716999925
-2273.210199898798
-2274.0983720665236
-2274.595307842475
-2275.82239808394
-2279.0263279735677
-2280.0951119501647
-2280.4209148453488
-2281.518547423985
-2284.660051993508
-2285.587374400759
-2285.1294096144884
-2285.874007419004
-2290.0395443693874
-2291.2080515188322
-2292.321316759716
-2293.604513672711
-2296.813756124422
-2297.2024863362144
-2295.7173853510626
-2296.7280301618375
-2300.4798799866608
-2302.0043584887653
-2303.001787657092
-2305.170927377053
-2308.6292940001167
-2309.4004038997173
-2307.920313815207
-2308.3709970768887
-2311.8777377671395
-2313.1029190405934
-2314.1559758689923
-2315.692062351228
-2320.941910767079
-2320.437321260926
-2320.058680480561
-2318.7017169893697
-2323.256270652527
-2324.713119313286
-2325.5397484606146
-2327.1126971703893
-2330.0187423321972
-2331.8179651429296
-2331.168487681426
-2332.7866737754043
-2337.448475843327
-2337.006320820139
-2336.8360849412375
-2336.6452351531643
-2341.0095513126935
-2342.2271224124365
-2342.9740605449183
-2345.04978964952
-2348.2912190804723
-2349.159350810262
-2347.5239409641354
-2349.1295581384297
-2353.980005606035
-2354.147273158086
-2354.0016754438802
-2355.019799329877
-2359.0222139833386
-2359.636920711672
-2359.1571235190313
-2361.3859124567493
-2365.150646346663
-2364.9744074343294
-2365.148666048701
-2367.6942517362036
-2371.7999185747326
-2370.988029891208
-2371.3152011361162
-2373.5938141380293
-2376.6472668913507
-2376.6487579310588
-2375.0376754608405
-2379.161877521998
-2381.9385602909747
-2382.523881880795
-2382.8856725818123
-2385.852019559124
-2388.938569708683
-2388.017267695204
-2388.387457534769
-2391.5181048862873
-2394.900171858769
-2393.0658142217408
-2393.4617576634264
-2398.107859009456
-2399.5150894674384
-2399.668580768114
-2399.3090645575585
-2403.5582875562595
-2405.227379219139
-2404.771246503382
-2405.2988363640725
-2408.872465328802
-2410.873609591123
-2410.5552431926812
-2411.9215797969637
-2417.5438512873243
-2416.5617274330334
-2416.441342701886
-2418.0261738748586
-2422.829794940171
-2421.468710131054
-2421.273355514232
-2422.2721660532407
-2427.116853894003
-2427.6836177326645
-2426.8538352993573
-2430.553519430421
-2433.375025943354
-2433.294873646678
-2432.8436107692232
-2435.9187936450267
-2438.6521448997155
-2438.6994235918355
-2438.4816852815056
-2442.224769539275
-2445.2561104785063
-2444.78869967216
-2444.9641834598156
-2451.049848430763
-2450.235313297551
-2450.2455936736096
-2450.623593933455
-2457.0176070074504
-2455.732638296141
-2455.5130653823944
-2454.287968116807
-2460.9371855701265
-2461.4293852409332
-2461.4422883015827
-2463.8097254097006
-2467.317853738179
-2466.9804825000047
-2466.6432358508155
-2469.619345797569
-2473.0722173485165
-2472.764451957433
-2472.0198031905225
-2476.2923869947813
-2479.256444175811
-2478.5897467427976
-2478.319174136203
-2482.7513159365276
-2484.645217953427
-2483.6634468848515
-2483.9081005012417
-2491.2605112127167
-2489.302616237233
-2488.881231048658
-2490.026399866238
-2496.371246138986
-2495.2784086191436
-2494.7446272588018
-2497.275079791046
-2500.8672304494735
-2500.66429011389
-2500.221624864878
-2504.855490740414
-2506.896492133036
-2506.2943179399053
-2504.9711079924423
-2510.9727212215657
-2512.083454030801
-2511.8080433697237
-2510.46296556804
-2517.432211610115
-2517.8903928215777
-2517.202680991755
-2518.555378202878
-2524.040777249997
-2523.691624756524
-2522.843335249193
-2525.588013487202
-2529.288450120379
-2529.109466633139
-2528.26288945287
-2532.3249486253444
-2534.884372558511
-2534.2443522409862
-2533.855323501023
-2539.581933753116
-2540.7228586904025
-2539.6521310820135
-2540.479087108139
-2546.0674932200827
-2545.678533670168
-2544.794901477273
-2547.7359580067923
-2551.5300850284443
-2551.1784896702843
-2550.7513227457407
-2555.47998300355
-2558.106301426638
-2556.410984672548
-2556.1339253285055
-2562.0490297194606
-2562.6151378111526
-2561.7980735551473
-2562.364091465142
-2568.504397374368
-2568.957036461083
-2567.0808573927343
-2569.47318410116
-2574.6257791573285
-2573.5059274873875
-2573.008196521559
-2577.388506538927
-2579.5608662386044
-2579.042569216456
-2578.2823889195365
-2585.402317573816
-2585.474671039662
-2584.3821542697547
-2584.9561296404686
-2590.9927461754924
-2590.514056993843
-2589.9494514450926
-2592.702525891592
-2596.6839355417087
-2595.9047771876226
-2594.782029728695
-2600.6045578553963
-2601.783649713735
-2601.384561522103
-2600.923341782702
-2607.695118598361
-2607.449716205219
-2606.324530917888
-2607.0672316663345
-2613.336051790807
-2612.6352454159287
-2611.83600190488
-2616.340101146005
-2619.2093826594896
-2618.9768228741386
-2617.6019766650707
-2623.9609606245062
