0.8382607390963368
-2.158900891388921
-3.769260454024423
-2.514924015060151
-2.4899914005497275
-2.2270267680754277
-2.3005685696452054
-2.353757433812927
-2.367925975928723
-2.3632845717677586
-2.3748932403062404
-2.306891181167362
-2.3278568602685272
-2.3681460157797964
-2.353890447769052
-2.2931622215844754
-2.286576731658558
-2.2709432503498297
-2.424761009763422
-2.4512390864218867
-2.4580587217402283
-2.461254289727414
-2.443424207861029
-2.4653288682624557
-2.4715242302284617
-2.4606112390532626
-2.4782583838823906
-2.507106157255842
-2.5174472414950664
-2.5128821157172943
-2.518823864001918
-2.5236149819971976
-2.53194798879965
-2.5451026031395076
-2.549298048716242
-2.545220333798987
-2.5634504919456513
-2.68020623427077
-2.6811466289378427
-2.6859610643619436
-2.704456944606312
-2.7310412472129624
-2.759712550187053
-2.6851568656148457
-2.6968798390388997
-2.6969688803442367
-2.7141481588608682
-2.733234286991351
-2.726004355596572
-2.7289302925606265
-2.9191998748265573
-2.948326322024471
-2.9599871370844166
-2.9716789249852824
-2.9990633546758083
-3.034332142865212
-2.848195308457683
-2.8549971639117913
-2.8649510778876044
-2.9090137305505666
-2.9453512786345417
-3.111875125414696
-3.1395650701616056
-3.2143247391441183
-3.239937204897667
-3.252703220999735
-3.2723686476086984
-3.3058145236284915
-3.336675244946243
-3.3480431479350927
-3.3741775199096944
-3.3965229946841706
-3.421770540242766
-3.46181023904778
-3.5014174791416264
-3.5522847292755753
-3.584538368785215
-3.602750066777231
-3.6233539622134527
-3.6575233650298484
-3.70569071476352
-3.74067537628658
-3.761431206507365
-3.8088648376808
-3.843967921728959
-3.8970074851897225
-3.9271482440223164
-3.976130258322809
-3.978021870587617
-4.01186314111297
-4.048985827728333
-4.086484091135466
-4.134318208317092
-4.185928223249171
-4.223987753005064
-4.287118675843302
-4.317506802610653
-4.357252771839345
-4.4006174983429895
-4.444058791753403
-4.49564977079799
-4.5748961553209435
-4.602108950902927
-4.629021970212676
-4.662958681732848
-4.709998746637567
-4.753953762450357
-4.726393132945917
-4.773568184969672
-4.828922064939428
-4.877574068329955
-4.929080768302948
-4.97485842368166
-5.0202047189034635
-5.128931885904472
-5.175291151304081
-5.225397913227986
-5.269633941742344
-5.320772759391018
-5.377192414655062
-5.346397859881957
-5.396667227331287
-5.439190312321988
-5.498300876098488
-5.54593087253595
-5.609599923586604
-5.6596942067689495
-5.791768260615829
-5.831781610103369
-5.891450344242622
-5.957181607035033
-6.014967803164861
-6.06656276227446
-6.033610454366689
-6.091087045196308
-6.143343065442784
-6.187393791931064
-6.240234455033132
-6.295600607802334
-6.36699986800687
-6.519339995026894
-6.575483481781444
-6.647216484152675
-6.711672424916694
-6.767995426869039
-6.826361221979471
-6.772984513186797
-6.827631225834776
-7.003002592335278
-7.069114598534033
-7.136694797479925
-7.2039268531625105
-7.159361732914946
-7.20230101543155
-7.266640843610472
-7.333823338895348
-7.404908333430374
-7.448806653900143
-7.529206271410115
-7.722799656671953
-7.788862335507083
-7.856275299482347
-7.929652220424386
-7.994597329041249
-8.06269878680735
-7.958288918143915
-8.035124306240757
-8.10402085812078
-8.174699426455867
-8.265551919696952
-8.326650375477124
-8.417938836959928
-8.627115829002543
-8.70227776864135
-8.774094525667824
-8.853821965288875
-8.931942316203232
-9.003286634284587
-8.898517804023742
-8.942597978588317
-9.039761560963353
-9.12530486579447
-9.21202069039337
-9.286026262681341
-9.371723959307268
-9.426906103764239
-9.514188925194881
-9.560415607748775
-9.641303282726682
-9.706015920579887
-9.779315900310783
-10.077498319234014
-10.164169192707421
-10.247715141742397
-10.327611520052436
-10.414554526568104
-10.494427239335513
-10.373429602009967
-10.431254763579199
-10.50763277245178
-10.59626733034708
-10.716043254847339
-10.770791103996588
-10.844361365955068
-11.164999039279403
-11.2491396168075
-11.34906909091437
-11.43456099606316
-11.515508781590157
-11.602945085203007
-11.693972557713067
-11.552003514323344
-11.669398244949607
-11.711322021468842
-11.777412513224156
-11.893027127184045
-11.993223136021932
-12.075558988807966
-12.190597652978715
-12.275923230330356
-12.3774441991589
-12.469514682722007
-12.541366700858438
-12.871456602161873
-12.963193029497248
-13.06667777964241
-13.158472199828797
-13.255055773746447
-13.343436484325203
-13.447394049700273
-13.304185074672828
-13.41025809623499
-13.512364054395563
-13.600228631381823
-13.675627255649859
-13.754935113666779
-13.874316443767126
-14.22990197206846
-14.33158941802649
-14.43973885560865
-14.540338136440422
-14.644018682557311
-14.739795716107908
-14.83727884636701
-14.934870787183744
-15.03392641295253
-15.145855327812134
-15.241002566117281
-15.34672258338513
-15.101039209302689
-15.214831185430349
-15.349024296083861
-15.751880265248296
-15.599434543172926
-15.988535500899001
-15.833330754344646
-16.198648718002126
-16.313367576693988
-16.425598468871325
-16.53382069024995
-16.635608089349414
-16.739571029565568
-16.439502310728308
-16.57274067601762
-16.69843828203718
-16.813145044934643
-17.31015338291091
-17.423782239876186
-17.21721994362321
-17.36546050175764
-17.340606096068502
-17.471486443461473
-17.455894676520124
-17.65014994010791
-17.75787818939664
-18.33098214560286
-18.451312492125176
-18.564325426555605
-18.673009412932668
-18.80094170285627
-18.923669408773176
-19.034950665364565
-18.715565834128718
-18.81894744429549
-18.876312983269894
-19.061269412288656
-19.057805909830467
-19.28875487817938
-19.28668908293639
-19.539605861848507
-19.598723474132573
-20.306570609567522
-19.76416763786784
-20.54819503117848
-20.607890438671465
-20.73754706407058
-20.86252734513328
-20.982995025623694
-21.11417100396833
-21.251418012156613
-21.375649439559844
-21.498577562304646
-20.920668329688535
-21.07625789854404
-21.22717359870136
-21.501105089655752
-21.448300671758343
-21.54357523979364
-21.84123212083952
-21.801852026090256
-22.0342792070242
-21.99181491083849
-22.30917428849625
-22.428072509400234
-23.19073521831641
-23.331896192396744
-23.45857492974746
-23.588023638973905
-23.724255012292694
-23.851026440816153
-24.054317300856624
-24.1890574962991
-23.51632247097483
-24.426748809299724
-23.836251277061425
-24.693295409771483
-24.045226876232412
-24.182767091430247
-24.2490751606626
-24.534604476953177
-24.37165629037714
-25.499181925130465
-24.821476640371493
-25.776330121455135
-25.923252197351573
-26.063884171112647
-26.224483196397507
-26.35904217190579
-26.51193161518884
-26.650013832721406
-26.816662454382836
-26.130024291435767
-26.247425030923218
-26.32624012987365
-26.396963736935387
-27.50319435931173
-27.654570892706015
-27.869463769820513
-27.948429629728317
-27.030159867848813
-27.260685758188476
-27.470715905969783
-27.87403906120092
-28.69903956381981
-28.847395269209116
-28.994692752112112
-29.141467736614285
-29.298666801077964
-29.43844062185678
-29.60096762513446
-29.765787297935567
-29.90249598267446
-36.34404581127265
-36.49604435911258
-36.66810186161059
-36.809218554022756
-36.07483009620795
-37.11816887024121
-36.390320946090014
-36.45835271597807
-37.59034531286314
-37.75492706224488
-37.910645804536074
-38.070571499416445
-38.216642100924936
-38.390646525306735
-38.55171546491176
-38.72002562359771
-38.88227214827717
-39.0367330891203
-39.19503740374386
-39.35515383690076
-39.51785640697914
-39.68652800381154
-39.851921541347394
-40.011062546402975
-40.165071661233334
-40.32019947462401
-40.487362820048105
-40.658713930788956
-40.83107568983418
-40.99685482652168
-41.154722556618395
-41.32979693167566
-41.49731319380442
-40.5402358277833
-40.97066651070103
-40.95641893450473
-42.17676054457508
-42.33757438315787
-42.51967928610123
-42.6762894005229
-42.859347020537164
-43.02518619680432
-43.18707086741413
-43.37747906062172
-43.54444307248598
-43.71172393896994
-43.90150430278542
-44.08378798206657
-44.256371986085945
-44.42214445154455
-44.60876190136675
-43.85222531864272
-44.16185034055917
-44.36893865158852
-44.54337203678058
-44.66780607030812
-45.66489551197338
-45.841994994785864
-46.02282575867584
-46.21136400473105
-46.39583173237915
-46.57369352006372
-46.75833547006526
-46.9551610650227
-47.12532868276032
-47.305251912447545
-47.48999149146723
-47.682359691163086
-47.87322484041316
-47.177877741134644
-47.470890640499206
-47.86000666484714
-48.63026913092081
-48.824356294623456
-48.28490809282079
-49.17117556743327
-48.648035897195946
-49.555329113899454
-49.74617067948012
-49.931408473228494
-50.12597342930801
-50.31842852497032
-49.83441099764386
-50.711417288469264
-50.90141585518319
-51.08502469934826
-51.27950965969871
-51.49123262381179
-51.68048033086441
-51.86399980496827
-52.052208459743156
-52.27057467169459
-52.46964460496299
-52.66116563291067
-52.86049872010606
-53.082841311030705
-52.712747786131544
-52.91466798936045
-53.12389690391873
-53.31360226223741
-53.543433857752106
-53.80856719095423
-53.991133469933146
-54.66178917109289
-54.3840088161201
-54.60261774117754
-55.29430022957805
-55.03134819945066
-55.322973793878724
-55.933814022582176
-56.1493766849788
-56.361591470431144
-56.55373037033436
-56.77397847044284
-56.99390828197808
-57.20153731779791
-57.41599470093342
-57.621843071649316
-57.84165228072594
-58.0601670308611
-58.27564239773733
-58.47787482621506
-58.521458157843625
-58.93522340271509
-59.157871087886434
-59.36416710395519
-59.593941511301004
-59.83269201134925
-60.071878448865895
-60.28619913330908
-60.507164665661264
-60.74232562264779
-60.979957583461974
-61.20240832248867
-61.4261255493803
-61.670954223402646
-61.91717090427504
-62.15729611610444
-62.35601385715894
-62.59484584796351
-62.84631171365568
-63.07361262275111
-63.33268776888133
-63.57807465791587
-63.8081471001472
-64.0302338755337
-64.2953743027941
-64.62978367433792
-64.79943743748491
-65.0319911930656
-65.31224798854394
-65.48980940908508
-65.77148036865331
-66.01705064833929
-66.26805287938102
-66.53360431539176
-66.78417609664399
-67.04987835153001
-67.37752443983769
-67.56130020857394
-67.82014312816486
-68.08150271077132
-68.33416502800084
-68.58283563388326
-68.84189292713388
-69.09040997028345
-69.35172289491447
-69.61341518264787
-69.86664956274214
-70.11945706593494
-70.43509301792564
-70.69006244536094
-70.91856418968143
-71.18171087387158
-71.44007895920868
-71.71116798487563
-71.97122834821339
-72.2144068520633
-72.48011265392978
-72.73635392049012
-73.00405193980582
-73.22511402723667
-73.52127131141079
-73.76814753690633
-74.01756592319019
-74.28504954884441
-74.51800193330057
-74.76445336231423
-75.04383876991967
-75.29793519479
-75.54467965840038
-75.7943369366235
-76.02660065659079
-76.28680890886794
-76.54157310323315
-76.79166728920208
-77.04167210407755
-77.29941436661854
-77.564360874388
-77.81895393864433
-78.07088052318223
-78.31830633971339
-78.57934082377172
-78.85069743372826
-79.09222947951076
-79.34248455506143
-79.6014134523032
-79.86915430691408
-80.12683306081057
-80.36834367642089
-80.63043210851609
-80.89605344682862
-81.15115319208881
-81.39857336226397
-81.65390103235639
-81.91788063989695
-82.17232953822592
-82.42462715975643
-82.69178819935013
-82.95907803678895
-83.21459529738725
-83.45128786294724
-83.71206999138774
-83.97097695030052
-84.2540804623295
-84.52911647991783
-84.78060863150249
-85.03701970717228
-85.29603108589221
-85.55737057494406
-85.82383488228439
-86.08910731215616
-86.34555568794345
-86.6127934574132
-86.88236476394361
-87.14735688738173
-87.41295137267726
-87.6890643501341
-87.96104955339324
-88.22792757082823
-88.49762249910674
-88.76247619236587
-89.0381963580815
-89.30321575814979
-89.57621384185072
-89.84797560212594
-90.1301702433524
-90.40917541676264
-90.67467923616866
-90.92745500358095
-91.20746528338353
-91.49539110189536
-91.82311603573717
-92.09939540435238
-92.37058325779348
-92.64339778033984
-92.92823332944228
-93.22049263081486
-93.49485419950129
-93.77422643872796
-94.08116242243881
-94.38699324229756
-94.61872881246204
-94.88989869257841
-95.1932197299372
-95.48992969508272
-95.78356672781085
-96.10108945363632
-96.38582998327341
-96.6795813689012
-96.99086266779709
-97.30022168679159
-97.62001406580991
-97.91631544874559
-98.24419256505576
-98.55103989177616
-98.86273697989772
-99.19404977470148
-99.51037507486697
-99.83956264548104
-100.14956897846002
-100.46434508815392
-100.80080063189324
-101.22392155830944
-101.54092518205947
-101.85218209755223
-102.19889910272184
-102.42054102356305
-102.74358032947205
-103.16113934237531
-103.48730531161586
-103.83669897814252
-104.16127823607826
-104.48498483358087
-104.78387485311244
-105.11542443933781
-105.452752569841
-105.75194844632999
-106.07449333803342
-106.39153917864722
-106.69229371461785
-107.02433224750668
-107.35612158502606
-107.64840765145408
-107.97479815329307
-108.30214963452651
-108.61143595555433
-108.90297738349233
-109.2407389154603
-109.54175910193298
-109.80752783390842
-110.10753613535715
-110.40026401123963
-110.78517542861167
-111.09758408608839
-111.3975653094534
-111.65805221534666
-111.96168059147125
-112.26377632349912
-112.64647249828637
-112.91265416998594
-113.22965213818652
-113.54670764624328
-113.85002811269514
-114.16103232688516
-114.4796617857574
-114.7807129080353
-115.09265218331599
-115.478923948049
-115.7673872189242
-116.0938086819323
-116.41489778623071
-116.72471474563608
-117.04275793941912
-117.35443753819966
-117.66960096032447
-118.00008865281654
-118.32427443973889
-118.67077461247825
-118.99397912110345
-119.29575477648764
-107.05863656625792
-119.94812496090866
-120.23047284171383
-120.58573979036835
-120.93950008362467
-121.28520400199503
-121.61072551704902
-121.95300582980747
-122.30269535373657
-122.65440213817214
-123.00178509266426
-123.12493683442395
-123.57142336846054
-123.98223729608208
-124.15991871050566
-124.57605876542291
-125.11951919479166
-125.339721610781
-125.6320552310808
-126.04843249325009
-126.35613832955642
-126.75679354915412
-127.20945415647816
-127.56675277510405
-127.94715543588612
-128.33535434183614
-128.70798090659093
-129.1627362048979
-129.54968389747873
-129.93049710469637
-130.27061696109902
-130.69294889540956
-131.07052771980275
-131.44504506961644
-131.78127547861078
-132.17510250704044
-132.53568800373333
-132.8761582668804
-133.25091539779174
-133.59371694015408
-133.97151476174628
-134.35031979914348
-134.7106882465556
-135.05401393569915
-135.3894789238568
-135.75671939501655
-136.1472005814238
-136.48163367805478
-136.85331741055762
-137.17605006729218
-137.52448704235505
-137.88085606606916
-138.2597194458581
-138.58215534754223
-138.95801950498102
-139.28132991635232
-139.66127158704757
-140.0548398135693
-140.38707088633225
-140.75718486893692
-141.08668744957302
-141.41125995936258
-141.8029850133928
-142.13906859397886
-142.5245268633453
-142.85900403697883
-143.2583894546573
-143.58999917961347
-143.97686146531944
-144.3191839388414
-144.6561078618347
-145.0516206815527
-145.38892334596082
-145.79203284797524
-146.15172422040493
-146.50140288568272
-146.9061888660161
-147.3811442195267
-147.62172812105436
-148.0476783484489
-148.54886789323794
-148.84464231025663
-143.0553398414749
-149.5689378938061
-149.93295665642273
-150.3997685982378
-151.1984110277592
-151.168032713153
-151.62230833252656
-152.0143303821381
-152.39027348075393
-152.8757451356066
-153.26959850718805
-153.6595592327093
-154.07932748470822
-154.52444482240668
-154.91851013194469
-155.31545929327882
-155.6895767523234
-156.07017792005854
-156.55545542774604
-156.9311624129886
-157.31426527167378
-157.7091683938899
-158.09196231512408
-158.58595812181258
-158.9370056160761
-159.2985698512535
-159.67812058603707
-160.0504709433915
-160.42422680950355
-160.97014934478108
-161.31525716228188
-161.70534331052093
-162.03776959746205
-162.4267104183455
-162.66275225568629
-163.20903397313563
-163.6390832019002
-164.02633049520418
-164.53151325956
-164.8416774797841
-165.0659788152975
-165.46197524508284
-166.02661063394208
-166.42426025144053
-166.85224529916124
-167.26237661479564
-167.62284435886824
-168.02384224671667
-168.43057080961225
-168.66467936467916
-169.07111571930122
-169.68429678838763
-170.09317963152367
-170.4820036656647
-170.89206772848232
-171.30815451067804
-171.7321895409261
-172.16104392910174
-172.58030325657202
-173.04718674688013
-173.25709524555367
-173.85655992094325
-174.29016440465236
-174.71984879001133
-175.15015641316234
-175.53222954459426
-175.93009158356716
-176.37155711687979
-176.79903850005687
-177.2272250391006
-177.66145824081522
-178.09837453467523
-178.53689304841782
-179.07747519609705
-179.41497461567852
-179.806166113549
-180.20933937823642
-180.64120379772513
-181.07904528702002
-181.36363941225184
-182.07324029718617
-182.19885177030397
-182.77161053975468
-183.22435398825343
-183.67969980286952
-184.12521083793703
-184.57527203243927
-184.97811653944984
-185.48084855798044
-185.8496718191009
-186.2986766878304
-186.68677734018428
-187.12142762683473
-187.6583568704379
-188.1184340570819
-188.58031178264417
-188.88695089508786
-189.32758919404233
-189.7919706145381
-190.24869304143698
-190.6653515075389
-191.17006022560682
-191.6413183591677
-191.92957144070905
-192.37752547889323
-192.84487651621464
-193.25406375853973
-193.81244325672574
-194.27076836198358
-194.742812568979
-195.092797861149
-195.50321402841527
-195.97091745389105
-196.41215402798298
-196.9477012949297
-197.43782599902528
-197.77467272478867
-198.29824472369347
-198.65181192892604
-199.19430927433646
-199.69424874694676
-200.0415041470422
-200.57664805707878
-201.07437147932234
-201.42338044034744
-201.96520035503224
-204.19564559429816
-202.88076129023068
-190.67263985116986
-203.77006171587567
-204.27255212822183
-204.6620042217773
-205.1978404874374
-205.57065176584058
-206.0977375474717
-206.4794303033116
-207.02127266694671
-207.52782609226125
-207.90165822090742
-208.43279815313858
-208.8348100934026
-209.3589131022941
-209.74480298856855
-210.26486654592728
-210.6803513523369
-211.1993701044501
-211.58962653671955
-212.094343052903
-212.50101262219547
-213.01397111297655
-213.42297182298273
-213.91487610017734
-214.32653591823336
-214.7498714829537
-215.26464781103908
-215.6888596543996
-216.20001429761152
-216.61440005354672
-217.15107832561193
-217.6106983803738
-218.0647032385626
-218.5537890294576
-218.99994274619337
-219.53512781052967
-219.98947804151106
-220.4800037703553
-220.99907553560308
-221.46675947204758
-221.99850126879156
-222.47965682631343
-223.00913721556662
-223.5098834710777
-223.96477178383404
-224.38555160140763
-224.98164042105398
-225.44291067752147
-226.01829029221474
-226.49750800739108
-226.9191045548239
-227.45222435216192
-227.92488965547233
-228.36341996197197
-228.9109493130259
-229.3575522425564
-229.79831905499415
-230.3661235959075
-230.78046306569968
-231.21410000666606
-231.7811679362203
-232.20419929203376
-232.6359654424006
-233.07268400921834
-233.6359738993168
-234.0896008960769
-234.5310797780418
-235.07254375285214
-235.54884335874468
-236.01741284608985
-236.48002067410332
-236.939495486345
-237.556509293618
-238.04742832717827
-238.53848729567707
-239.0088378033132
-239.67414503983602
-240.1852719924418
-240.68884839560263
-241.2597691834057
-241.83108621324476
-242.39272796480307
-242.87759128455443
-243.34228155690917
-243.9286176137378
-244.43822352154436
-244.92043625022538
-245.43244782406637
-245.9265292235725
-246.50649611863528
-246.97945410042638
-247.4607034186795
-247.93782989072506
-248.40337085990265
-248.85511489202796
-249.320066771309
-249.89638565152342
-250.35604244753173
-250.82172984747885
-251.29529779523858
-251.75768137114744
-252.371375776357
-252.6935296474311
-253.28366703758195
-253.81220502925973
-254.31524986914513
-254.86547559958635
-255.39116321843144
-255.88180132660978
-256.4136727446954
-256.9399456949036
-257.50911400212715
-258.7925661467081
-258.7963769981274
-259.44614265367306
-259.91348378492665
-260.4680131036455
-261.78128811662214
-262.3670289244468
-262.9515671092066
-263.5050173400875
-264.141858065308
-264.6213255233299
-264.93369647861294
-265.3316800984865
-265.1042484235049
-265.5992429689777
-266.0872449922317
-266.566691819225
-267.0568984523656
-267.561078634303
-268.0707881816793
-268.5734595091002
-269.08676154895306
-269.59544042028654
-270.11129824598186
-270.63625801461296
-271.1722700906562
-272.47213154431233
-272.94879196343106
-273.49786950096546
-273.47707206635505
-274.0635907351616
-274.67670598128166
-275.29303163447025
-275.8917427113675
-276.50284959517614
-277.0958144365866
-277.67863984054844
-278.2406964504557
-278.7902492483917
-279.3450883574249
-279.88188782262756
-280.3333121846735
-274.53059107880017
-275.0525278356471
-281.85820573906835
-282.3819412854138
-282.89620891159524
-283.4297205464473
-277.6757200443872
-278.2124888229174
-278.756140579646
-285.57275538088356
-286.0613001162721
-286.5589409127941
-287.1197838102966
-287.5883659094698
-288.21114200272376
-288.8352048675455
-289.46114973119177
-290.06232644567876
-290.71305508282484
-291.21462120689665
-291.84000165527704
-292.46183776841286
-293.0630532626896
-293.61437215672055
-294.2438087850876
-294.49387979612516
-294.9674336177966
-295.9609381267988
-296.522628399509
-297.12081269259915
-297.3820428186163
-298.072761081884
-298.63535964194216
-299.19867331082696
-299.7573345846263
-300.25581185290457
-300.7486969293421
-301.33546406578324
-301.9169138507509
-302.50032182096265
-303.0634208219628
-303.5187208608632
-304.15833537695545
-304.7994859468162
-305.3817501134468
-305.96981528379683
-306.63976751820564
-307.3100211203145
-307.8179202525972
-308.5158107873407
-309.1492579652145
-309.83964008372794
-310.4311783515551
-310.9411076788622
-311.523017267717
-312.1420966635816
-312.65970041775205
-313.15788495520235
-313.75219713540577
-314.347244329427
-314.840684881386
-315.3579136974007
-315.95743168021494
-316.5024529309968
-317.041113856119
-317.67469900868855
-318.21348581666916
-318.7456693320882
-319.46067762324003
-313.8811228562451
-314.46731971441466
-315.0774654912503
-315.7738991865631
-316.3777968933662
-316.9874504136706
-317.6711038624017
-318.24825531044803
-318.83647071861606
-319.5045537985642
-320.0419406637908
-320.5877121902728
-321.134547354186
-321.67620507034
-322.30700719346197
-322.8514682400736
-323.40929416892743
-324.06853028470226
-324.6364657321111
-325.2111268362865
-325.88552128978336
-326.46744947622466
-327.06750259313276
-327.6864974025983
-328.3166602653834
-329.0400303336097
-329.6086274614161
-330.24019756759765
-330.8811481325089
-331.4857437198312
-332.1693906982046
-332.7626874213004
-333.38535604133517
-333.97537060169026
-334.5505460958129
-335.1227924346888
-335.7042738876158
-336.36026499681606
-336.9405480993172
-337.51522374283365
-338.09455003202305
-338.6908897372392
-339.3012777637987
-339.9235652303955
-340.5462597197436
-341.17382512767654
-341.90941473444883
-342.55284743039385
-343.20964307331957
-343.8589247937869
-344.50517511753327
-345.14676115257157
-345.78340417566034
-346.41883013900946
-347.0467740190879
-347.6599216852027
-348.2663619007767
-348.85937689949213
-349.46405417764294
-350.06406992514394
-350.6527999875924
-351.2592305184774
-351.873634995688
-352.50576201348133
-353.1362548681861
-353.76028972333506
-354.39924532280315
-355.08560787652385
-355.76423519082294
-356.43147204801363
-357.1213044802982
-357.8211792222127
-358.5123911001291
-359.16957850290294
-359.83337550664965
-360.4723836294191
-361.01870432497554
-361.62954867701933
-362.2530642913847
-362.8806520682766
-363.5064764089878
-364.1368354049701
-364.7754955414302
-365.3709691380804
-366.0332237780639
-366.58932299708886
-367.24915281296614
-367.89831292753223
-368.5751525276693
-369.301700517883
-369.9152491757665
-370.65267629211047
-371.36393668299615
-372.1083794580042
-372.7998098553912
-373.3771257343546
-374.0580221585455
-374.7255938957244
-375.3831510490708
-376.02204566392936
-376.5753108002975
-377.2242057999585
-377.8664330003878
-378.4632442924642
-379.1513192220073
-379.7214373383926
-380.40602163425893
-381.08079852396594
-381.6864936655137
-382.3464336791942
-383.1478415163982
-383.93917331407704
-384.6931159869053
-385.28557997231206
-386.04619070690603
-386.79715255576815
-387.3817335625881
-388.08782374948765
-388.6304886286007
-389.360164783797
-390.0125207442491
-390.4406522928146
-391.2055329511045
-391.88126932428594
-392.5197909188416
-393.09145349457486
-393.81874121269055
-394.51700761929925
-395.1353589202057
-395.7667806858921
-396.56750935344724
-397.33365014713206
-398.0218247408836
-398.848184794336
-399.5993606770941
-400.25012335817246
-400.95742737302396
-401.8200339741369
-402.30589151009156
-402.8535223617562
-403.5728001142716
-404.2553524164661
-404.83203856241886
-405.49769252352155
-406.1746169276844
-406.77342298035006
-407.37691105081484
-408.100246658621
-408.80590403221987
-409.474309553672
-410.24449175610033
-410.9862220872075
-411.9272689118649
-412.6445975695977
-413.33447050655906
-414.0339999563975
-414.87408011479977
-415.5184801596891
-409.8516390008657
-410.48156024580896
-411.16079017636514
-411.71197526521917
-412.30905388794304
-412.94714232984876
-413.6992472900652
-414.3596097991886
-414.9880549988071
-415.65362169925476
-416.33998163024205
-429.8457148329648
-418.11750178647384
-418.8702716928812
-419.61758060129284
-420.33720629618296
-421.0530122148816
-421.93156955435313
-422.5711657742767
-423.20937956597146
-423.8405191335237
-424.5274392876239
-425.2435126809448
-425.85683096044875
-426.4699965052505
-426.9885497471456
-427.8313252883345
-428.54315671509414
-429.22103342156
-429.93290859667354
-430.75541670897394
-431.4742254067289
-432.2454670981979
-433.1793319765682
-434.05377337453285
-434.7669738645376
-435.4457176203793
-436.0993502024913
-436.7446143485549
-437.4172539966533
-438.2448432448343
-438.8791834711079
-439.52265592465454
-440.0550880079163
-440.717770556176
-441.4145840614238
-442.10585862037817
-442.99970702606424
-443.83085673128534
-444.63755941370397
-445.4392151969926
-446.23505004020325
-447.0901146345359
-447.8177584658082
-448.50742884690686
-449.1697705038019
-449.9444542713927
-450.7265170999013
-451.3818285052429
-452.04232464574983
-452.7147267522711
-453.39851795452375
-454.0168975195802
-454.7171984956898
-455.43814668273365
-456.19054131659954
-456.97259281910914
-457.76464711699566
-452.49249627530247
-453.34488026767656
-454.124240568815
-454.8631966456954
-455.56740955919844
-456.315768532194
-456.9969765653038
-457.67244205586314
-458.34116735975016
-459.02151004092804
-459.7240856086396
-460.4400800893551
-461.18999044889654
-461.8646951092452
-462.64410662471596
-463.4503881735933
-464.24911924020506
-465.04605151014914
-465.940643265721
-466.6465710664269
-467.60084711096863
-468.3718363171399
-469.09075052581363
-469.8925462376256
-470.6001227226216
-471.3018031477717
-472.0115420324185
-472.734787367121
-473.4799596975972
-474.2376832093814
-475.01754969219957
-475.8326374166911
-476.59228791244465
-477.4190394089614
-478.2965507096745
-479.0919236579522
-479.8885758748697
-480.62691978634297
-481.3845039483453
-482.10877936107016
-482.7683298219344
-483.55468658773225
-484.29348440713784
-485.0534156335465
-485.8286986911368
-486.61401082681476
-487.4034809032203
-494.37012794827507
-488.7584849368141
-489.60088545201523
-490.40053939117877
-491.2211682780677
-492.03233256793345
-492.82455299511224
-493.606065116391
-494.37079540870786
-495.1233477678619
-495.8787706878546
-496.64784681187325
-497.43581489541697
-498.23144981756064
-499.05005382106907
-499.88740348440444
-500.72779366890177
-501.5654193193717
-502.3803793940654
-503.1411968479197
-503.27865976322414
-504.5725630203961
-505.37726526387695
-506.17109567234655
-506.9720837233565
-507.77081976249474
-508.5677703951758
-503.02228282391457
-503.84172216051763
-504.67160981713096
-505.4957098767085
-506.33273234285355
-507.09814400038545
-507.74715843053343
-508.60057087059073
-509.440510188913
-510.34686217909547
-511.17619844023733
-511.99200264942215
-512.7922291216637
-513.5862025719038
-514.1890037231814
-514.8877035347738
-515.7613379447574
-516.6288792844657
-517.4944062362616
-518.3694049378937
-519.2216890117893
-520.0580409204983
-520.8189820660198
-521.542873869582
-522.3864921066718
-523.2146854541568
-524.0530652680828
-524.9072505933661
-525.7759160279836
-526.6252139112096
-527.3047309049279
-528.0083096030095
-528.8877749120317
-529.752427933387
-530.6124021909417
-531.4907670917307
-532.2654644539814
-532.9750634442136
-533.8377985312316
-534.7388459063072
-535.5978970304046
-536.4631716866982
-537.1381477646387
-537.8843414299366
-538.7580123468485
-539.656705624742
-540.5728847899964
-541.4500508039665
-542.0720269802375
-542.9549089563203
-543.8501969074354
-544.7374852717675
-545.6034721445544
-546.4691602851859
-547.205729305921
-547.94076843768
-548.8269273278881
-543.4324044533328
-544.353303663675
-545.0695848310177
-545.8855276596886
-546.7944180192743
-547.6452647602968
-548.5502340550582
-555.6179385553758
-556.3247662612899
-550.9545444436527
-551.8677622726343
-552.6569530438804
-553.4209378417122
-554.3240768728697
-555.2317865078386
-556.1443847379034
-556.8820726456315
-557.6845244916148
-558.632509390723
-559.5186174035564
-560.3600980863052
-561.0735340467999
-562.0088577480208
-562.9198788109869
-563.729578191599
-564.3971144894819
-565.2875955931049
-566.2846905037852
-567.0510414513429
-567.8713708485691
-568.8376365235882
-569.8314353791268
-570.6242131456632
-571.4374171043706
-572.3037812833898
-573.2313760688137
-574.0475412274153
-574.7673549186046
-575.6850151601919
-576.6273785429354
-577.4761981699577
-578.2921759428984
-579.2601416525821
-580.2672940888791
-581.0154723205218
-575.5763172714777
-576.5501669193519
-577.3609104271183
-578.1435109657481
-579.1174541306583
-580.0731077875786
-580.867998862487
-581.619457518906
-582.563155656676
-583.3826882856199
-584.196379122933
-585.1751223863339
-586.1954450928131
-586.6583841272937
-587.9126980876325
-588.913800796313
-589.2422004493652
-590.5272443748328
-591.4785393603439
-592.2752071211075
-593.0387774439067
-594.0065284883086
-594.7173484497747
-595.6983438045274
-596.7138825154753
-597.5250008317948
-598.4583967485044
-599.503052259112
-600.2872200627978
-601.1683612306357
-602.137964141098
-602.923474195356
-603.7258994794604
-604.7033604257437
-605.5382571710553
-606.3944007269122
-607.4244194473807
-608.3132605559897
-609.1847452985071
-610.2271804348984
-611.0324947481971
-611.9391074202774
-612.9565156462256
-613.6794533991832
-614.6119915578931
-615.6097166625824
-616.3342353598161
-617.2742006193043
-618.2994922447342
-619.1344361457088
-620.053686893803
-620.8969716572784
-621.8715050384205
-622.9482911328299
-617.51583082463
-618.3644787652038
-619.3998465048336
-620.1396219771598
-621.0500277870083
-621.8006205044015
-622.7369973493043
-623.8015090483577
-624.7159180899068
-625.6713806336899
-626.7901431236525
-627.6725400768836
-628.5671557460001
-629.3384084430285
-630.2219409027715
-631.2102201833552
-632.0442729803124
-632.9328455322351
-633.7693638888996
-634.7338407741314
-635.8874962315767
-636.8376009146315
-637.8047692759836
-638.6913033445837
-639.5905183848944
-640.628043076836
-641.4726013713995
-642.3062958955854
-643.2313717186463
-644.1082449319217
-644.9600280949255
-645.954546757026
-647.1077726381109
-648.0177000139661
-648.9705187032097
-649.8774583062853
-650.7879774161605
-645.5871131023498
-646.4893920367134
-647.3958131703743
-654.5573009030883
-655.4619130172861
-656.317766614579
-657.317772449319
-651.8936091922889
-652.9117103928942
-654.1079551996897
-655.0555447613389
-655.9819590996635
-656.8838036822142
-657.8013116760477
-658.6400807092203
-659.5685623386125
-660.4184977186698
-661.3960010370823
-662.2918259701593
-663.3588822901592
-664.5779371734595
-665.5494035889358
-666.4991981493248
-667.4217628443153
-668.266292837755
-669.1809978541543
-670.0890620081408
-670.990675955836
-671.9467866517908
-672.9149080763312
-673.9586525291969
-674.9561728607496
-676.0325414792749
-676.9705242678075
-677.8992340737909
-672.5354874946313
-673.4450475538373
-680.6224848390805
-675.2582497729812
-682.5359173667363
-683.5559730781969
-678.5147970406105
-679.5111794446865
-680.5543202679554
-681.4902740855962
-682.433469536076
-683.369661175398
-684.3119226854201
-685.2557047185204
-686.2210140523708
-687.21528128668
-688.0270039486645
-689.1177339080165
-690.0929421907697
-691.1385439082147
-692.0981825489887
-693.0611146449158
-694.0250818380566
-694.9950130656771
-695.9546674123609
-696.9180993930627
-697.9613273491171
-698.9765466950286
-700.003194193879
-701.0286797252057
-702.0651634112801
-703.0818928520166
-704.062997303421
-705.0509413254543
-706.0241025401378
-707.013508271195
-708.0252586283439
-708.8354101602586
-709.8421936102716
-710.9044371387721
-711.9649453724955
-713.0223820186253
-714.0433286092955
-715.0335376726688
-716.02773322338
-710.7366433017004
-717.999967126217
-718.9932640727278
-719.8379595567305
-720.8948360982388
-715.7168287812071
-716.7970689236179
-717.8450205354769
-718.8348019607677
-719.8659177140436
-720.8268902054774
-721.8180762184148
-722.6272328550315
-723.6685630886808
-724.7247212394932
-725.8753763816766
-726.9967671666823
-728.0886570049317
-729.1112235108479
-729.89845756216
-730.8981764078085
-731.8814647087622
-732.8898854755577
-733.961042985659
-734.8350520416986
-736.002179045162
-730.8531006685168
-731.9476052992514
-732.9793698623907
-733.9826695339551
-734.9756571532091
-735.7788516468273
-736.7900667765362
-737.8766710849018
-739.0372245117629
-740.2098023535628
-741.1233244412949
-742.2176670610482
-743.2582568927788
-744.2706468728381
-745.2747675172579
-746.0770646708797
-747.1294470038649
-748.2663729786944
-749.1965354587751
-750.3933120858997
-751.5317221163014
-752.6237198586583
-753.656440651372
-754.4627732941278
-755.484228551745
-756.5229487180042
-751.3282604227725
-752.4966951186005
-753.4504789499962
-754.6223306731608
-755.7690765935837
-756.6333987049283
-757.6837975162986
-758.7277597971
-759.5539839347215
-760.6274743481924
-761.7288047904079
-762.9245823814299
-764.0876069130433
-765.0716245164315
-766.2175802803016
-767.2888496222071
-768.0776924883796
-769.1344135143695
-770.2512097519204
-771.1447967004278
-772.2982201965473
-773.4427481324494
-774.4240756891321
-775.6300438503721
-776.7501830595961
-777.6181554026518
-778.6508436195578
-779.735039210771
-780.846100980713
-782.0316180809193
-776.6504502612044
-777.9296037330008
-779.065022199276
-779.9670265601399
-781.0782139211816
-782.1725989516384
-783.0585954528955
-784.1705249785393
-785.287051386678
-786.2501523582021
-787.2415037608539
-788.5312476576627
-789.6295792731885
-790.5908112683849
-791.6637539443
-792.8117910784127
-793.7018497413748
-794.8044850147432
-795.9746073398734
-796.9583887604699
-798.2765036662395
-799.3927819147772
-800.3055558324332
-801.4493243975321
-802.6489546280967
-803.5308618002107
-804.6302330652301
-805.8741159659113
-806.8179546960838
-807.8174013143322
-809.105150982288
-810.1955982835767
-811.1854008628258
-812.2705289916736
-813.4490304100046
-814.384216240408
-815.3439819730246
-816.593805172568
-811.5038300356672
-812.5080062928344
-813.7608146091436
-814.8882596218601
-815.8156849623335
-816.7719452019807
-817.8604441931622
-819.1067744526993
-820.1336755364056
-821.4425392193016
-822.5859553543336
-823.5353968017182
-824.5613726604947
-825.7334801382169
-826.8938326668442
-827.8148435297203
-828.805244037926
-830.1154270531325
-831.351929295494
-832.3044936167856
-833.6146554879921
-834.6922464458136
-835.6186649442368
-836.6756608966479
-837.805599197247
-839.0840444824613
-840.1088316946377
-841.1624849874523
-836.1777191309211
-837.283854503956
-838.2514075342931
-839.2140454668138
-840.4344734582587
-841.6298170359916
-842.6580285473448
-843.7103571247319
-845.0173408662271
-846.2310276018874
-847.238187338867
-848.2245147815966
-849.4721978206987
-850.6135184487816
-851.6582240564619
-852.6885702438716
-853.9778027352734
-855.2976624130398
-856.2898496801538
-857.3636973308793
-858.2663296899892
-859.5432661581085
-860.7240158398962
-861.7570119501397
-862.781236590394
-864.1191309413465
-859.1837241038844
-860.2178798675761
-861.1586453440189
-862.1729789725356
-863.3918548157919
-864.6409563246649
-865.67300200258
-866.7348780234561
-868.068095163413
-869.3787863743846
-870.5994090059887
-871.4295387448892
-872.4344218137502
-873.6412497230472
-874.9503762739856
-876.0087805319114
-877.0630894819374
-878.1351993554299
-879.4704559255018
-880.7543624275172
-881.9059360690701
-882.8363374434804
-883.8314837677547
-885.2101695344803
-886.510706089824
-887.5113272719728
-888.6070915339164
-889.6791245153726
-890.9993892373736
-892.2489101365328
-893.2886533767552
-888.0779219513884
-889.077300417819
-890.2223930216037
-891.5139040125251
-892.8784600634453
-893.9437074577955
-895.0229924936933
-896.1031564141666
-897.3583589371335
-898.7198477339665
-899.7675612139192
-900.8058224784887
-901.9011156443336
-902.9997082338147
-904.3866214504576
-905.6975867667369
-906.7509649383876
-907.8059488582006
-908.8728902473083
-909.9628493507219
-911.3378324455493
-912.7003725763255
-913.802918850359
-914.8767370221213
-915.939287175527
-917.0143162642839
-912.0715409764315
-913.4404906356426
-920.818375146891
-915.6332855606546
-916.7384469043367
-917.8520588420578
-919.2077574081676
-920.5413786284602
-921.6158619990445
-922.6893175677586
-923.8014046684397
-924.9191349875774
-926.0458484134524
-927.4407622180835
-928.8294386303619
-929.9276559886894
-931.0183446032572
-932.1052286594634
-933.1907337651057
-934.3182302571302
-935.7261212845297
-937.1235978688869
-931.9623908737392
-933.082671590643
-934.1871029502655
-935.27852886265
-936.380458933711
-937.5020917803514
-938.9292586286814
-940.3465346660804
-941.4734349052595
-942.6100044778123
-943.7252688485364
-944.8372637596239
-945.9518305391128
-947.0794186369653
-948.4878756254311
-949.919839472394
-951.0795083177078
-952.2332588525019
-953.3489272541958
-954.4789749784935
-955.6153243477894
-956.751488481972
-957.8767981951113
-959.3023624725349
-960.7468596782966
-955.6505754290647
-956.7970309951314
-957.9380114635903
-959.0638398482574
-960.2081122114579
-961.3557066992795
-962.4945096324714
-963.6633730381553
-965.1379316628149
-966.6059117119343
-967.7516799340236
-968.889605322101
-970.0507394439654
-971.1952072798595
-972.3420835459707
-973.5196487123402
-974.7058276717448
-975.8905396923269
-977.0658329461592
-978.546184519333
-979.9786535924479
-981.1235500071737
-982.2956980668797
-983.4914969759017
-984.6697090807222
-985.8634144212916
-980.7690393151165
-981.9693130977088
-983.1634235621252
-984.3075009168728
-985.4685366381914
-986.9498837291446
-988.4656957135797
-989.6616835499177
-990.8540056485181
-992.0674418453592
-993.2497789071713
-994.4412396701374
-995.5978622049873
-996.781871602862
-997.9930772043863
-999.2154114991521
-1000.431413157938
-1001.6483399992516
-1002.8569931725228
-1004.0559671651729
-1005.5421659005054
-1007.0265416889124
-1001.9466953025263
-1003.1669288724346
-1004.412730480047
-1005.6482166462249
-1006.8556482059889
-1008.0706067337495
-1009.2599563181192
-1010.4728577833517
-1011.6895550820219
-1012.900001294079
-1014.1425407127449
-1015.390895363698
-1016.6444049714405
-1017.8585396062152
-1019.0718084052112
-1020.2861300435105
-1021.5111580162829
-1022.743321443388
-1023.9702556063347
-1019.2503284424944
-1027.1132678916583
-1028.3551120862899
-1023.2837941355072
-1024.50789087725
-1025.742701634488
-1026.97772364226
-1028.236713021403
-1029.4941198154615
-1030.7691851902293
-1032.0206694903434
-1033.2615904570598
-1034.5000178537389
-1035.7356497557073
-1036.9661180300702
-1038.234440291785
-1039.5121931327678
-1040.8034405743401
-1042.0510002947474
-1043.3119592138048
-1044.5708066257926
-1045.8361879553859
-1047.0636907865587
-1048.3208812943446
-1049.6011615167254
-1050.9185507076168
-1052.2069374702082
-1047.1830845974418
-1048.4457151919146
-1049.7165403869112
-1050.9814179856094
-1052.2460257890891
-1053.5281704808135
-1054.8364092560762
-1056.1379718724208
-1057.4243390737734
-1058.6955982383352
-1059.9647107248786
-1061.23487453892
-1062.5278166356507
-1063.82160713617
-1065.128971100561
-1066.4370987580903
-1067.7424671543163
-1069.0396228587242
-1070.310974006087
-1071.5740699086239
-1072.8650793742534
-1067.8936767951232
-1069.2222472600286
-1070.554023439837
-1071.864981412644
-1073.172112339532
-1074.4665016471117
-1075.757826150236
-1077.0519810263906
-1078.3570770271324
-1079.692641900763
-1081.0378924151087
-1082.3588917176166
-1083.6641895393918
-1084.9612388646422
-1086.274840436686
-1087.5765982601065
-1088.9154548317713
-1090.250734780073
-1091.6032245139124
-1092.9418768881899
-1094.2667104994061
-1095.5864229536753
-1096.9013846711512
-1091.9384153799726
-1093.2785837285173
-1094.6339988878483
-1095.9892706184164
-1097.340185085989
-1098.6691551196113
-1099.9977638853993
-1100.9953811355265
-1101.9858161398113
-1103.3305356244177
-1104.7014956760024
-1106.0808928475008
-1107.4282096800828
-1108.7636124466048
-1110.1137551693846
-1111.4578722326057
-1112.790772948332
-1107.8695731409484
-1115.5324276024762
-1110.629370152667
-1111.9907650266016
-1113.3487718102763
-1114.699547202864
-1116.0443187208516
-1117.400493850407
-1118.7782076918495
-1120.1726203210005
-1121.5707263197635
-1122.9217942094272
-1123.957624550203
-1124.9794047522673
-1126.3468482808905
-1127.706678665141
-1129.1015340843069
-1130.4999437595386
-1131.922839361307
-1133.283951550474
-1128.3715473734271
-1129.7409830014471
-1131.1321182334918
-1132.498654121108
-1133.9149136481128
-1135.317474907927
-1136.738041627341
-1138.1249975577484
-1139.164072478461
-1140.190862615068
-1141.5949516519506
-1142.981531521592
-1144.4085004279748
-1145.8218378023867
-1147.255814883574
-1148.6477372136405
-1150.051525647908
-1151.4356799516815
-1152.8434435399722
-1154.2356642786285
-1155.6808864692505
-1150.4770126658939
-1151.569026419163
-1152.9710265451429
-1154.3674953533257
-1155.7675703538514
-1157.1969291240782
-1158.6323072073537
-1160.0610687408946
-1161.5031948761718
-1162.960326551779
-1164.3720452292725
-1165.4298979264122
-1166.4838941919745
-1167.920675054715
-1169.3705464257637
-1170.8264388749174
-1172.2589926220132
-1173.7055759296734
-1175.13280985507
-1176.5687385603792
-1171.7108799769003
-1172.8001384613592
-1173.889263789866
-1175.3544404472455
-1176.822236170311
-1178.2891224627206
-1179.7191819585992
-1181.1566094726636
-1182.5986518390755
-1184.0802144394181
-1185.5504657118186
-1186.6553348166485
-1187.7436171466402
-1189.2119091097068
-1190.6654671381852
-1192.1101582847455
-1193.5588463945517
-1188.7650569507648
-1190.266605836256
-1191.7519022366746
-1192.8506109731634
-1193.940696325777
-1195.4071795563516
-1196.8860535027238
-1198.3664144896084
-1199.8566750049688
-1201.3505786478595
-1202.8494253338567
-1203.9694915293721
-1205.0729973925859
-1206.5319861319633
-1208.0090738519027
-1209.5186299405775
-1211.0444781400993
-1206.2648581318188
-1207.7429926044163
-1208.8606001187104
-1209.9827428763142
-1211.4714305627128
-1212.9717073123074
-1214.4771633013015
-1216.001967963076
-1217.5296325677898
-1218.6450774643815
-1219.7657432589185
-1221.2567666222367
-1222.7653217644258
-1224.2953320685608
-1225.8374866705703
-1227.3656984814854
-1228.881490892309
-1230.0091017920422
-1231.1432235664286
-1232.6594510356151
-1227.9080658330267
-1229.4212984793278
-1230.9696574018053
-1232.127442101428
-1233.2902263137235
-1234.7872262859578
-1236.2979207081203
-1237.832434721426
-1239.407230176951
-1240.954025959124
-1242.106511243953
-1243.2615044828258
-1244.8054074386798
-1246.3483891192654
-1247.8754417538864
-1249.419020708202
-1250.597174519379
-1251.7773895801372
-1253.352610783827
-1248.6057936967031
-1250.136334976407
-1251.6833678909632
-1253.243172735908
-1254.4360067513346
-1255.6125545226566
-1257.1858006074062
-1258.739783128816
-1260.3032991842003
-1261.8563151009898
-1263.033787872994
-1264.1969541407907
-1265.7964665601064
-1267.3889840956797
-1262.6869243883739
-1264.2371490696544
-1271.6928677057747
-1266.5824578698991
-1268.1838697449148
-1269.7760849126053
-1271.3760045725826
-1272.5653200941877
-1273.7478767919995
-1275.3213160584733
-1276.907861415915
-1278.4962879041966
-1280.091270738387
-1281.3030388441778
-1282.5213041922848
-1284.1236208539717
-1285.7022312164852
-1287.2818255323946
-1288.4853178859253
-1283.4302724352774
-1285.0537468528526
-1286.6592862233827
-1288.2574512869567
-1289.4775811276777
-1290.6779024675632
-1292.270625686332
-1293.880201172578
-1295.5262341602574
-1297.172403013909
-1298.373659503066
-1299.5648308290383
-1301.1732058796604
-1302.797156250811
-1304.4292657000162
-1305.6657530748648
-1306.8988006410377
-1308.5367479186089
-1310.1703919640884
-1305.4986703767481
-1306.7157655179176
-1307.9452351716784
-1309.6093573301255
-1311.2631167947625
-1312.9008098913368
-1314.137778731683
-1315.3635198683487
-1316.9868051179528
-1318.6236614035606
-1319.8764601814567
-1321.1457643384579
-1322.8071701873894
-1324.433269718154
-1326.0807496245634
-1327.3265270287507
-1328.5748018792365
-1330.2280603594759
-1325.610464177292
-1333.5818208736184
-1328.5574691859636
-1336.0825209755335
-1331.4292430745195
-1333.098995185762
-1334.3663704832559
-1335.6483537671731
-1337.3409847612963
-1339.0063608941055
-1340.6615644802766
-1341.9276513672555
-1343.1887877837485
-1344.8682590781602
-1346.5572553971485
-1347.843339048574
-1349.1091955248792
-1350.8022804583286
-1346.1709077830096
-1347.8654702895285
-1349.134017201688
-1350.4371703557842
-1352.1550074763002
-1353.8413133407905
-1355.0916097559316
-1356.3596205591105
-1358.052499304047
-1359.7748676430103
-1361.0788289892191
-1362.3541562858902
-1364.063832578656
-1365.767038714937
-1367.063766973889
-1368.3315778131928
-1370.0444243478205
-1365.4838872190403
-1367.2528044697635
-1368.532786156563
-1369.800671834221
-1371.4869966611177
-1373.2188404730673
-1374.532540879555
-1375.846206844005
-1377.610100303638
-1379.3011068417247
-1380.616394537056
-1381.8915093498615
-1383.6296961070848
-1385.3705096017834
-1386.6978209352403
-1381.738473808926
-1383.4986342381637
-1385.1947358014017
-1386.5159796250168
-1387.805218064677
-1389.5801327343693
-1391.337877548235
-1392.656656599526
-1393.9887316967565
-1395.7371409420637
-1397.066298917372
-1398.3269296993933
-1400.1109316025224
-1401.880658167741
-1403.200293139241
-1404.5131471014115
-1406.294092738843
-1401.7641616567203
-1403.0824108460963
-1404.4088310392979
-1406.2280590071543
-1408.0208396302005
-1409.3322915889175
-1410.6379080156298
-1412.4045079245595
-1413.7677558924559
-1415.1375542752369
-1416.9250384336317
-1418.6737426484617
-1420.0286155897475
-1421.3748335932914
-1416.8858606992385
-1418.6567874049663
-1420.0169421268881
-1421.371532677018
-1423.2011784436563
-1424.5341466529933
-1425.8526032522443
-1427.6488890393603
-1429.485030632743
-1430.8690393475604
-1432.2110324814764
-1434.0028020891777
-1435.3527350489214
-1430.443344301943
-1432.262723643373
-1434.0667675942184
-1435.4495896638623
-1436.8115338977352
-1438.6555546703116
-1440.0175202314872
-1441.3311787248867
-1443.167721255313
-1445.0466357742355
-1446.4168966366715
-1447.7975003631861
-1443.3259197775963
-1444.6790178700026
-1446.0595145744467
-1447.907384846832
-1449.7493522587447
-1451.1399028036592
-1452.511086131876
-1454.3802313338572
-1455.737675857755
-1457.122493797734
-1458.9528386163865
-1460.3828933770053
-1461.779944988686
-1463.6558287019627
-1465.4923433373697
-1466.8348125496452
-1461.9562614873619
-1463.8421293393608
-1465.276729938107
-1466.6482858094664
-1468.498375176891
-1469.8853614535747
-1471.3021604435417
-1473.1764370987391
-1474.5827205600176
-1475.9806516937379
-1477.8701923073086
-1479.7524124266033
-1481.1527691476415
-1482.5428073492262
-1484.4384138274472
-1479.6138123280195
-1481.033960800777
-1482.9095156127582
-1484.2925853381996
-1485.7013527381769
-1487.6185999883546
-1489.0324470482287
-1490.4702015082353
-1492.3642050735893
-1493.786412317647
-1495.200232910224
-1497.1010352762344
-1498.5311820828517
-1499.9698739827725
-1495.598650799381
-1497.5167856651415
-1498.946910379289
-1500.367845922363
-1502.2738671897318
-1503.7256552390545
-1505.1815993903433
-1507.1088852168039
-1508.547006939945
-1509.973967777748
-1511.8897743145592
-1513.3515458846914
-1514.8250774351836
-1516.7510057089787
-1518.2085944660555
-1513.3579761587698
-1515.2641799987098
-1516.7220706130327
-1518.1805700432878
-1520.1430406052164
-1521.5754442830575
-1523.0438681659393
-1524.9660248760981
-1526.4214811760335
-1527.8924138928796
-1529.870451455951
-1531.325381838037
-1532.7917777659775
-1527.9572744218522
-1529.4217685953774
-1531.3868744125516
-1532.8476689995082
-1534.3374583832247
-1536.2998540771205
-1537.7745373842565
-1539.2401149037892
-1541.2006944118991
-1542.6819358101122
-1544.1738327590695
-1546.156037839218
-1547.6414405650055
-1549.1196242986812
-1551.085335524131
-1552.5722156459983
-1554.0589972174753
-1556.0815800579226
-1557.5700912099824
-1559.0601291495416
-1554.7366123703223
-1556.23887044762
-1557.730955723428
-1559.2558500832442
-1560.761755517649
-1562.7535508627905
-1564.2364123520408
-1565.7266575809992
-1567.7444043018083
-1569.2574319815008
-1570.7733536264338
-1572.7744699247935
-1574.2733909237702
-1575.7768292095157
-1577.2862769998837
-1578.8019953764424
-1574.5408162390922
-1576.0715071600255
-1577.5769365675974
-1579.5989838033345
-1581.0960671897815
-1582.628760004657
-1584.6686327818984
-1586.1925100477606
-1587.7229581453469
-1589.2181883757564
-1590.7322160848228
-1586.4854443787551
-1588.0380965473819
-1589.579959635866
-1591.615603999427
-1593.1205105081538
-1594.653448873826
-1596.1927962453651
-1597.7398252906416
-1599.8046239741946
-1601.3366697637393
-1602.8821091944674
-1604.9244242483658
-1606.4658098353943
-1608.0130091586989
-1603.2883211735968
-1604.854966989405
-1606.917058783277
-1608.4602668846312
-1609.997090920192
-1611.5586441124012
-1613.1207665728907
-1615.219616936016
-1616.7563560035824
-1618.3145711093264
-1620.3643007297426
-1621.934448778169
-1623.5169584323419
-1618.8143765196055
-1620.3712899241325
-1622.4507773845485
-1624.0076625105905
-1625.5803787217085
-1627.1446437580237
-1628.712643537608
-1630.8221981456156
-1632.4090318497135
-1633.960427953128
-1635.5608566301912
-1637.0951069488417
-1639.1787791236259
-1640.834877602377
-1642.408402341188
-1637.6904193100524
-1639.2618283637157
-1641.37103213751
-1642.988102563316
-1644.5990049959391
-1646.1774156581619
-1647.7625031560374
-1649.8427733367603
-1651.480131929423
-1653.078708603324
-1654.70256712123
-1656.2978303643292
-1652.1439617646054
-1653.7350067091293
-1655.3469202080364
-1656.959591563732
-1658.5743415077275
-1660.711163206695
-1662.3223800797518
-1663.9309301950982
-1665.5372178089954
-1667.1569789098119
-1669.3202256974043
-1670.9293473823225
-1672.547074277887
-1674.1361326950541
-1669.4791935588357
-1671.098189809376
-1672.7215638771677
-1674.9208583536024
-1676.5129910488447
-1678.1521184492642
-1679.766985494806
-1681.3964075237745
-1683.6061071767565
-1685.2413331656498
-1686.8730596857588
-1688.491835143374
-1690.112434445785
-1691.773721411846
-1687.1459848995016
-1689.3378782002321
-1690.9779295715778
-1692.6149545556636
-1694.2556724661026
-1695.8618043869508
-1697.5506282586373
-1699.2145622752048
-1701.3949581541824
-1703.0603907483573
-1704.687146330196
-1706.3471625840468
-1708.024050748696
-1709.709051463667
-1705.045624599158
-1707.2408736459033
-1708.9082920572841
-1710.589614112936
-1712.2804752135708
-1713.9821654180769
-1715.627919428494
-1717.271570103364
-1719.4850425346704
-1721.1768087418895
-1722.843187227539
-1724.5616312493166
-1719.9394786788475
-1721.595672543302
-1723.2482257679242
-1725.504324217527
-1727.2365702923244
-1728.928413897597
-1730.5902569207708
-1732.2484900046204
-1733.9567207832677
-1735.6203829166188
-1737.3468735791535
-1739.0648443182415
-1735.0042535368443
-1736.7171533137525
-1738.3908530723716
-1740.0926850693288
-1741.832485774785
-1743.5402290295676
-1745.2061102859282
-1746.8941929372415
-1748.6085952574526
-1750.318534121844
-1752.0417860700816
-1754.326538713021
-1749.746674475461
-1751.464163407751
-1753.1711333189246
-1754.9407256567422
-1756.6607849244326
-1758.3740918275796
-1760.05996770156
-1761.7797728825533
-1763.5212892455936
-1765.2788797274447
-1767.574092372237
-1763.026183280613
-1764.7155343127179
-1766.4514518451183
-1768.2025142299817
-1769.9624917726744
-1771.6668286709414
-1773.4437999118525
-1775.1501285413742
-1776.8865415309558
-1778.614265025655
-1780.9554761508819
-1782.721484909604
-1784.4690911918199
-1779.922701031037
-1781.6500692318214
-1783.4049114704494
-1785.2020612062954
-1786.9412867077492
-1788.6855206090115
-1790.4164207695594
-1792.1890667533646
-1793.978725970905
-1795.7501225858434
-1797.518073148984
-1799.2388506945908
-1801.0248838868954
-1802.7777661959035
-1798.8651262539083
-1800.612106722834
-1802.3961087680432
-1804.1977599997558
-1805.945307504148
-1807.7127662892328
-1809.5069959973985
-1811.3045002904526
-1813.084661367668
-1814.845455199342
-1816.6339961282322
-1812.1414629079056
-1813.9374760502267
-1815.7221959486192
-1817.518016054342
-1819.275161131564
-1821.063336440847
-1822.8725085513006
-1824.6761733895844
-1826.4718106400126
-1828.2553239303581
-1830.050491446137
-1831.841546166431
-1833.665476469217
-1835.4882823612545
-1831.6031673586986
-1833.3915698814787
-1835.1874864811844
-1837.0098231120169
-1838.8561057885154
-1840.6736421939502
-1842.4745979200243
-1837.9733422379093
-1839.7968882497041
-1841.634984587288
-1843.428911351121
-1845.277078124993
-1847.0721804245748
-1848.8930329176414
-1850.7381809982892
-1852.6024054059792
-1854.4460433036734
-1856.2624516801254
-1858.0705573491766
-1853.6203396571466
-1855.4183128658806
-1857.3373379036314
-1859.2007105485777
-1860.9850033036307
-1862.7997550169853
-1864.6002750953423
-1866.4910286024397
-1868.3210026008344
-1863.8709806851084
-1865.782403139121
-1867.5135051731845
-1869.4007349761973
-1871.247693984576
-1873.1180185480687
-1874.9647435032587
-1876.8437007627065
-1878.66592955454
-1880.5104015087684
-1882.3119206163856
-1877.9579359161228
-1879.847393195794
-1881.7170069838962
-1883.4985450402771
-1885.3924128024805
-1887.2237970032272
-1889.1508842188568
-1891.0389387307207
-1892.884911992453
-1894.708317732645
-1896.6529223242446
-1897.8993133638178
-1893.4911791876941
-1895.3370202420701
-1897.1626491108475
-1899.083054102696
-1901.0129156485182
-1902.8757204309848
-1904.690805208606
-1906.585815590556
-1908.5232517459453
-1910.4134129335891
-1912.2427839895865
-1907.9242436899754
-1909.8381571088228
-1911.7807803598218
-1913.5093447184813
-1915.4827115990754
-1917.3399371347457
-1919.2601649620915
-1920.3130765144574
-1923.081455691569
-1918.6301460076807
-1920.6152100449874
-1922.6004561973245
-1924.5754351647354
-1925.7155822093807
-1927.5379784795737
-1929.497133201886
-1931.5222735725092
-1933.4147398415507
-1935.2364190527899
-1937.2077522512488
-1939.1763489017583
-1941.0359569257016
-1936.6392031989924
-1938.6528249521602
-1940.6217815856978
-1942.4832527812719
-1944.354392278776
-1946.370510494578
-1947.656212262774
-1949.6528682242717
-1951.626149825838
-1953.3990516073643
-1955.4318459839385
-1957.4021877146934
-1953.103776869135
-1954.9012247381427
-1956.9200189228573
-1958.9219237254222
-1960.9126062032706
-1962.8224305926815
-1964.706679473697
-1965.9966499199443
-1967.9798879583332
-1969.9927531834478
-1971.8388196516378
-1967.5676188260888
-1969.5581301778072
-1971.5458220541468
-1973.4633233049303
-1975.4172662841725
-1977.3300466880808
-1979.4265373868036
-1980.7322894953927
-1982.5721303373666
-1984.614716510047
-1986.619368853447
-1988.6374525239123
-1984.2838125256917
-1986.2293830719289
-1988.1688397568223
-1990.2439705388174
-1992.202163609746
-1994.1349395255074
-1995.4585857924078
-1997.481795554095
-1999.5079135622072
-2001.4164111696991
-1997.1465713702437
-1999.0621278400752
-2001.177716179685
-2003.1605309547444
-2005.154882778936
-2006.487517289843
-2008.5123361993396
-2010.511745476173
-2012.3684703161919
-2014.4391303152336
-2016.4025413148624
-2018.528876810162
-2014.2462394442027
-2016.326838627702
-2017.6693015831443
-2019.5880384925692
-2021.5528761256678
-2023.5285530889612
-2025.6073345838722
-2027.6840243747433
-2029.7287890457374
-2031.066870616576
-2032.996556360364
-2028.757791041574
-2030.8033302116962
-2032.8008621685724
-2034.8539019549848
-2036.9033010589094
-2038.9433354678054
-2041.0098779598509
-2042.3128840128354
-2044.3444867737217
-2046.4613435987535
-2048.4596593895394
-2044.2156521080308
-2046.2057804591952
-2048.2852552851673
-2049.660876222599
-2051.6971760989295
-2053.7243939740133
-2055.807540390155
-2057.8591452886576
-2059.227210028076
-2061.26203849841
-2057.018472798328
-2059.0565123366387
-2061.1416755138885
-2063.2165772033627
-2065.283685111492
-2066.6688856329774
-2068.714719829974
-2070.77211763967
-2072.8513888220477
-2074.9434219640398
-2070.740357352736
-2072.8198472615045
-2074.1758419824037
-2076.252064523624
-2078.330315584038
-2080.380546640534
-2082.4475976465073
-2083.8191026893182
-2085.8870286384767
-2088.0468806388526
-2090.1122496226803
-2092.1865396393437
-2087.977962291692
-2090.066016480358
-2091.476182651427
-2093.5688223143325
-2095.657034779081
-2097.731353635596
-2099.8011180656413
-2101.1886960444326
-2103.293682648729
-2105.4175775609083
-2107.509688525975
-2109.6116769287937
-2104.7456561744016
-2106.840796334908
-2108.9431141382256
-2111.0224421295334
-2113.1237259358977
-2114.539605750367
-2116.669527162515
-2118.808664362575
-2120.9176136141155
-2116.746842518655
-2118.8625744770984
-2121.0000080473096
-2122.396900444077
-2124.5103070340565
-2126.648788861809
-2128.7765947283397
-2130.912391946209
-2132.354538663989
-2128.199813062155
-2130.3034353899043
-2138.71081846311
-2134.5771869898363
-2135.9914223974474
-2138.168477832203
-2140.2848736293404
-2141.6974003670734
-2143.8323258102655
-2145.988626814027
-2148.1588633938773
-2150.3188319601095
-2145.446465563141
-2147.6052626342794
-2149.743972824638
-2151.9030664993834
-2154.0535326306813
-2155.4861685839014
-2157.632388367657
-2159.8245703729012
-2155.72445192425
-2157.8869557616877
-2159.340640084159
-2161.4740417265766
-2163.643479006736
-2165.8191989834563
-2168.000908299683
-2169.4576646612745
-2171.642785348302
-2173.822773612445
-2175.256847621163
-2177.4550302934676
-2173.301494482497
-2175.4682935966716
-2177.669796829065
-2179.111799082192
-2181.348423371798
-2183.540470943326
-2185.7251095910306
-2187.881518100498
-2189.3694543873353
-2191.5577361031246
-2187.4565380731956
-2188.932077470619
-2197.4350832049417
-2193.3592150689033
-2195.5933412812037
-2197.7965056486573
-2199.2546253492596
-2201.445112037596
-2203.6429726500555
-2205.108989294904
-2207.345823217373
-2203.258431664455
-2205.4801792826597
-2207.708255756693
-2209.2033019562573
-2211.3933867050564
-2213.604288701575
-2215.089294923995
-2217.317018282214
-2219.555926515135
-2215.523442295136
-2217.7486884582645
-2219.234141641483
-2221.4670051427725
-2223.615717733462
-2225.1821769085072
-2227.4229958974943
-2229.6674949500925
-2225.6323209329157
-2227.9029840304274
-2229.4077544516094
-2231.6491421484097
-2233.8718117597205
-2235.358044793847
-2237.6252469549095
-2239.8752703950245
-2241.325189688311
-2237.3122598774735
-2245.8804641844545
-2241.8948445080737
-2244.1019554570057
-2245.67985804486
-2247.9195626660153
-2250.1592025834466
-2251.6718274806126
-2253.9353115296512
-2256.199572576992
-2257.7232668805486
-2253.7376690617393
-2256.0573223095043
-2257.5686801279135
-2259.836896170107
-2262.058026189319
-2264.3512426396082
-2266.631590960275
-2268.193884811612
-2270.439388021992
-2266.433146782935
-2267.9650602985166
-2270.328954509284
-2272.631676614846
-2274.1455250996646
-2276.431678955784
-2278.675254265644
-2280.2184858233404
-2282.554753887946
-2278.518810084702
-2286.387318492911
-2282.4316747681246
-2284.7793817182387
-2287.1090273264513
-2289.374851742347
-2290.9101463332922
-2293.2024848153483
-2295.5217039277827
-2297.089594188338
-2299.399474340688
-2295.4512633895833
-2297.0295698273126
-2299.3757764709844
-2301.708145307677
-2303.224041661295
-2305.5515424818113
-2307.876973932375
-2309.426734422685
-2305.4706011310122
-2307.8045894448937
-2309.395811282334
-2311.729493700474
-2314.082494356292
-2315.6346890679783
-2317.981424344195
-2320.3345169204267
-2321.9002174781285
-2317.947363233362
-2320.277138341156
-2321.849122424598
-2324.2585533300744
-2326.615254039633
-2328.182795459389
-2330.545003825421
-2332.925226667658
-2334.5031687096816
-2336.8544339714936
-2339.2043742375
-2334.517330955949
-2336.868187277263
-2339.2400160291177
-2340.811220193011
-2343.1844000328883
-2345.583959519316
-2347.2207292722346
-2349.5763591424625
-2345.692095896433
-2347.279436492715
-2355.970134151566
-2352.075189737083
-2353.6220587195107
-2355.9905867201915
-2358.3715565048883
-2360.0180300825295
-2362.4225372605174
-2358.5066817293114
-2366.4277148194724
-2362.5515562852893
-2364.9559197721746
-2366.5706684339375
-2368.945429733886
-2371.3384274558034
-2372.9581645682174
-2375.351845158508
-2377.7687163953606
-2379.3471948110587
-2375.4483593961018
-2377.9335825257194
-2379.606256388044
-2382.035949568066
-2384.3936568335725
-2386.0556630033293
-2388.4976383545954
-2390.925779653419
-2386.230943865046
-2394.14004849075
-2396.5442087730275
-2392.6879634607276
-2394.3352433173995
-2396.782320896518
-2399.2198442279678
-2400.894718288468
-2397.0720287096387
-2405.769307426611
-2407.3934990657717
-2403.5496790200154
-2406.005185428523
-2407.617480903469
-2410.0541740807635
-2412.5288587596892
-2414.1779788047093
-2416.6485146530367
-2419.1265648307754
-2414.4692860997397
-2416.1931123545933
-2424.9281255073915
-2421.107693651061
-2422.7382400289184
-2425.2097754650963
-2427.6603686265603
-2429.254979027917
-2425.429622909409
-2427.918717142232
-2435.858668109546
-2432.0444705064338
-2434.533156727707
-2436.1961793517135
-2437.916575077622
-2440.4133660671523
-2442.8946658312047
-2444.552037349244
-2447.03839274647
-2443.250008368984
-2444.89927060605
-2447.381985205819
-2449.889129619801
-2451.5582736020237
-2453.208331417234
-2455.7586361814065
-2458.2565884090236
-2459.933458839774
-2456.193720673199
-2458.7114952934608
-2460.363866680945
-2462.851210911242
-2465.341746191164
-2467.0065156073833
-2468.692774906473
-2464.960636332152
-2467.4150811156887
-2475.3976824906276
-2471.6820642328657
-2474.2634727990326
-2476.008521266313
-2478.537826568636
-2481.0568979876916
-2476.4632338271076
-2484.4089289906815
-2486.9240519243226
-2483.1358129004752
-2484.8214679511225
-2493.5883287025154
-2489.8249949023225
-2491.5230175260654
-2493.216761148989
-2495.7565294785873
-2492.091324699951
-2493.780847337651
-2496.36821050499
-2498.9639136637797
-2500.7225939630293
-2502.4308314176637
-2504.9602355336096
-2507.4982697068604
-2502.9000194608316
-2505.471789562868
-2507.9960881844913
-2509.6766689126944
-2511.4021658269503
-2513.9072200706455
-2516.470899493537
-2518.1833809645796
-2514.4125484730203
-2517.00890224734
-2525.0564290038246
-2520.5060884393333
-2523.0809017000306
-2525.745493314375
-2527.5252417431698
-2530.1238409134003
-2526.4274140799207
-2528.168620203512
-2536.1549157243585
-2532.460058402847
-2534.9936088499107
-2536.730528302591
-2539.2463006800344
-2541.7833495046834
-2537.211617752051
-2545.2398977110547
-2541.5184996374146
-2544.121747105813
-2545.904868389434
-2547.696563186386
-2550.31278244526
-2552.984726169476
-2554.80883227617
-2557.4698006793014
-2553.763980324108
-2555.503369022635
-2563.5293231055844
-2559.8253212333316
-2562.3641571443573
-2564.0583915227744
-2565.825276603591
-2568.391971213083
-2564.686459541845
-2566.443300421935
-2575.3827761874727
-2571.73557600111
-2573.531509388883
-2575.3389041627042
-2578.1060046518674
-2580.730232319806
-2576.3245454582348
-2584.3608122344435
-2586.9804940390877
-2583.256414080295
-2585.0057565008897
-2586.783034865215
-2589.386955121553
-2591.9646210196606
-2593.746292153873
-2596.37063101948
-2592.758369944562
-2594.5014459987924
-2602.5092158419293
-2598.873744145356
-2601.5513288644056
-2603.298320494732
-2604.997719621547
-2607.630455948649
-2603.92254003652
-2605.6625309922815
-2613.718596700153
-2610.0712070786153
-2612.6791651748727
-2614.3426457440605
-2616.0561517057017
-2618.539532222682
-2614.9005946440902
-2623.010493755528
