1.0982779618275715
-1.5915001601571326
-3.121774843707384
-2.105890525605159
-2.2709908943951396
-2.2493466154550026
-2.301860441300175
-2.3687029325130373
-2.3654682823728317
-2.3740404248247144
-2.2783704924314874
-2.3169996684668437
-2.3144894053823095
-2.347902318178395
-2.351770265221689
-2.3259840843271804
-2.3580719319951466
-2.382612852312031
-2.343835424091601
-2.375322446326222
-2.378671040359643
-2.369882331434137
-2.366506047903042
-2.3991176103852485
-2.4779973013666705
-2.47141750151587
-2.49576185291484
-2.5407832740936467
-2.561982299153029
-2.556821321055395
-2.480094869420333
-2.4949855617471544
-2.5124945886715135
-2.530555425330163
-2.542173523473524
-2.5498039873357423
-2.5712239321622734
-2.57243627484195
-2.5767652509720573
-2.582587918352064
-2.596904541372845
-2.6145709847599865
-2.6387665007015024
-2.6994151381288396
-2.7213716157909515
-2.7334135974947773
-2.7577211628824654
-2.7878182326291756
-2.7957647239056453
-2.8065087551483794
-2.8065715616142666
-2.838407505099971
-2.8559469626038814
-2.8679936995520445
-2.8931561104748362
-2.9265807244429625
-2.987444112253898
-2.997189775271053
-3.0174003979159436
-3.0490863116512488
-3.0898564370379784
-3.110307107661605
-3.1387298296279247
-3.1340287941939953
-3.1600280131139105
-3.1746831633719754
-3.193737696328146
-3.231102234598008
-3.267858417344074
-3.361678132227463
-3.384135162165042
-3.4078109994038304
-3.432989481018939
-3.4731835899211316
-3.512380124334723
-3.4876451187980795
-3.523320871963825
-3.545923966498843
-3.5722782276282348
-3.6098088026525232
-3.65211775181874
-3.6819659636697835
-3.781891169614521
-3.827092203992797
-3.8661250879999183
-3.7878927615831866
-3.8249409415083107
-3.87155060204637
-3.934963176891508
-3.9676383167975557
-3.9991320657501284
-4.036075402839721
-4.083602089353298
-4.135604715532373
-4.176836194633837
-4.174256955805901
-4.210833348943101
-4.252533825281163
-4.293267085043604
-4.331845313105781
-4.377337543837671
-4.422260812536789
-4.4820761254495265
-4.514334352006635
-4.54903857520192
-4.597960657773687
-4.645684085935996
-4.717087714276508
-4.7590301196999185
-4.80452653994352
-4.85122297282018
-4.9004037832941885
-4.95595064529148
-4.999702965235801
-5.0110671329206244
-5.06222578204414
-5.115111394416772
-5.1605630113315435
-5.212000633360277
-5.267087100622548
-5.3479438140187785
-5.39303997380089
-5.4391756617094025
-5.4882902195487615
-5.54695646731613
-5.611238636626915
-5.672315082105934
-5.681369320878171
-5.723463040240008
-5.778019119505064
-5.843625389745996
-5.903997778769918
-5.95603393311507
-6.036644891235979
-6.093872414315976
-6.154953097860028
-6.206427432453976
-6.258224387686721
-6.325454638330933
-6.388207729047313
-6.408754148210105
-6.467348098432738
-6.535436746956231
-6.597250601789601
-6.654895030365064
-6.719171700270132
-6.809017258393718
-6.8672422773557855
-6.902807232225644
-6.96831297671789
-7.028510605806276
-7.092642679745543
-7.18419655895224
-7.253847513173219
-7.3158699007280745
-7.381097012336148
-7.444831428523528
-7.508535847662064
-7.5769970101956
-7.617108972261972
-7.677614234992144
-7.748905793891758
-7.823005013836409
-7.892992914805754
-7.9611616092122865
-8.056022963735215
-8.12337375939639
-8.193060125753371
-8.26661893561877
-8.33556093406703
-8.406227148152494
-8.474642433929063
-8.526644780156321
-8.59916434645686
-8.672303038055079
-8.751135536160932
-8.8258100261964
-8.90041107054082
-8.994794974945828
-9.064673434668192
-9.138140997016883
-9.222596717572369
-9.30533516781245
-9.381858882535367
-9.455430347691347
-9.536372502681141
-9.614347230486516
-9.693869869342835
-9.76778164043267
-9.845354549257394
-9.921972725225087
-9.981526651406762
-10.064202901271116
-10.143165677419484
-10.228077146027236
-10.31446773294398
-10.404347754249047
-10.510974255814464
-10.58977454552729
-10.67599337968859
-10.757529895912977
-10.83130662157907
-10.916916466133674
-11.00994407561033
-11.069953190484217
-11.159513570769953
-11.255275664686561
-11.341972122019653
-11.42352332361138
-11.512828144219402
-11.603871396233094
-11.709723953747464
-11.798363313979891
-11.892572793286696
-11.979253460067548
-12.064134589971479
-12.158887885700626
-12.258903677165774
-12.350388847317333
-12.444816254070128
-12.541950074761374
-12.634209766466912
-12.720450538940742
-12.786723962574225
-12.882718610847974
-12.976151209658303
-13.072534562261398
-13.168279210831628
-13.266726951009549
-13.367007835878276
-13.489636662963484
-13.584195226895135
-13.67621967998118
-13.771897354766917
-13.877665784801618
-13.981476165589974
-14.072871433107013
-14.151207459383313
-14.254913613843724
-14.35678675860542
-14.464789461898002
-14.565497472089714
-14.66258504734246
-14.76255339507248
-14.863893144551808
-14.970943328028866
-15.069533017483424
-15.168159107861367
-15.277978838090348
-15.417046871394357
-15.525583097237094
-15.618750435013913
-15.72850299297637
-15.845116569708798
-15.962592587655314
-16.05469001024135
-16.135615558812113
-16.246722586322367
-16.357843300306453
-16.46665032002718
-16.570488074238103
-16.67800689696036
-16.821662877047952
-16.94645663458482
-17.050419746115217
-17.152974424013564
-17.243267359443113
-17.36334601247223
-17.496523325877387
-17.599617810276463
-17.713998921628615
-17.831882702284556
-17.960723251628732
-18.072352791998306
-18.180976013924166
-18.27314771656864
-18.394296697170272
-18.508255518721967
-18.627503906426305
-18.74998463197745
-18.861321768480312
-18.97694338057716
-19.11445125050321
-19.230807476928007
-19.358097054475035
-19.487960293672035
-19.623018686677614
-19.737457587983528
-19.85608425661854
-19.9701074495028
-20.095724697929732
-20.165390578996927
-20.35383682040204
-20.41237777085364
-20.56553554630556
-20.69304227302061
-20.813178086998267
-20.93259340486251
-21.063481242961934
-21.19831341440376
-21.323579198264902
-21.476335293852536
-21.604751446738778
-21.737646929711026
-21.86399100063374
-21.979983628175834
-22.104638099493233
-22.239598630722934
-22.370736686738894
-22.509902985959176
-22.63919930251552
-22.77408018652011
-22.899452998651586
-23.02833588933168
-23.144818946422276
-23.280903558457723
-23.41133193948859
-23.54222998462858
-23.68061910255231
-23.820879349997245
-23.924696683513663
-24.057324679451092
-24.253700779436947
-24.40246060753699
-24.531380812386743
-24.668526142686908
-24.800205839883564
-24.93230100161432
-25.069779432734872
-25.199900442997404
-25.341481700995175
-25.49537270243549
-25.634518123023625
-25.75099266176041
-25.88609426226231
-26.031497783193842
-26.180705635612323
-26.325241759385673
-26.46865834344842
-26.608635918847227
-26.79364892302775
-26.932287121338224
-27.067523426594487
-27.20575739207223
-27.351904730028597
-27.51109451713817
-27.652419497119745
-27.752948478471122
-27.94144034234644
-28.089081170707775
-28.23894257343572
-28.390310099805546
-28.533710203400474
-28.669200920351773
-28.82248654286359
-28.975906784971443
-29.12832154035079
-29.27555976717603
-29.42336245207126
-29.58151541369794
-29.73224220169225
-29.879932530776596
-36.309969617041915
-36.47240864754992
-36.63372389193598
-36.7857991397744
-36.947342577291685
-37.10836989189295
-37.27104349510082
-37.42312376062711
-37.582469565450054
-37.73988231392848
-37.893241981570974
-38.04328115756651
-38.20366558983653
-38.36457129768606
-38.52410031811464
-38.69185842950155
-38.85608488919651
-39.01088319514726
-39.168985353580986
-39.32836902307181
-39.49075368652603
-39.65837119423771
-39.82339260149607
-39.983538608896616
-40.139974903357064
-40.30034499702652
-40.46921052209655
-40.64229825125185
-40.81777932117203
-40.97764139236186
-41.14683810219576
-41.32874403836769
-41.490203364046
-41.66582950943559
-41.83425935314308
-42.012371230437516
-42.14893481004449
-42.319264839066264
-42.4925938823964
-42.663560171281716
-42.83772792907681
-43.003701064226526
-43.17862344121924
-43.35692581470621
-43.52269925181604
-43.700746188085986
-43.88912563874533
-44.05809155814225
-44.229294515235104
-44.43176262627273
-44.603899019227946
-44.77831865038474
-44.95075565514477
-45.13080163483736
-45.3155706292789
-45.49338857229941
-45.6437536189891
-45.82320720406329
-46.00669002750983
-46.192441885992885
-46.3727577466938
-46.547929384738225
-46.73285286029243
-46.917716460934564
-47.096842886183644
-47.28052846364428
-47.46853461400584
-47.66253567163041
-47.84289939929464
-48.03429898501346
-48.22743517713795
-48.41130687830291
-48.60699401683912
-48.80017113147177
-48.97476477044493
-49.16392737472185
-49.35373977584362
-49.5449120177563
-49.73206448036593
-49.93329771246914
-50.12114631099027
-50.32491861459512
-50.51375139623862
-50.687555532910146
-50.87062519419719
-51.054880636494694
-51.257636215039014
-51.45950441119598
-51.64822477345216
-51.830249086066694
-52.02921577373005
-52.2420400967801
-52.438181855222204
-52.62775477014377
-52.835401889767
-53.05154801246035
-53.2551610350512
-53.44549868492902
-53.64939018832048
-53.850043503087356
-54.051185635882085
-54.2549246568113
-54.45004972912951
-54.64737962038964
-54.862134102558
-55.07682732525377
-55.28962671920203
-55.50937984946529
-55.714908623434034
-55.90462355157985
-56.12688779288717
-56.33361603794114
-56.52981870257175
-56.745176936932744
-56.970015291617266
-57.182007440816335
-57.387243573581685
-57.60051400114234
-57.826662262885314
-58.05473388430405
-58.26140521110661
-58.469375338368984
-58.70242291239779
-58.937606302261266
-59.15387128272825
-59.35629801145246
-59.58804254188008
-59.8292483530077
-60.04987233231703
-60.26660975117689
-60.49312456273879
-60.732295900512185
-60.97646766379974
-61.20144347833505
-61.42553603587298
-61.672210194605505
-61.91764801058405
-62.160152393991524
-62.38330869249174
-62.61776133527871
-62.85500847633907
-63.09621264790351
-63.36462842058543
-63.61445895712022
-63.83309349929618
-64.07799469627662
-64.35149048872445
-64.64890609533045
-64.859684775933
-65.09656946884787
-65.3702873563535
-65.58139570657443
-65.84802989173421
-66.09297726561309
-66.34022730908622
-66.60873620500087
-66.86195501247545
-67.12601769500567
-67.30716077002565
-67.63156508108057
-67.88850663926458
-68.1417547857294
-68.40023828879076
-68.65752875552954
-68.90953577822596
-69.15595307190323
-69.41931503045024
-69.6851186380012
-69.93507216420988
-70.18145787918947
-70.44724946756608
-70.6988675230158
-70.97452994922077
-71.227960288453
-71.48108529313689
-71.75323998877545
-72.0022024395359
-72.24100442604555
-72.5058408715007
-72.75973491045707
-73.00412351511504
-73.24700990865642
-73.52333935315063
-73.77010090976492
-74.01931652183917
-74.28522854703321
-74.52097482039431
-74.76763194844662
-75.04385523350324
-75.29863961780836
-75.54328420695194
-75.79340511559427
-76.02602870909897
-76.28269308853817
-76.54083010962951
-76.79128975270683
-77.04025153637194
-77.29381377564245
-77.55920499968568
-77.81724749211514
-78.0674356407726
-78.31350580425477
-78.57689482081938
-78.84959153317477
-79.08771161514049
-79.33213345014154
-79.59220916079674
-79.86615408866626
-80.12384326518823
-80.36531678599702
-80.62101797034157
-80.89193817004268
-81.14542527243063
-81.39108383616644
-81.65039438545426
-81.91308985948015
-82.16280841837643
-82.41429379461317
-82.69077501495187
-82.95895753644402
-83.203849240883
-83.4492218252744
-83.71150996233561
-83.97061036164729
-84.25354608101371
-84.52487290800178
-84.77832504935955
-85.0369350538067
-85.29358519092834
-85.55470809750489
-85.82381438530332
-86.08911170484423
-86.3449742387909
-86.61279231033518
-86.88236451553446
-87.14735346773398
-87.41478852980498
-87.689378492749
-87.96202118016654
-88.23398580880297
-88.50982841187962
-88.76879746691559
-89.04585447630551
-89.32639957332374
-89.6008870440811
-89.87485546749645
-90.16007217409674
-90.44512305211617
-90.70932182005953
-90.96855572557558
-91.25259463808956
-91.54473963355706
-91.8020362330092
-92.09390168803999
-92.37149282713494
-92.64594580811544
-92.93448773837515
-93.23174321715736
-93.50903646134212
-93.78813341631286
-94.09082079600384
-94.39093999495596
-94.70074904214862
-94.97087333743542
-95.27869928191298
-95.58446960860836
-95.8893530291157
-96.21417649173983
-96.51178524658752
-96.80273286081355
-97.1285659221649
-97.43113606426051
-97.7571697227524
-98.07445753371404
-98.39748209198585
-98.72173001105364
-99.02310215464055
-99.35743779806975
-99.6853496486265
-100.00225400829233
-100.321198446281
-100.6379708849343
-100.98276054212951
-101.26875085653967
-101.58295674445677
-101.89628467764584
-102.24418843851021
-102.59620872314547
-102.91284527210377
-103.20196605803365
-103.51948220391314
-103.86132560433096
-104.17479339966086
-104.50292990612301
-104.80020316303546
-105.12382611484647
-105.47165485899474
-105.76799809807159
-106.07785609582697
-106.39863191052348
-106.69263883993469
-107.00453007348716
-107.35165872079783
-107.64256897236436
-107.95280350941596
-108.29977081845517
-108.61101975091347
-108.90555575490885
-109.20013664773398
-109.53317196321703
-109.87616936461033
-110.1785399055325
-110.47398398328271
-110.7928058796265
-111.07252924145206
-111.37993246158331
-111.72535599390336
-112.03252437519193
-112.332582578709
-112.65463804299989
-112.98593270825876
-113.29964342626336
-113.61147616015128
-113.92024842583403
-114.22858398532772
-114.54177526656561
-114.85107806410726
-115.1645125216902
-115.49533250726122
-115.83849160983401
-116.16147985092388
-116.4816387269564
-116.79286197400974
-117.10592245006183
-117.42305037635612
-117.74763204927739
-118.08307377167051
-118.40468392506259
-118.65921089870986
-118.98401486996902
-119.38533899718917
-107.15514741481127
-120.05158379220836
-120.34964748657251
-120.61051017629397
-120.98240263703767
-121.33456170129853
-121.66203696237666
-121.99994650005164
-122.34316387663307
-122.69985109551428
-123.05676123051856
-123.40120501263613
-123.73090033979449
-124.10401233593278
-124.46532665339139
-124.82335227265884
-125.18920215315065
-125.5391548700397
-125.87014424379421
-126.26539213924488
-126.66687540558613
-127.06287301890735
-127.4297518707581
-127.76293135518205
-128.14935396643182
-128.5507474574565
-128.9223809376348
-129.2629718455338
-129.6495793157628
-130.03013871177853
-130.39936466671213
-130.74188748319608
-131.11563655312588
-131.47253763222704
-131.82668125215034
-132.21272961183843
-132.57026389331483
-132.9008369507755
-133.33641759022643
-133.6951283458054
-134.04244866824462
-134.3683347160159
-134.7449055500767
-135.08591531450855
-135.474183464891
-135.81580633114126
-136.19770823164419
-136.55429660494724
-136.90325650660938
-137.25603902407764
-137.551415314422
-137.9538098372572
-138.30176333550602
-138.65361764316918
-138.99400890151497
-139.35065461795722
-139.70961233888767
-140.1073109679463
-140.46278529618607
-140.80874943157332
-141.17144241963814
-141.5015769427771
-141.8597220306389
-142.22888071173577
-142.58847279099956
-142.96204760105496
-143.32818682520295
-143.70086787496112
-144.06790849524907
-144.45046838900905
-144.78872881159472
-145.16133454308283
-145.54288053653156
-145.92105220146084
-146.31390818061953
-146.67269062186972
-147.0521052369468
-147.47946449689195
-147.8059803386603
-148.20853108590373
-148.66838253038378
-149.00853050242884
-143.14966799838948
-149.79895751511785
-150.38497199251464
-150.56479485794753
-150.52109229722407
-151.37332592796332
-151.77468448643344
-152.19083059910736
-152.58626467296813
-152.99179328994683
-153.41742812679874
-153.78743577945562
-154.12992265745828
-154.58548907366693
-155.020869588288
-155.4024457804386
-155.7711558700467
-156.1424401365915
-156.5522335452504
-156.96246444565833
-157.34065949831503
-157.74511620687713
-158.11429095667515
-158.51464121084203
-158.9381606982702
-159.28492428145924
-159.6641857848376
-160.042756999877
-160.42229629451163
-160.87542792223732
-161.30345710453187
-161.69381890461636
-162.02870893632755
-162.41348132753413
-162.91122470985886
-163.18212711510407
-163.62997782803322
-164.02248080820112
-164.4406048294862
-164.84682534933367
-165.34325329637673
-165.73746691577503
-166.02876052009753
-166.42732991623188
-166.87031150390996
-167.2709032053889
-167.61630066279213
-168.02243518831153
-168.43488652342407
-168.95439247757776
-169.35868542270043
-169.70267214004005
-170.11602029836536
-170.498829217578
-170.90909837125966
-171.32361241323838
-171.74443308960832
-172.16576891044815
-172.58130599755506
-173.05727519413935
-173.54711898270892
-173.85858203209912
-174.29106296484815
-174.71941095437415
-175.14656442916672
-175.55563434401836
-175.92466057495196
-176.36923848313307
-176.7964401255825
-177.22075067336436
-177.65859782091178
-178.1023532697479
-178.54303228915924
-179.00937803101417
-179.42261301821367
-179.8372145648056
-180.2149314571448
-180.64928808528444
-181.0946696824518
-181.6318229059521
-182.0161983276391
-182.49437299919006
-182.80126568965025
-183.25726860556355
-183.7094459104522
-184.1567574355131
-184.6104734009057
-185.03708473235014
-185.43733168334714
-185.86964552150587
-186.30864115530173
-186.72441677373595
-187.11881492470445
-187.61109417005144
-188.072856995752
-188.5304800944597
-188.9201389549115
-189.31393852646573
-189.7691150063121
-190.22008531235147
-190.69329016297618
-191.09560922239487
-191.5558551790721
-191.9358900886334
-192.3133515629703
-192.77843554687703
-193.24881765988204
-193.70694028576656
-194.1672414795185
-194.64127299443962
-195.08613715930727
-195.45083080488916
-195.90907992753336
-196.40385662225162
-196.8470911132896
-197.33498716517835
-197.774769293712
-198.20250032844942
-198.65564109538215
-199.10146616004033
-199.60281498221465
-200.05176259776178
-200.50305188133646
-201.0045213934518
-201.45124559213548
-201.8975547071757
-202.28648225467725
-202.83101587640968
-190.73293587743217
-203.7278208641735
-204.2396502625033
-204.41780024272265
-205.1634998294158
-205.6277858342269
-206.06801819113278
-206.58030262156217
-206.99805588184122
-207.50410950654023
-208.04852708608522
-208.4149594325555
-208.8770467979484
-209.3317255509084
-209.7834017305789
-210.23972379627912
-210.70800305370838
-211.16439074836424
-211.61574551848202
-212.06679752582366
-212.5233151272422
-212.99996527125006
-213.4676428137337
-213.91891972061026
-214.57704378952792
-214.99370166439692
-215.28108611198527
-215.91803313091742
-216.21384434873065
-216.68342167838168
-217.17190096256826
-217.7656900008414
-218.53010168090952
-218.69099036313133
-219.13123373539983
-219.57423153514762
-220.1284723041422
-220.89429328892845
-221.1389012824752
-221.60516101450605
-222.05378927825035
-222.5991687534224
-223.0660502205097
-223.6244988161225
-224.0584028623544
-224.5745663150449
-225.07000526172916
-225.52620046268947
-226.0161855869614
-226.62642993626582
-226.9687342315076
-227.46204953524133
-227.9636614102267
-228.3960430270598
-228.87544574814277
-229.37381937104385
-229.81288082566346
-230.28118384483824
-230.7923065256173
-231.22927011753615
-231.7113536679389
-232.22888878101696
-232.6684867132373
-233.17599183428513
-233.6765917229705
-234.12669165962976
-234.57178854115892
-235.0810329535106
-235.60577468548448
-236.07804237719589
-236.54643798611045
-237.10191011950337
-237.64436585561788
-238.13672078092898
-238.63023683315026
-239.2020761934425
-239.7678829089375
-240.28193146647385
-240.78607183022376
-241.36319195161224
-241.92449579911818
-242.49219206991197
-243.07181571058706
-243.41629836222043
-243.9707278531409
-244.49335227071342
-244.96816810658393
-245.45752366371573
-245.93167737148647
-246.44790012456403
-246.97573156052948
-247.44487211486313
-247.91129472744848
-248.3758516340695
-248.83830633431833
-249.30270456373856
-249.82342767310004
-250.34948132150282
-250.82757716879993
-251.3067216494598
-251.77649294723653
-252.05928989854704
-252.81927273691363
-253.29182096004124
-253.86730914272871
-254.38453763082637
-254.9833600594739
-255.46043820348743
-255.9848031980588
-256.54164467005154
-256.97128389439223
-257.8867073780612
-258.2310878197917
-258.86838908505825
-259.59274308861694
-260.0264739675211
-260.56969828310076
-261.0985180974853
-261.6221012275019
-262.13997900648604
-262.6493734162583
-263.1431327830515
-263.6295287185159
-264.11888029607485
-264.6234406754569
-265.1192974574222
-265.5950795822943
-266.0690003190692
-266.537647336143
-267.02711178304367
-267.5311602800635
-268.03670068953073
-268.54098936628753
-269.04846362515485
-269.55779304388585
-270.0876602857245
-270.6217425400476
-271.17439197867697
-271.7577852456203
-272.3474521007655
-272.93650964937143
-273.5709040354873
-274.1722304408286
-274.7959054815096
-275.4031024393511
-275.9940227149714
-276.5950989724623
-277.17482945195957
-277.7397696107353
-278.2906869593532
-278.83414148157556
-279.37452704368604
-279.90435096529745
-280.36998633565275
-274.5530297614907
-275.07437875193193
-281.8801068341887
-282.39752382786196
-282.90994913629555
-283.4399663520586
-277.69087548805845
-278.2342861740706
-278.77722522006394
-285.59970474335586
-286.0715458149917
-286.5673994680843
-287.14461448205327
-287.73820126015454
-288.3514048403112
-288.99280963515696
-289.6380275230379
-290.25892323144774
-290.83593682244685
-291.41505213838656
-292.0402847920351
-292.6497545106787
-293.2589611393926
-293.86870192543364
-294.3846035618008
-294.8800838229285
-295.44619543096593
-296.02812075943416
-296.583570122066
-297.1238505152731
-297.6048563247046
-298.10108106008715
-298.66287800015635
-299.2285796699666
-299.78886892546427
-300.2801764597929
-300.77996571915634
-301.3690035402151
-301.9506753196843
-302.5387265530555
-303.1058370004398
-303.6531335787517
-304.3066926641543
-304.9533907849273
-305.5493147592378
-306.1442617424141
-306.8057978756384
-307.4658660078545
-308.03593674517236
-308.6434746670209
-309.26144384273573
-309.92080636527874
-310.458322488233
-310.9681803349691
-311.54496759894863
-312.145059807946
-312.6616902160522
-313.1724386300257
-313.7674084153801
-314.3622975045413
-314.8698522339503
-315.38531252022176
-315.9874546833943
-316.5377608205925
-317.0839785505215
-317.68427728604354
-318.2711863088988
-318.86060157655214
-319.54775388503236
-313.9513314308204
-314.55817484685605
-315.1654196448771
-315.85610827925996
-316.4554808720931
-317.0572213051669
-317.7298799680909
-318.300095439016
-318.87744963628904
-319.5102186866768
-320.05630485679984
-320.60290333908216
-321.14759764346235
-321.68947706588455
-322.3086888049269
-322.8617743848685
-323.4189634058804
-324.0695792539274
-324.6365829818285
-325.21284282207597
-325.88764918203844
-326.4688876069434
-327.0698564045665
-327.7039167907071
-328.3431949809232
-329.06419718696884
-329.6607545813347
-330.286375597483
-330.9214097177456
-331.5153634084203
-332.190086274093
-332.7836727853371
-333.3873879276974
-333.9754557481106
-334.5506190799035
-335.12269964746315
-335.7021790132749
-336.356482296323
-336.94052895753805
-337.5152003288493
-338.0942997800193
-338.69084395755505
-339.3012531140355
-339.92353586792063
-340.54623602513504
-341.17381657564107
-341.91005090833664
-342.55317253223296
-343.20968022398677
-343.85832388148737
-344.5040755940146
-345.14596459448916
-345.78172592133427
-346.4186821343449
-347.04506026427777
-347.64521259233015
-348.2417781396437
-348.84316046923396
-349.4410149783306
-350.04802886725025
-350.6503528757079
-351.2576108281641
-351.86872689366663
-352.50168854440045
-353.1306870837493
-353.7564630879096
-354.3939574990991
-355.05322486500484
-355.728703273358
-356.40588795688905
-357.0887719269952
-357.78586128927907
-358.4772135069013
-359.1337078319751
-359.7751467368321
-360.42229322013327
-360.99113922640794
-361.61374063595457
-362.23419224815956
-362.86189314412655
-363.4951253182278
-364.12070157461204
-364.73815120680644
-365.3512940845152
-365.9870381569406
-366.54503183254394
-367.1897785868262
-367.848149610664
-368.5190869076838
-369.2357760122622
-369.84940940068884
-370.5727452910517
-371.2989123308546
-372.0144944512741
-372.7377285187932
-373.31797337852606
-374.00009312557165
-374.66983548358127
-375.3316477227169
-375.9748996619524
-376.52930941100965
-377.173077981808
-377.809816102164
-378.4377112904756
-379.08217075648713
-379.6452133025738
-380.3086872684271
-380.99274655503234
-381.59105451932584
-382.3007548756506
-383.03836604326887
-383.8026900438754
-384.56863928197487
-385.2040061748865
-385.9342790108263
-386.6782013146317
-387.2992014872263
-387.98391060989684
-388.6878867478538
-389.2734126903973
-389.91535049482025
-390.5792863106803
-391.13010239177305
-391.78871596773627
-392.42438388898574
-392.9935155617976
-393.69938832455676
-394.40115445657943
-395.0156526963837
-395.6428146329512
-396.40921210735695
-397.1955139174868
-397.88633538064323
-398.695289382703
-399.46808550592436
-400.12195774994507
-400.8522305877093
-401.5969408062857
-402.1916022939153
-402.8090782684577
-403.4737812800314
-404.14579617250797
-404.71956535418605
-405.39380821033757
-406.05920886368756
-406.65320759907684
-407.2507269237614
-407.9747648981815
-408.7716116479428
-409.4441104033685
-410.10325761797105
-410.93031738831553
-411.7723547188356
-412.48922984337077
-413.18106568029
-413.97063205403987
-414.7181928057479
-415.3618250485971
-409.7014853396061
-410.41664887680315
-411.1683874799666
-411.7689548160797
-412.36059352150124
-412.95620200351243
-413.5619512948438
-414.3373256542699
-414.96122281277
-415.6216601679786
-416.314839625831
-429.6552612616791
-417.94097670516584
-418.6904193856668
-419.4391354085666
-420.1634974980495
-420.9831063442005
-421.7629499605049
-422.4128726207761
-423.0558195904671
-423.68637756914194
-424.39901602700843
-425.11426772320004
-425.7270275525332
-426.3357688282569
-427.1000032496509
-427.6933642731712
-428.60335902375493
-429.27270995128896
-429.9768989864031
-430.57246358480165
-431.50275302285394
-432.2763998651088
-433.02364625397354
-433.916859832236
-434.6290682556539
-435.31030984855914
-435.968006479074
-436.6183796377062
-437.3956866430662
-438.1300002464575
-438.7689229737643
-439.40890794977616
-440.2200613597369
-440.86788843165687
-441.5226852511369
-442.20383953485555
-442.8536722446389
-443.883678331489
-444.67266151499456
-445.4605439014879
-446.2370139138943
-446.91506266853173
-447.64658507504464
-448.3453635569722
-449.02282376402314
-449.82420490323034
-450.59291525954734
-451.2498109864263
-451.9056146744393
-452.57258064936707
-453.251834401723
-454.0466403437898
-454.753582494313
-455.47279524597326
-456.22071690085914
-457.00015920668363
-457.784256985615
-452.28771905717684
-453.3376420955334
-454.1198562722463
-454.8635840776812
-455.586575138404
-456.180407129057
-456.87136297724606
-457.5540842428949
-458.222259822268
-458.9014370638275
-459.6034633911569
-460.3186279286234
-460.99747395027504
-461.9116791203288
-462.6945667583197
-463.507377005817
-464.30401650428337
-465.09600269417416
-465.6982160220846
-466.6794139872406
-467.4087546539351
-468.4211383725729
-469.16368815380207
-469.7495757877563
-470.4674428333437
-471.1764628993163
-471.88847924321294
-472.61092581146755
-473.3500868884473
-474.0985961557742
-474.8646663134935
-475.67073307306606
-476.5981807874806
-477.4295798479009
-478.0825192168379
-478.8859669202536
-479.6682073317358
-480.4347274440815
-481.1790732773465
-481.92898323782316
-482.8749638844361
-483.4614020594723
-484.1974903321381
-484.94317010860925
-485.70259732204545
-486.4805607932136
-487.27342691998666
-494.2174035410995
-488.6288496691145
-489.46825302615105
-490.406456977193
-491.217495570098
-492.00781556641175
-492.78386272172315
-493.5668873939262
-494.33512816358706
-495.08999699483513
-495.8457471869019
-496.5426652167432
-497.3202489050661
-498.10712416465867
-498.917601065304
-499.7483664815275
-500.58594052292193
-501.4345008677134
-502.2621733350938
-503.09688930770216
-503.7576620397804
-504.402630561985
-505.20146681528774
-505.9831367601311
-506.78666161282973
-507.5876325067368
-508.390337828897
-502.94269735918397
-503.74985368582253
-504.5774719441252
-505.39947160365455
-506.2380136131454
-506.9458321514833
-507.66602168119385
-508.5199962863564
-509.3525325784037
-510.1131194651699
-510.9055732027186
-511.72067458954825
-512.5284829362338
-513.3467880088302
-514.1051354722845
-514.8155309479497
-515.6652570541337
-516.5202564304133
-517.3731399975062
-518.2513389072566
-519.1192031006693
-519.965984123208
-520.6615127869818
-521.3396657649573
-522.1842561578112
-523.0114696550656
-523.849214615908
-524.7051189241965
-525.5736259320678
-526.3617668725939
-527.1523693144408
-527.894872941529
-528.766110321102
-529.6258678827193
-530.4929367751192
-531.3670175522574
-532.0986638363552
-532.8390343984044
-533.702739012501
-534.5372281934106
-535.396958845879
-536.2700243061231
-536.9847736931973
-537.6954276821189
-538.5589077699902
-539.4484630386364
-540.358328762015
-541.2735963422679
-541.9418311862494
-542.7798004592611
-543.6769387505869
-544.5510124451864
-545.406915833226
-546.2794938258457
-547.0166840251055
-547.7291681944832
-548.6147317134038
-543.2220945849435
-544.1353242664202
-544.8960757460303
-545.6712850759619
-546.5885037474109
-547.5198129354081
-548.4303458827286
-555.4609089692437
-556.2109374090699
-550.827448478983
-551.7431068728673
-552.494685081973
-553.2159478630862
-554.1096523970425
-555.020753752283
-555.9366794840599
-556.6820020974965
-557.46230839081
-558.4119681501826
-559.3902788370001
-560.1738625360123
-560.9452039775097
-561.8807270465239
-562.7954166750477
-563.55673236657
-564.2858273115805
-565.1762929022609
-566.0795092570276
-566.846892539064
-567.6479478812892
-568.6123726747501
-569.6004191281334
-570.4170568274809
-571.233761601514
-572.1849840278676
-573.1158345220903
-573.8940948526928
-574.6537567556253
-575.5682060908186
-576.4963308866015
-577.2966902705718
-578.0731896087697
-579.0344265929072
-579.9918800794393
-580.8197606059695
-575.372326750455
-576.3390413488446
-577.1605454382587
-577.9656250429293
-578.937777217498
-579.8934834882052
-580.6844403112085
-581.4657225953182
-582.4157572148382
-583.1993414895904
-584.00312133931
-584.9754330710664
-585.975944877787
-586.8330264550799
-587.6918113553321
-588.7059767804983
-589.5396155040935
-590.3745819537567
-591.335295179007
-592.117332565325
-592.8904085583424
-593.8396513130292
-594.6084922297237
-595.4652613447728
-596.4847885030127
-597.3576327731361
-598.2496565278276
-599.2924206049764
-600.1236275507949
-600.9892730458307
-601.9711269027994
-602.766870119311
-603.5636509681389
-604.53731623574
-605.3709845069666
-606.2151537498792
-607.2080060045167
-608.0498517691534
-608.9747008229483
-610.0291972298176
-610.8979703831184
-611.7559529466873
-612.7721720872147
-613.5906061210299
-614.4627742282091
-615.4565535681758
-616.2403745442673
-617.1234562837627
-618.1518261980152
-618.9964962170313
-619.8631664983744
-620.7573389347101
-621.6834156476492
-622.7684905830773
-617.3437179537607
-618.2390241306491
-619.2596211382997
-620.0593992516649
-620.905020576231
-621.6808976920412
-622.5966428378015
-623.6564630562262
-624.5281191329534
-625.4733809886866
-626.5987507393357
-627.5021338330304
-628.4117724912692
-629.2780090381456
-630.1437724942413
-631.1442120233703
-631.9360769521813
-632.8447981064883
-633.6902351566334
-634.6189960399053
-635.758134584342
-636.6844927085291
-637.6427130796225
-638.5500219429456
-639.4587204664848
-640.5062549566032
-641.348374066344
-642.2276989796981
-643.1066934512123
-644.003190759827
-644.8817233037356
-645.8386059199378
-646.973841213664
-647.8777458672618
-648.8458466456036
-649.7484871849213
-650.6615752263194
-645.4664409992507
-646.3598449682221
-647.273730201598
-654.4466430315545
-655.3548078265186
-656.262612405057
-657.2105092586111
-651.8433563176035
-652.7932087059603
-653.9669583780131
-654.9141257089349
-655.8568792680372
-656.7625935022754
-657.6835199527973
-658.5574085960693
-659.4878136759229
-660.3475144781106
-661.2958873108164
-662.2465610338733
-663.2505417602165
-664.4426244868954
-665.4216947112117
-666.4017878094336
-667.3359394056804
-668.2382894513935
-669.1163992354585
-670.0208345217702
-670.9586898781074
-671.9100361941566
-672.8706999718552
-673.8931753260557
-674.906471975976
-675.9237479990109
-676.8866378788717
-677.8376800263745
-672.4705821415567
-673.3837549670674
-680.5843011369085
-675.2463319584127
-682.4922128481903
-683.5068352039781
-678.4590383780763
-679.4710256041792
-680.476745011127
-681.4296715843481
-682.3830551566747
-683.3120304709045
-684.2492841137586
-685.1932078798125
-686.1827675674009
-687.1776958837863
-687.9907629357984
-689.0413894311246
-690.0684218126556
-691.0790511877667
-692.0445792586572
-693.0118120432073
-693.9725736650093
-694.9387732849058
-695.8987787324784
-696.8932487284814
-697.9164480719154
-698.9507001436372
-699.9804177214337
-701.0040543514943
-702.003862719212
-703.0179699358886
-704.0153812350688
-704.9953375272652
-705.958348342919
-706.9710853329838
-707.9803018811923
-708.8162909101586
-709.8301250975237
-710.8705645377779
-711.9210379402441
-712.9456805584007
-713.9848073376562
-714.9865067424691
-715.9879010582987
-710.7084831909528
-717.9879888658883
-718.9865340151906
-719.7648518417843
-720.8801978459697
-715.6869502250995
-716.7533120224381
-717.8061645281798
-718.7858527643996
-719.8465876826825
-720.8089990927152
-721.8144451656902
-722.6345991532394
-723.6681223894092
-724.719376440833
-725.8546341819955
-726.9572048722691
-728.0587950159024
-729.0873137722489
-729.8978570518689
-730.8984389280358
-731.8815870210756
-732.8899897479714
-733.9610424894214
-734.8348574657023
-735.9680459146691
-730.8319545842668
-731.947430305204
-732.9790799618329
-733.9827784430416
-734.9920078923154
-735.7858370587978
-736.8106783058596
-737.8769127431095
-739.0372052249342
-740.208692075925
-741.1091437470302
-742.2133984637557
-743.2742756719683
-744.2903429907199
-745.2751333056439
-746.0931034618472
-747.1436079539607
-748.2655605344938
-749.1950579966237
-750.3914836711206
-751.5441079765109
-752.6298662262511
-753.671422240671
-754.4929542665084
-755.5118474659655
-756.526842858474
-751.3459940090767
-752.508466030897
-753.4598048110157
-754.6433717874655
-755.8071396219997
-756.6803445949615
-757.7155094129002
-758.7166268879641
-759.5574334226238
-760.63370847143
-761.7572579767331
-762.9274321780814
-764.138446783763
-765.0797850965579
-766.1989725349226
-767.2414531721774
-768.1369139487928
-769.1802951875089
-770.2194354046904
-771.1495997126872
-772.3079432283226
-773.5032106233647
-774.4828341118371
-775.6627632125449
-776.7580355559609
-777.5845789045283
-778.7025967801706
-779.800964801101
-780.9064127243894
-782.0372501245823
-776.7104171414358
-777.9390643131335
-779.1351150442752
-780.0431406508577
-781.154993336761
-782.2560964351738
-783.1323088775218
-784.2328103475602
-785.3697287059919
-786.3315900588713
-787.3160368773172
-788.5468847088362
-789.721880851615
-790.604337337526
-791.7435724145126
-792.8084039891789
-793.7133124647269
-794.8859958559478
-796.0589785635101
-797.0465457935402
-798.2900423260203
-799.4847707959505
-800.4036676024815
-801.5456703990455
-802.618994360865
-803.5205125718724
-804.7223020643522
-805.8616740953964
-806.9149614789873
-807.913801224872
-809.1249658417986
-810.3071968933712
-811.2251318127796
-812.3647664352932
-813.4734614292896
-814.3921584180982
-815.3458732681387
-816.610571320095
-811.6095542985272
-812.6044281276461
-813.7804689284213
-814.9258827117101
-815.8537944137656
-816.7408591458704
-817.9507366701307
-819.0973827093178
-820.1189410284848
-821.457437159328
-822.6894727147027
-823.6514223898507
-824.6012192498862
-825.7566131624634
-826.8816436091126
-827.8284867959275
-828.802920218951
-830.0287582461322
-831.3549430216111
-832.414640496102
-833.6346427337043
-834.8100155529864
-835.7385341666745
-836.6446951360426
-837.9012083950834
-839.0753955574746
-840.1133579801121
-841.1732859424135
-836.1978237346716
-837.4113323527796
-838.3810202310768
-839.3367834064006
-840.5858285118246
-841.7536618955863
-842.7838080673818
-843.828423676851
-845.1160531648851
-846.3638928571555
-847.3670152014481
-848.3379354721819
-849.5213223394815
-850.7325861904412
-851.7520990854645
-852.7751288166121
-854.0768363975877
-855.4003667143367
-856.4044607011326
-857.4022266114329
-858.3735205069747
-859.593207801605
-860.8186874803464
-861.8389422890872
-862.8755131482337
-864.2122014576474
-859.1981944168602
-860.2577021938198
-861.263927284544
-862.2653242738705
-863.4766685872174
-864.7134476365846
-865.7597319003476
-866.8175787179514
-868.141214360689
-869.4721177761002
-870.6021217630214
-871.521507214694
-872.5197883860704
-873.7561002017349
-875.0288991713609
-876.0739548127577
-877.1305576048356
-878.2080168393568
-879.5422603579934
-880.8237831244155
-881.9230716318947
-882.9086056120613
-883.8990772897124
-885.2285155895083
-886.5497011097328
-887.5794902726536
-888.6706730045473
-889.7380161846605
-891.0296891382892
-892.3185496229152
-893.3516722540633
-888.1145346683472
-889.1340509992064
-890.2596397507626
-891.5566151229523
-892.9245952150815
-893.9942536049365
-895.0641000606166
-896.1102213611315
-897.3989287013886
-898.7291399393303
-899.7881906643881
-900.8440840388545
-901.9425102336862
-903.0407978854681
-904.3997010356301
-905.7218876651507
-906.7707333831202
-907.8229349899264
-908.8854981538932
-909.9730082276776
-911.3406177187485
-912.7092012551547
-913.8113364355219
-914.8974848042551
-915.9617247723629
-917.016003014861
-912.073212351005
-913.4428888548241
-920.8184787201311
-915.6332880589985
-916.73834094417
-917.8520608785917
-919.2079269342232
-920.5430031328534
-921.6163752981325
-922.7041237597622
-923.8076246594636
-924.9217312281959
-926.0449177941508
-927.4436405366779
-928.8297385266455
-929.9254923800105
-931.0202657941821
-932.1053229947452
-933.1892982058818
-934.3182080434248
-935.7268467380259
-937.1291971370313
-931.9624155464352
-933.0805636711632
-934.1872841402518
-935.2825423733324
-936.3807794105385
-937.5014453108416
-938.9293413543544
-940.3466041247206
-941.4718855945903
-942.6035377910621
-943.7260366334065
-944.836962569138
-945.9479733656731
-947.0718420430876
-948.4853545525124
-949.9203335525203
-951.067996151963
-952.2213032483374
-953.3466346028372
-954.4730027167888
-955.6043585162839
-956.7401091931173
-957.8726024152976
-959.2958773464125
-960.7424233319487
-955.6456960794899
-956.7933672433825
-957.9284316057708
-959.0527716062086
-960.2062821995049
-961.3552266879238
-962.4947098801292
-963.660182405389
-965.1354039749735
-966.6005209026689
-967.7448785154471
-968.8781828126956
-970.0288674926744
-971.1772464208992
-972.3405458283198
-973.5196394699944
-974.7055743329578
-975.8903058153109
-977.0654147613521
-978.5348905831859
-979.971172697563
-981.1232934344399
-982.2957584578894
-983.4915837147778
-984.6669391294256
-985.8634175051974
-980.7690388041176
-981.9687994769614
-983.1471117053995
-984.3057727101427
-985.4584518666352
-986.9499467174579
-988.4658107194718
-989.6620272872457
-990.8645507371493
-992.0674401066323
-993.2494235435412
-994.4304552659812
-995.5962417546181
-996.7799330275441
-997.9918644362656
-999.2151825813443
-1000.4313178950399
-1001.6483441443135
-1002.8522488692798
-1004.0408034720319
-1005.5301761174064
-1007.0265419199816
-1001.9466964897382
-1003.1663432935662
-1004.4126811184789
-1005.648335021392
-1006.8553894912031
-1008.0651953524933
-1009.255834533591
-1010.4728496019927
-1011.6881723664774
-1012.8974375825458
-1014.1428850754054
-1015.3978433138099
-1016.6446348562611
-1017.8583465595163
-1019.0657122263378
-1020.2861485580565
-1021.5111578085209
-1022.7406020928745
-1023.9698984550639
-1019.2633112895135
-1027.1130043473436
-1028.346343833128
-1023.2826392501391
-1024.5132320194928
-1025.742730180345
-1026.9776850362027
-1028.2372301808298
-1029.5077991383455
-1030.7694235478637
-1032.0117074582963
-1033.2552549498323
-1034.504074668346
-1035.7356495759313
-1036.960656328998
-1038.2344308536067
-1039.5253741944844
-1040.8115230141884
-1042.0509972990399
-1043.309155959177
-1044.5829514744726
-1045.8361872946452
-1047.063657883848
-1048.3220222331008
-1049.6167557908836
-1050.927607327826
-1052.2009249171056
-1047.1821998406444
-1048.449800557822
-1049.7165401637274
-1050.9736179081776
-1052.2461408411618
-1053.5357005900153
-1054.844573005515
-1056.1385830195013
-1057.424339442529
-1058.700622617692
-1059.9647284129605
-1061.2288256865547
-1062.5278194195903
-1063.8334759240427
-1065.1401918380006
-1066.4388652412347
-1067.7423967077088
-1069.0425180222928
-1070.3109638061087
-1071.5739775444547
-1072.8704349870025
-1067.9072041081677
-1069.2455217019283
-1070.5541230944666
-1071.865213133101
-1073.1730161375983
-1074.4701232138923
-1075.7572529794932
-1077.058460237684
-1078.3692231521934
-1079.709536454148
-1081.0445771223665
-1082.358942485076
-1083.6667856802014
-1084.9600732941308
-1086.276099487667
-1087.590914375858
-1088.9243037936176
-1090.264315383583
-1091.613199799221
-1092.9593269820411
-1094.2743709149581
-1095.5870203696204
-1096.9032658627882
-1091.952045556663
-1093.3055229163717
-1094.65153583084
-1096.001293437196
-1097.361389165038
-1098.6747369392415
-1099.9990146226412
-1100.9985670745425
-1101.9980781712115
-1103.336204336002
-1104.7078620573843
-1106.0889104255587
-1107.4477171889075
-1108.7794187833895
-1110.1169763395028
-1111.4628151084341
-1112.8058058113425
-1107.8865774779813
-1115.5363073443311
-1110.641362548229
-1112.0106559104881
-1113.3606418193704
-1114.700683156972
-1116.0511842090339
-1117.4044588521099
-1118.794214931973
-1120.1831317855422
-1121.5747316021932
-1122.9380200263554
-1123.9644360925224
-1124.996391316775
-1126.3601679800922
-1127.7113760637317
-1129.1084769544811
-1130.5113730892924
-1131.9269747014769
-1133.2886664328814
-1128.3704717361227
-1129.750783599842
-1131.1411253801423
-1132.5154525816488
-1133.9212605452224
-1135.3314464905918
-1136.7771748986765
-1138.1298453178042
-1139.1682517485235
-1140.2000162287502
-1141.6031578980026
-1142.9976737296295
-1144.4131210599253
-1145.8310264278566
-1147.2580389971001
-1148.6605572916424
-1150.0519841028815
-1151.4395542513892
-1152.8547363766502
-1154.2586933339846
-1155.6834637493052
-1150.4792048182785
-1151.5655800750578
-1152.9816869273006
-1154.3677506658914
-1155.7702368938192
-1157.2064000183789
-1158.6363477196805
-1160.0736188560493
-1161.5124746654033
-1162.9642720229465
-1164.3832697991672
-1165.4366343719844
-1166.4862303098653
-1167.9286878647974
-1169.371928542155
-1170.8269168285694
-1172.2681938637293
-1173.7136829843764
-1175.1446739552061
-1176.572766333649
-1171.7172134504149
-1172.803004078657
-1173.9016603686705
-1175.3716109568772
-1176.8329590821797
-1178.295844306666
-1179.734960745553
-1181.1540179610981
-1182.6035119379733
-1184.0861608199339
-1185.5647774608728
-1186.6500537177158
-1187.7552484617738
-1189.217689109764
-1190.6769606864123
-1192.127898669206
-1193.5720340692878
-1188.7740050730251
-1190.277778521868
-1191.763415012753
-1192.854470361897
-1193.9482038679782
-1195.4072490996973
-1196.8905863858608
-1198.377214533827
-1199.8678310243727
-1201.3621693603147
-1202.8574312165306
-1203.9709885761326
-1205.0809594049185
-1206.541562403486
-1208.013636635413
-1209.5238664061296
-1211.0439578801659
-1206.2729386166113
-1207.7507466257005
-1208.8636458806927
-1209.983074239088
-1211.4785806389443
-1212.9749261774812
-1214.48449033999
-1216.0105223271335
-1217.5365519616348
-1218.6543106530296
-1219.765362672568
-1221.2581771132263
-1222.773289265331
-1224.3008328760407
-1225.8378054987716
-1227.365801236398
-1228.8815276759094
-1230.0091300726185
-1231.1432047757896
-1232.6595045779063
-1227.9095073664678
-1229.4336861111105
-1230.9742223813835
-1232.1302857786193
-1233.2913941388772
-1234.7897356157982
-1236.299400188327
-1237.8328347385766
-1239.4082572457041
-1240.9592189616724
-1242.11358972533
-1243.2615233562497
-1244.8051138118847
-1246.3493650542077
-1247.88076724412
-1249.4260695650887
-1250.6062162141843
-1251.779563020168
-1253.3530194082628
-1248.6057879143648
-1250.136336628234
-1251.6834002874416
-1253.2444126727157
-1254.440512465441
-1255.6191236530956
-1257.1858075281189
-1258.740142701396
-1260.3077555688355
-1261.858496614007
-1263.0339246347091
-1264.1998904875436
-1265.796789389714
-1267.3890016674882
-1262.6869243545823
-1264.2335037483292
-1271.6912816920603
-1266.5824548844955
-1268.1890445194463
-1269.785865934048
-1271.3824242394232
-1272.5685290093172
-1273.7469198861031
-1275.3213188535
-1276.9064303611144
-1278.496377718068
-1280.096040138995
-1281.306388182517
-1282.523975194787
-1284.1236089241827
-1285.696968933728
-1287.2818794250368
-1288.4852891161288
-1283.4302729001931
-1285.0537662851425
-1286.6592874298399
-1288.25745146588
-1289.4724459421818
-1290.667985599145
-1292.269473128283
-1293.8830190328904
-1295.5252100561509
-1297.1609893516013
-1298.3701189046
-1299.558916087619
-1301.1721990109818
-1302.7893624312799
-1304.4260337887558
-1305.6657803197504
-1306.8999661348066
-1308.5365856751575
-1310.1658351109947
-1305.4935136184376
-1306.7155533048867
-1307.9451899375529
-1309.6094708053645
-1311.2635184340604
-1312.900590948448
-1314.1359305130786
-1315.361077711328
-1316.9870203721914
-1318.625941105043
-1319.8793425613621
-1321.145616683697
-1322.8083540823416
-1324.4332718691692
-1326.072342532974
-1327.318525471038
-1328.5745585303405
-1330.239767404641
-1325.619750567369
-1333.5787671404612
-1328.554637411007
-1336.0829770524022
-1331.4383509918111
-1333.099983592519
-1334.3655425645438
-1335.6483539545509
-1337.348188865363
-1339.0067557558525
-1340.6593364285125
-1341.923493723614
-1343.1909522456783
-1344.8914560577216
-1346.5685319996714
-1347.84336800066
-1349.1094258428961
-1350.8056725237186
-1346.181508772836
-1347.8654724162043
-1349.1350180231805
-1350.443979842445
-1352.1561532943615
-1353.8413964083559
-1355.0886746964595
-1356.3606657935416
-1358.0617864856983
-1359.7876870880743
-1361.0811961079758
-1362.3589454414375
-1364.06622185372
-1365.7741972870451
-1367.0657064433815
-1368.339210873211
-1370.0527854732275
-1365.4965973074645
-1367.2531571855202
-1368.5342323423401
-1369.812434705917
-1371.4937797190616
-1373.2256961756932
-1374.5378850795307
-1375.874837431065
-1377.6170413879152
-1379.3095822582056
-1380.6195622880696
-1381.9091573291125
-1383.6620246640834
-1385.384354655687
-1386.7169209371098
-1381.7537807324006
-1383.52124520688
-1385.2140814984243
-1386.5195489660869
-1387.819724413298
-1389.5976595169034
-1391.3672481254594
-1392.6878655877747
-1394.0094909328789
-1395.7459060631602
-1397.0736655265264
-1398.374863846893
-1400.1353597893599
-1401.8955873364437
-1403.232852935612
-1404.5580790280947
-1406.312046633675
-1401.785043979191
-1403.1070031415334
-1404.434793567876
-1406.2384421922945
-1408.038029553192
-1409.351902077254
-1410.658783259595
-1412.4307408858042
-1413.7949220457479
-1415.1470991312003
-1416.9466000516934
-1418.700932801744
-1420.0512154362698
-1421.39660385231
-1416.9080201512857
-1418.6881886977578
-1420.0459400928307
-1421.407191090914
-1423.2240487532063
-1424.5627972907498
-1425.88155828399
-1427.6646180748164
-1429.5111823537713
-1430.88870159884
-1432.2387671989557
-1434.0310121024977
-1435.3835890088556
-1430.4519875982476
-1432.2709235051188
-1434.1022244461994
-1435.4550285965458
-1436.8403637264732
-1438.6571219218674
-1440.0360371630295
-1441.3692207590116
-1443.1968454673815
-1445.0605826212366
-1446.4411952071234
-1447.8218693202411
-1443.356372535781
-1444.6999128428486
-1446.0758589312638
-1447.9320949786654
-1449.7892885596052
-1451.1666049311507
-1452.5356172718866
-1454.389259503297
-1455.7605793402597
-1457.1494222811211
-1458.9872011262632
-1460.4014367153368
-1461.7941488930405
-1463.6695914808488
-1465.509537466596
-1466.8668121625417
-1461.9655913463662
-1463.8680906117447
-1465.2961108603447
-1466.6736716511573
-1468.514111183826
-1469.9022978393748
-1471.326245339971
-1473.2106199074058
-1474.6139719256516
-1476.0035384313092
-1477.890962961741
-1479.7824737209812
-1481.1704974279623
-1482.5664003908878
-1484.4501457254669
-1479.6240495512045
-1481.0485475905066
-1482.9168948801953
-1484.3008924725953
-1485.706238332564
-1487.6366665298335
-1489.0716764482563
-1490.4957183662343
-1492.3732051676511
-1493.8016527386035
-1495.2202003085426
-1497.1259278798293
-1498.5515136883255
-1499.980147910027
-1495.627824972619
-1497.5381045361078
-1498.9687780260153
-1500.382338074251
-1502.2907867019196
-1503.744502571363
-1505.2053566698673
-1507.1251988477663
-1508.5561984761393
-1509.983423361794
-1511.917190957335
-1513.3760156351973
-1514.8268502463086
-1516.7572439128885
-1518.2179045322812
-1513.376531361059
-1515.2718316547114
-1516.731928441989
-1518.1876606671908
-1520.1573120063936
-1521.6033326730092
-1523.0505451841614
-1524.9736965420475
-1526.4290729412373
-1527.9048013488216
-1529.8873555382106
-1531.3326942445503
-1532.7995757679514
-1527.9556936371764
-1529.4301334708941
-1531.4004115580851
-1532.8642199226783
-1534.347192095434
-1536.3018511469527
-1537.7747223338142
-1539.2462095436315
-1541.2081142188736
-1542.6804394578237
-1544.1818959800896
-1546.1698300588437
-1547.654844605837
-1549.1244467729882
-1551.06747317735
-1552.5707115591515
-1554.0697411001186
-1556.0866912412168
-1557.573304284624
-1559.0622754415258
-1554.7426755310446
-1556.240030427914
-1557.7394754602005
-1559.2617149045177
-1560.7605669809534
-1562.7563437386455
-1564.2403677360007
-1565.727095650158
-1567.7424302691645
-1569.2644070142053
-1570.781249362362
-1572.7788355888522
-1574.2754100752925
-1575.781206870451
-1577.2925421351247
-1578.8082708962186
-1574.5517086578554
-1576.0717387642446
-1577.5756235465972
-1579.6080960806087
-1581.1050231634051
-1582.6393314190007
-1584.6687472584297
-1586.1968256705716
-1587.7289298757537
-1589.2269469789678
-1590.7382931996076
-1586.4854773956492
-1588.038087157278
-1589.5804517735296
-1591.6178834739007
-1593.135749280786
-1594.6520421227578
-1596.1925477178108
-1597.7401719342438
-1599.8040141961717
-1601.3378233279404
-1602.879167013417
-1604.9198955327868
-1606.465738232218
-1608.011751771262
-1603.290293910775
-1604.8549849288763
-1606.9170096565274
-1608.4600372677908
-1609.9983035284154
-1611.5599764016968
-1613.1309349577452
-1615.21784057377
-1616.755923283296
-1618.3103507789203
-1620.361434686643
-1621.9331438084487
-1623.508493588004
-1618.804267270451
-1620.3627069678514
-1622.429114435052
-1623.995303991063
-1625.5651623960273
-1627.1418139814061
-1628.6908929794172
-1630.8197598465742
-1632.3925097466538
-1633.9568181549625
-1635.5324918629121
-1637.0594912280405
-1639.15746277816
-1640.8205548039964
-1642.4048536659182
-1637.6844025206944
-1639.2527623102906
-1641.3658933507909
-1642.9821556817674
-1644.5956020376725
-1646.172926496852
-1647.7524180411547
-1649.8351428532271
-1651.4674436248342
-1653.0742042895686
-1654.6993171979523
-1656.2900667755819
-1652.121101423039
-1653.7162964891945
-1655.3260256951808
-1656.9564697048438
-1658.5702370147633
-1660.699076123081
-1662.302858261168
-1663.9035241493739
-1665.5315862001914
-1667.1553250883476
-1669.313328725658
-1670.9108421332423
-1672.533559429232
-1674.1271897453832
-1669.4749214129067
-1671.0939829131532
-1672.7152774140457
-1674.9081259278175
-1676.5018014015031
-1678.144338928745
-1679.7622922021246
-1681.3907900622937
-1683.598117437708
-1685.2241007928576
-1686.8609302665295
-1688.484778364562
-1690.105576164654
-1691.7599905890265
-1687.138053557579
-1689.3234661873657
-1690.9687770018604
-1692.6066442967144
-1694.241871146212
-1695.8521785112812
-1697.5408677800497
-1699.2010373757626
-1701.385882686909
-1703.0416996061197
-1704.6703264279279
-1706.33616431242
-1708.011364418648
-1709.6948438501502
-1705.0349301526217
-1707.2303184765344
-1708.8963717636395
-1710.577382204465
-1712.267227932985
-1713.9425428890654
-1715.6071897543075
-1717.2519845362217
-1719.4720505309986
-1721.1427888630406
-1722.833922489381
-1724.517703572684
-1719.919492630779
-1721.5839980918913
-1723.240031328154
-1725.4959208480884
-1727.1935689870095
-1728.9080731695863
-1730.5773349990927
-1732.2391261965683
-1733.9221027363383
-1735.6109014217495
-1737.3317767100941
-1739.0441770347677
-1734.9935696383113
-1736.6796499832924
-1738.375912280294
-1740.079843941891
-1741.81108485745
-1743.5248432572944
-1745.1958343623764
-1746.8846549451523
-1748.593595099966
-1750.3051760536391
-1752.0292631054756
-1754.315091355775
-1749.7362558420414
-1751.4499749647796
-1753.1591487634948
-1754.9219408308145
-1756.6400880405993
-1758.3577192635487
-1760.0475831042975
-1761.763779506406
-1763.4952666051602
-1765.2362989562864
-1767.5539993213895
-1762.9891285861122
-1764.6993115031776
-1766.427843937514
-1768.163027959375
-1769.922921411727
-1771.6474350744377
-1773.405601321876
-1775.108579315896
-1776.861507700901
-1778.5941894132957
-1780.9357583267133
-1782.696330292223
-1784.4288078631173
-1779.8999104598422
-1781.6319447359986
-1783.3914639698128
-1785.1613421595032
-1786.9140574131154
-1788.6617274469988
-1790.4008804279983
-1792.170591449477
-1793.9509996166407
-1795.7095067691887
-1797.4729285741369
-1799.2170347028841
-1800.9822378445608
-1802.7386105115456
-1798.8306353253322
-1800.5991192230424
-1802.3761468245818
-1804.159530871517
-1805.9084165897168
-1807.6980077358633
-1809.4913571808825
-1811.2790867627016
-1813.0464799934655
-1814.825551720909
-1816.5988330240646
-1812.1213598281965
-1813.92783883597
-1815.710168902758
-1817.4930010282985
-1819.2688715333602
-1821.0548926633462
-1822.860684554783
-1824.6757558420302
-1826.4674239719081
-1828.2478784862485
-1830.0420243255846
-1831.8435767487995
-1833.6725427633103
-1835.4881889100527
-1831.5985551271935
-1833.3914057697623
-1835.1875328737858
-1837.0245323300085
-1838.8607732402215
-1840.6790198687704
-1842.4743836324824
-1837.984545351232
-1839.7905179702534
-1841.6221126442272
-1843.4231874561358
-1845.2517289116652
-1847.0580666548324
-1848.8888147130158
-1850.7399855404924
-1852.6034834959946
-1854.4471676292005
-1856.2645582558837
-1858.070111936099
-1853.6238260561208
-1855.4715200434969
-1857.3565341008464
-1859.225955029306
-1861.034070041343
-1862.8562476760155
-1864.6586138577352
-1866.4869125110135
-1868.405209763536
-1863.975128375916
-1865.8561731880538
-1867.624106995262
-1869.4718487737234
-1871.3287007230076
-1873.2091761579916
-1875.0868704660686
-1876.9483268115348
-1878.7580618390732
-1880.6191774368826
-1882.4482121249193
-1878.0747865437825
-1879.971796439196
-1881.8567986535777
-1883.6698374766258
-1885.524709253483
-1887.3996789265052
-1889.3140194391754
-1891.1850619463307
-1893.0349839187477
-1894.9036084886213
-1896.8147049988572
-1898.0622988900745
-1893.6410181756448
-1895.5026143817367
-1897.38693790188
-1899.2591082962886
-1901.184549153393
-1903.0554927787598
-1904.9202902708444
-1906.7978235991102
-1908.711301641264
-1910.6026447242339
-1912.512932126913
-1908.125242346458
-1910.0198826211247
-1911.8556562952854
-1913.7775009310337
-1915.6951973989183
-1917.613601847198
-1919.5101913837154
-1921.3875027681381
-1923.302374605174
-1918.9183347674523
-1920.8488868198983
-1922.801763021189
-1924.6616329333153
-1925.9541632893051
-1927.8475536783078
-1929.7745898089545
-1931.726001796925
-1933.6370130764458
-1935.5457309147157
-1937.4427216859567
-1939.3906568259392
-1941.2927686047271
-1936.9468075424388
-1938.878369848355
-1940.8115005053055
-1942.72441929107
-1944.6554973214963
-1946.6005746119888
-1947.8763523928271
-1949.833509561806
-1951.7803442380962
-1953.690156175084
-1955.6561766103769
-1957.6050020295797
-1953.2657899216094
-1955.1733247634709
-1957.1259799073146
-1959.1053379278057
-1961.0636152190032
-1963.0102831085937
-1964.928209215792
-1966.2186820918196
-1968.1757377044914
-1970.1440293286626
-1972.0993923952406
-1967.7686195147905
-1969.7364168799281
-1971.6991972448063
-1973.6544338212216
-1975.6227525071758
-1977.5823595627685
-1979.5711294802043
-1980.8754431547368
-1982.8265453174351
-1984.8118534194311
-1986.7890902553784
-1988.7709056954086
-1984.436481443474
-1986.4114526906424
-1988.4009351233817
-1990.3976262573387
-1992.3657350166022
-1994.3119632831
-1995.6300864837729
-1997.6240688849184
-1999.6433020391548
-2001.6317683429047
-1997.3244602102056
-1999.296070817679
-2001.3019521653996
-2003.3020913999353
-2005.3040058640172
-2006.6357905500076
-2008.6336689668437
-2010.6348055767016
-2012.6013534782392
-2014.615997909893
-2016.6205989824268
-2018.6479420366732
-2014.361185475637
-2016.3919620478696
-2017.7369642714793
-2019.7133881405362
-2021.7052109403382
-2023.7186530732308
-2025.738503184729
-2027.787147669661
-2029.819860991932
-2031.155863214453
-2033.1430089067674
-2028.8739914253285
-2030.9032183387822
-2032.9352754837057
-2034.9814653327398
-2037.0024745796409
-2039.0341036266218
-2041.0487660365648
-2042.4129771697578
-2044.4563847139277
-2046.548813349559
-2048.524852233529
-2044.275889785983
-2046.3049631525298
-2048.368095547022
-2049.7432694224776
-2051.782126546149
-2053.8061089427183
-2055.863525367452
-2057.909360146268
-2059.273272181187
-2061.319766016368
-2057.079991193378
-2059.1377463160948
-2061.2038337930994
-2063.2802036195308
-2065.331318171393
-2066.6917599283097
-2068.738749020235
-2070.8072225164774
-2072.890643724042
-2074.984197681492
-2070.7705394934246
-2072.821771630476
-2074.1792456713924
-2076.2556368342307
-2078.3399537024743
-2080.39982252283
-2082.4776839032916
-2083.8529827241273
-2085.9323577131113
-2088.0481018974756
-2090.1224801789845
-2092.197564998941
-2087.979038182781
-2090.066044819668
-2091.476510412886
-2093.5716640236606
-2095.6572449048567
-2097.7322234533576
-2099.8045344654465
-2101.196313827826
-2103.2990132567143
-2105.4180433509778
-2107.510034111617
-2109.613736467223
-2104.74626688597
-2106.846765527949
-2108.942765200286
-2111.0223456889626
-2113.123592503827
-2114.5386599343888
-2116.6693939374422
-2118.815037132243
-2120.935709808864
-2116.750174651996
-2118.858002183425
-2120.9774265739625
-2122.3868212454527
-2124.5026998935828
-2126.6293339826157
-2128.775065394683
-2130.91858435535
-2132.356727185789
-2128.2026821736267
-2130.2986485040483
-2138.6922327481598
-2134.545667339443
-2135.986226094408
-2138.1424134631593
-2140.2818348453698
-2141.6982399336116
-2143.8365782954756
-2145.9814314537375
-2148.1373879105386
-2150.2822502255754
-2145.415634507347
-2147.5696151906427
-2149.7375646214036
-2151.903028211309
-2154.0533287258518
-2155.4853057971873
-2157.6297425065504
-2159.7925247403355
-2155.679776872352
-2157.851507708063
-2159.306981054697
-2161.467741273292
-2163.6399687745834
-2165.8192268571374
-2167.9810270777716
-2169.4263635737652
-2171.5885770410555
-2173.765216012813
-2175.211066303878
-2177.406172960614
-2173.296411827714
-2175.4705400582275
-2177.6616660685154
-2179.1050642135783
-2181.3108305481005
-2183.4855797975797
-2185.6499315480687
-2187.8345850717747
-2189.3239489090492
-2191.5413778236293
-2187.4566995028194
-2188.9210468132046
-2197.3755090715426
-2193.3128860864986
-2195.513211222662
-2197.7170309039097
-2199.1824002957005
-2201.3903010087447
-2203.629915492333
-2205.103415329997
-2207.3477041800943
-2203.2476637392147
-2205.440691018857
-2207.6401012875053
-2209.1201768601995
-2211.313584252883
-2213.553221927365
-2215.0512243212556
-2217.2973357831224
-2219.5540354889326
-2215.5154189757063
-2217.71895711085
-2219.1832092029254
-2221.3994082936906
-2223.6342531522155
-2225.1260365051467
-2227.3848566003185
-2229.63762496264
-2225.6229060391247
-2227.8788204062394
-2229.379080067427
-2231.6141526011697
-2233.8085360002106
-2235.2998976293325
-2237.5479064955703
-2239.817438561706
-2241.3199583769915
-2237.311453842114
-2245.877896531386
-2241.8789182375285
-2244.0674431785797
-2245.60991596463
-2247.842622394169
-2250.077879782644
-2251.6061045480865
-2253.8808599675176
-2256.1994402219693
-2257.7195874679333
-2253.745672865108
-2256.030387118936
-2257.5374941281084
-2259.7929061090877
-2261.964010754899
-2264.2531880923934
-2266.5530107156815
-2268.1138962253403
-2270.423510155982
-2266.4123053772746
-2267.9626076131112
-2270.3168247645417
-2272.595092562373
-2274.0993744281304
-2276.3696716269674
-2278.5882120015985
-2280.1286590410664
-2282.479353968973
-2278.4953453878024
-2286.3572412140147
-2282.4180224746865
-2284.743944442373
-2287.05806047557
-2289.2976739181977
-2290.8599367222478
-2293.139750090495
-2295.4763365025824
-2297.028644996114
-2299.3653480719067
-2295.4233217436145
-2296.9973478303878
-2299.338272205825
-2301.6634305934426
-2303.1694840541677
-2305.4915730229905
-2307.8070977556567
-2309.3609747172923
-2305.4005394981937
-2307.750068651207
-2309.3516341013838
-2311.6875572967774
-2314.063052656189
-2315.6191506761966
-2317.9683932685166
-2320.306002894699
-2321.8576415599014
-2317.89506230362
-2320.2359044350983
-2321.809904888177
-2324.194258469252
-2326.56601689238
-2328.1169413187304
-2330.4845375116042
-2332.880678187472
-2334.4691367159994
-2336.8398662339173
-2339.191522650832
-2334.496478342891
-2336.8669594832713
-2339.2226539292487
-2340.7849311513787
-2343.144227661247
-2345.5375922881412
-2347.1581655623813
-2349.5217832013973
-2345.638357475023
-2347.240570108836
-2355.930603343689
-2352.0410239123694
-2353.5892789372047
-2355.9625801000543
-2358.3619168804144
-2359.977784366155
-2362.3890237395526
-2358.5066757443947
-2366.3933809067607
-2362.5389756166746
-2364.952180558253
-2366.5516901020833
-2368.9358272889
-2371.3122948542546
-2372.9282356680387
-2375.3172234254776
-2377.72885465893
-2379.3014904807947
-2375.4318414662434
-2377.9015750264275
-2379.552919808122
-2382.0028132660686
-2384.3918488743784
-2386.055255651218
-2388.500077568821
-2390.9289246000035
-2386.23658023544
-2394.1401978122467
-2396.53884642463
-2392.681401308174
-2394.298136487092
-2396.7335619274777
-2399.170483915901
-2400.820728632112
-2396.991596470273
-2405.7110723677465
-2407.3783980845806
-2403.546562074876
-2406.0101802696036
-2407.6275271301024
-2410.0869534444982
-2412.5621552256684
-2414.20454897172
-2416.652268598961
-2419.0984160556372
-2414.4469420625974
-2416.1360212184154
-2424.8740255228145
-2421.0544190803153
-2422.7000564128166
-2425.1837739744915
-2427.623774715126
-2429.236270759389
-2425.427020681425
-2427.932520720847
-2435.8794280361863
-2432.0587810142783
-2434.5332772741563
-2436.1865141951253
-2437.8872923099516
-2440.385297323988
-2442.8725543667215
-2444.545301938897
-2447.0354749838266
-2443.251216955102
-2444.8993931222362
-2447.383046337469
-2449.8941988462525
-2451.5662487637455
-2453.241363394995
-2455.7636259743645
-2458.266603348948
-2459.928620300035
-2456.1678647440954
-2458.682016661642
-2460.3483070651578
-2462.8485082293137
-2465.3391718803987
-2467.011441507718
-2468.6975187938338
-2464.975619501012
-2467.470818868844
-2475.464084739645
-2471.757285856452
-2474.330826163939
-2476.0100261442853
-2478.546676685538
-2481.064291598338
-2476.4682001481046
-2484.407723483603
-2486.8968843464954
-2483.1197237106835
-2484.8038214768485
-2493.5879423891993
-2489.8385443650895
-2491.5293063377344
-2493.24771344956
-2495.8277496909714
-2492.1260171309664
-2493.874324234163
-2496.481908858554
-2499.0608824745445
-2500.7954204816024
-2502.5004368858004
-2505.010256054038
-2507.5304863766255
-2502.9382195031994
-2505.487540413253
-2508.029311830369
-2509.7204012861976
-2511.44023466338
-2513.982256981445
-2516.556701782331
-2518.2978564490018
-2514.5539413603633
-2517.1475230654487
-2525.1970775514455
-2520.633885513008
-2523.2174536386524
-2525.8372272097936
-2527.557453288761
-2530.1932367130103
-2526.480096561694
-2528.17176971605
-2536.1869226362705
-2532.464975965198
-2535.0399585546816
-2536.7463658568513
-2539.329493156623
-2541.890391973595
-2537.337810367478
-2545.3772238283805
-2541.688337391746
-2544.3096461621376
-2546.093826509679
-2547.8821782321306
-2550.5263150283586
-2553.1651323250244
-2554.964736806581
-2557.606939823032
-2553.901178126051
-2555.639287490046
-2563.652450695221
-2559.933353757743
-2562.4939065414915
-2564.188719174206
-2565.9592612751903
-2568.5266773062153
-2564.8400415078827
-2566.6046377242606
-2575.555720823135
-2571.924723462801
-2573.7271536814706
-2575.5380776449556
-2578.201425412585
-2580.9142891391893
-2576.4793053527515
-2584.4288174302246
-2587.108676474958
-2583.4001525076346
-2585.1429420247136
-2586.8883852124736
-2589.48456422036
-2592.0900278609515
-2593.8387359353483
-2596.458220691429
-2592.828410656444
-2594.57388359753
-2602.606892175516
-2598.9784182987396
-2601.6539447470677
-2603.407204231067
-2605.1397058390216
-2607.782075180351
-2604.102111175872
-2605.840169435424
-2613.8809855724076
-2610.217464832151
-2612.8227144655107
-2614.5145865246204
-2616.2348006754305
-2618.7550848700753
-2615.0860303960626
-2623.096087623902
