0.4000600897097917
-0.46029359379456597
-0.7907236656255209
-0.0588461309190577
-0.1220263718767523
-0.35507522595564744
-0.41198745040660256
-0.4871549798832716
-0.548991356495169
-0.5793449122060685
-0.6426914642118147
-0.2788081897047778
-0.34997700717629754
-0.35665692358140344
-0.38387377303368364
-0.43253866651060113
-0.47965842868259867
-0.4421650389675364
-1.0018213794195798
-1.052651649578916
-1.1197912047869583
-1.15088079806208
-1.1573923227020084
-1.1613105135516089
-0.6900910111506948
-0.713573397848645
-0.7413207681140891
-0.7591743815689649
-0.7904725011604401
-0.8452605053418913
-1.3668756374333768
-1.4007449816141375
-1.4452468503763574
-1.4821939726338984
-1.5047889970867971
-1.5262073317986224
-1.545454148621536
-1.0847144873817176
-1.1094355533826141
-1.1451794730921432
-1.181116889499986
-1.2220866135840833
-1.273978779864684
-1.7926621143735153
-1.8227453283928525
-1.8552509111894313
-1.8753088574010237
-1.888478084490764
-1.907699071804775
-1.9362854089434374
-1.5271018143932509
-1.5349546430005674
-1.5732832934795304
-1.6168093345762549
-1.6551509726601386
-1.6786623933774019
-2.1041065698563206
-2.12822244182374
-2.166830433301691
-2.197733869225097
-2.2142925752697025
-2.229290598341165
-2.2644517475074393
-1.9725680867536284
-2.014972913733334
-2.0387230855425686
-2.067085900755499
-2.1132145097831048
-2.171276703024653
-2.525803350751304
-2.5435150359298957
-2.569130982435518
-2.599500679791191
-2.6379568074184023
-2.674350770449677
-2.3939100586287503
-2.491520168367986
-2.520977770477907
-2.5499803798386855
-2.601961822350138
-2.651024569305309
-2.6326817648769447
-2.9526388609740346
-2.9929986094874295
-3.018179958364127
-3.0460702647306923
-3.0921969209820555
-3.137717431981718
-2.924743229161086
-3.0309410565302426
-3.071018916344478
-3.114437436032286
-3.1490480187726733
-3.146968885553286
-3.186568560637442
-3.4400161608042716
-3.4849312153982757
-3.5190371486744563
-3.5618252700845625
-3.6170364308456797
-3.664046924353403
-3.7176887951350257
-3.7707917867204976
-3.813355015091751
-3.847753817879178
-3.893430595361096
-3.947109133660376
-3.855878803995263
-3.930258137934548
-3.96422937084749
-4.0116773613215155
-4.063861737996442
-4.135108751580281
-4.155546618541854
-4.322912141106855
-4.373153040466465
-4.43693866023663
-4.487254814100238
-4.527522431719658
-4.585656960156642
-4.541925878095035
-4.599675008585119
-4.653429125469557
-4.710479421579502
-4.782328811018708
-4.828058853207918
-4.871468123820707
-4.999611761632447
-5.047175605167802
-5.107563460440765
-5.174178877356272
-5.231973208559977
-5.279180507644697
-5.2637410198042645
-5.336776520059039
-5.398191319258005
-5.464413862266857
-5.535321732471597
-5.60380387066508
-5.638446889107858
-5.7381714143282
-5.795352054441457
-5.8582266381854415
-5.918065021849226
-5.974596291565946
-6.038231635864255
-6.0726512985580126
-6.1363218185037
-6.242997818808931
-6.30979245009675
-6.371354994011216
-6.434814100902985
-6.458943699749765
-6.535378415039452
-6.603720439052889
-6.679070839489944
-6.744427077367117
-6.808156989250408
-6.867172997670877
-6.971317910109299
-7.039657486581898
-7.114310651308345
-7.1907340665196005
-7.255703563731076
-7.311364198282271
-7.357982252639753
-7.428878707914839
-7.498895718634314
-7.569833151167453
-7.642583805334134
-7.711103170250484
-7.774719932547035
-7.860517480565172
-7.937081971553453
-8.007123198529785
-8.086404038670988
-8.175523390289817
-8.25504109802728
-8.327570993995655
-8.394780604275836
-8.470400376502282
-8.565171761914362
-8.646810819024722
-8.709764209230851
-8.774044558192312
-8.851947450592782
-8.946254481343933
-9.031055680740216
-9.107715736578175
-9.186254890911938
-9.276061193779741
-9.364357682175774
-9.441176774271137
-9.515997627021932
-9.602349728758394
-9.696534843037126
-9.769858969031088
-9.852336504991149
-9.938264144991612
-10.028835524598229
-10.115293700264626
-10.199792146552756
-10.285679575286863
-10.380495419768483
-10.459114215817808
-10.55453084405498
-10.638854377395434
-10.721602565390967
-10.812308232422962
-10.901056399630962
-11.000588701554621
-11.087810492356917
-11.178243106425507
-11.278870825460327
-11.377379048591585
-11.47277247762887
-11.563761815459246
-11.655921812756056
-11.739043974579003
-11.834554266405345
-11.933164868562852
-12.042738648265251
-12.138551834776319
-12.199415249803108
-12.29800020144055
-12.39346003949198
-12.48429511054168
-12.585909637973678
-12.680289560970943
-12.776493276713635
-12.828878966347137
-12.93197539912652
-13.029910541200678
-13.128046741077707
-13.235654835075097
-13.344034735207108
-13.586447566659224
-13.576394090467105
-13.67994893849604
-13.791957549412382
-13.892211862305567
-13.994540991233231
-14.08807038942762
-14.18457444919609
-14.2898712135015
-14.39844037024182
-14.514000045919529
-14.615758626072589
-14.73343784144484
-14.803965994508314
-14.901164842029527
-15.004131692147755
-15.116231504919488
-15.228515202479798
-15.338289995918784
-15.438789757150639
-15.575140798382606
-15.695345785906063
-15.815918642746647
-15.925927164826653
-16.033436084924126
-16.14414510086676
-16.226183783430308
-16.343060595300045
-16.45236800768021
-16.557445270868314
-16.70508851305816
-16.81518629648048
-16.90215083323506
-17.01193232866311
-17.125108376588283
-17.24230337287863
-17.358346425654535
-17.47597547396373
-17.58982558802286
-17.740547361898546
-17.8682786494425
-17.996028983439086
-18.10453129620805
-18.221634264797633
-18.345223442352044
-18.46096992812028
-18.542728633637907
-18.661870279203015
-18.78579394602527
-18.90873050771482
-19.033845205858253
-19.150252678246463
-19.258776588786738
-19.379869905131343
-19.51626832045312
-19.647110557900167
-19.776705120217223
-19.901907240624784
-20.070965388169363
-20.19357062447273
-20.321105298747874
-20.44922145106415
-20.579344568294246
-20.7173185524225
-20.853096329656935
-20.926115172849816
-21.04392000710876
-21.170293056307543
-21.299985335090337
-21.42113760163655
-21.546165295850095
-21.681317883750452
-21.822235992376115
-21.96207975430631
-22.091533803802456
-22.221568139218974
-22.35293973209724
-22.483143889219644
-22.67731930007459
-22.82036172975257
-22.945507068684954
-23.0837133358476
-23.232457961398215
-23.3593982306153
-23.428496603084078
-23.556591640950835
-23.697962094418624
-23.842723511680983
-23.973890561051817
-24.108771458002952
-24.25270397222687
-24.39377286508104
-24.531273362933767
-24.66234034694384
-24.80854592630753
-24.9623980471026
-25.105879934569245
-25.32213325662012
-25.485609174956654
-25.59672448610224
-25.77669207708215
-25.888513051593726
-26.066457227470483
-26.201175105202474
-26.2409471325797
-26.385708844636078
-26.516584592022543
-26.64320493211326
-26.785668273402585
-28.237362978278917
-27.11321179356853
-27.261669320559886
-27.404450947345943
-27.54054860508175
-27.683439674621606
-27.84267534636468
-27.992450947374692
-28.166300155081373
-28.330814091591094
-28.490257749300643
-28.63358326033604
-28.79822821452515
-28.882729550238977
-29.032188078712352
-31.921053298947957
-30.68696159115614
-35.781437284624545
-35.6439461456917
-35.91209878761391
-35.924514514933584
-34.16596803583329
-34.34372012649021
-34.42820387721161
-35.32887741262605
-36.37110656081215
-36.625153254143726
-36.7859244374697
-37.337796841087375
-37.50972324601393
-37.67300258096045
-37.828813343131955
-37.98998783680732
-38.15815447905049
-38.3181182903922
-38.46870239750388
-38.61854639952518
-38.77662039530108
-38.94399411869255
-39.11547444895794
-39.28161559712368
-39.3240101816937
-39.52249487033897
-39.69117363387916
-39.86506172453608
-40.04006643285266
-40.1687669990766
-40.363204390808676
-40.53489966111725
-40.6803846261625
-40.87592099258876
-41.03731125517557
-41.24500866038533
-41.45012813111255
-41.61444855116252
-41.77794517739704
-41.94954626243483
-42.12359661468802
-42.2982122567497
-42.48812055114527
-41.91093877943339
-42.804848794434214
-42.98760737560131
-43.15538799130049
-43.37059237565887
-43.551779150169544
-43.72188485331631
-43.87959174384752
-44.0525212901875
-44.234903617930314
-44.41536879793064
-44.588171512756105
-44.76006717341152
-44.96547950010907
-45.15295361407539
-45.33634516774359
-45.514227595730475
-45.6980205196996
-45.88345933028255
-46.06822792885035
-46.24653312323231
-46.427632338195515
-46.62327193719151
-46.81283270054493
-46.99854802958235
-47.177344954792595
-47.328270846681434
-47.52693652814851
-47.70045809293717
-47.90312486963202
-48.108086129085855
-48.294091843186045
-48.51000605469817
-48.689582057870005
-48.889955329434684
-49.067424576407625
-49.28126591100627
-49.476081912630185
-49.69736954312289
-49.88946146826843
-50.12599333801363
-50.327525042862035
-50.52083943667141
-50.72533391903872
-50.92888567435839
-51.11918958979176
-51.30242986579562
-51.50294536862834
-51.52093160622206
-51.732341824816814
-51.93226575745106
-52.15193503699101
-52.31987587930403
-52.65809572183267
-52.85539378873521
-53.05526928715547
-53.25595765032802
-53.47780474602318
-53.68726699037939
-53.891944284032675
-54.08036661606037
-54.26718981971897
-54.477966182029036
-54.7061720964987
-54.935734508589164
-55.15479555933626
-55.222211827008415
-55.43278390921187
-55.61621453434417
-55.85314623547105
-56.077599478121236
-56.30449612677951
-56.532775960208575
-56.720158745932224
-56.96894490073809
-57.21710671412134
-57.46661065566552
-57.66452156507034
-57.8943690787554
-58.247878768978076
-58.47399823444017
-58.72364016181063
-58.95396166008283
-59.211415890466704
-59.44077836301728
-59.6806225460671
-59.89159392256918
-60.12749628694658
-60.34871437060663
-60.60257849393473
-60.84745047676947
-61.10652107606508
-61.03166272803563
-61.42249097801677
-61.67629846939137
-61.94520962135825
-62.236976343189745
-62.60966856454847
-62.71467015383329
-63.00185848077224
-63.272736191938996
-63.58707309614475
-63.83291000122842
-64.2131813032957
-64.50187487891691
-64.76046200421762
-64.71493594226388
-65.17211591076148
-65.57074064959014
-65.83384995113323
-66.06591576718866
-66.31030567199306
-66.49897795049091
-66.74842407723206
-66.99509590779175
-67.24876550547636
-67.51382920718292
-67.77654124812472
-68.03340978205452
-68.28350406607368
-68.5509866226313
-68.81714562857968
-69.06689907244427
-69.31417154824817
-69.57737894026097
-69.8584294745178
-70.16657513208314
-70.43300480549725
-70.66780833356079
-70.89275237299242
-71.1589617990208
-71.4201442425923
-71.67256769808382
-71.92048616485215
-72.18629792513701
-72.4621466607628
-72.7093737644912
-72.92707402106913
-73.17117237241342
-73.47566365777188
-73.74968662020132
-73.99394322401844
-74.2295015762172
-74.45336756278218
-74.69295589880969
-74.97549521124753
-75.2510544690754
-75.49913503409911
-75.76852496170731
-76.03087477002744
-76.29902519957012
-76.54834896328202
-76.79468360083334
-77.04039133182206
-77.31888412463599
-77.57687850731145
-77.83934699703738
-78.08879549576677
-78.36076914495595
-78.60366657755
-78.87581371278385
-79.11215139190242
-79.34693812947093
-79.60322844506194
-79.86563845194092
-80.13806359989553
-80.39195995117541
-80.664953178068
-80.94187504720219
-81.19830652912108
-81.45282726132461
-81.71389010098007
-81.98908440648455
-82.38946898964716
-82.51182143678884
-82.79037917309634
-83.07147580258082
-83.32198856303121
-83.58059017110767
-83.81339629016819
-84.07132247233696
-84.35703637585728
-84.63937359215
-84.89576837414597
-85.15489030740966
-85.5685522143365
-85.69331033761232
-85.98561989764717
-86.28174996213527
-86.56035745304531
-86.833518251394
-87.10954156368528
-87.54769897064934
-87.6926890821856
-87.97316251008654
-88.21187003113252
-88.48371438441508
-88.76535490536473
-89.04799043066139
-89.37404169188235
-89.66213639019878
-89.95177912800779
-90.25948282808396
-90.55812073267647
-90.84590445821676
-91.15078609204147
-91.4378475458757
-91.75827116944859
-92.05972432272999
-92.34940473254916
-92.64157565871827
-92.95195566238473
-93.21987118969405
-93.522692347403
-93.8496959370506
-94.18605478566369
-94.48568889073303
-94.81043824863174
-95.1110582740887
-95.35583093942863
-95.66394631746405
-96.01131813967471
-96.3439607227864
-96.68119359713084
-97.03804038614958
-97.56924544596535
-97.68984903896416
-98.00881671231588
-98.32214225235883
-98.6412408698135
-98.94590721392335
-99.26484045881075
-99.59772519656676
-100.14838573191967
-100.2575304323626
-100.78831225218195
-101.10700696313202
-101.45143976296337
-101.7476485296607
-102.09728460187857
-102.32106963062442
-102.66299999572202
-102.94528783677247
-103.25294943631948
-103.70241176954679
-104.00142773753838
-104.19210006873935
-104.47785799967568
-104.81256977547137
-105.1238952439208
-105.45221691752894
-105.7342024235292
-106.04411635240692
-106.3846985650902
-106.68112645841393
-106.99027797338665
-107.3186308589453
-107.6191352870098
-107.89975551591165
-108.21622175477943
-108.50385405860803
-108.81843375879063
-109.18696442287492
-109.49940508726883
-109.8040892525714
-110.11097811956648
-110.44469662035941
-110.68330385877267
-110.97623234082084
-111.26377480542962
-111.58161005980352
-112.00897849329662
-112.32239727882707
-112.83837687301755
-112.85836785431721
-113.17667994245771
-113.50473821903944
-113.83263111255756
-114.14999556364734
-114.49239895729824
-114.83278248966795
-115.15382092537143
-115.46582447029121
-115.78927531696634
-116.1138515938089
-116.44835214126586
-116.81003049009027
-117.15835626198384
-117.50705941292794
-117.8365995135895
-118.16252161362283
-118.5094671283955
-118.87975644865634
-119.24607740365744
-119.81292372059602
-120.00367032548571
-120.36627051488232
-120.6501499249339
-120.99515451335053
-121.34199638781098
-121.671895649062
-122.07942625984174
-122.45492598623972
-122.82835272924929
-123.18843540840574
-123.5486418643921
-123.90849112307015
-124.28021020247796
-124.65971878825042
-125.01507595808988
-125.34010442364699
-125.7212227679607
-126.07465132882645
-126.42601579642995
-126.78701758690181
-127.14834534495603
-127.48015732356939
-127.8461319260323
-128.21805018782527
-128.58478490022236
-128.93121167157898
-129.22743653518225
-129.5806161008641
-129.961172929127
-130.33756651642196
-130.6984667369238
-131.08202043663889
-131.4282760390252
-131.76263122601466
-132.05723476602432
-132.41975524390028
-132.7785305929817
-133.12596346178245
-133.50158263891032
-133.86019951564586
-134.17986968847453
-134.50235170297108
-134.84561915456246
-135.16600099987593
-135.5802956103085
-135.97058219779868
-136.31709964257738
-136.6273045863562
-136.95118171328474
-137.31353768846623
-137.68612553417842
-138.06047363838888
-138.41185091619462
-138.80394930684267
-139.10095569364995
-139.4366339430795
-139.7774350426568
-140.13846266037888
-140.53139409792044
-140.91798280867314
-141.30735639713902
-141.6602170696696
-142.03324624932242
-142.41087678913274
-142.7428641910034
-143.11676023312816
-143.5057758690747
-143.89422556026454
-144.29141565914338
-144.65507052513664
-145.0116249941013
-145.400232736912
-145.79762713563832
-146.24287657296486
-146.64691933592815
-146.98718946088928
-147.4121417619028
-147.82196923512157
-148.1609858401368
-148.5271599978848
-148.91849306446744
-149.29711769868734
-149.7053175111394
-150.08399265394897
-150.46853731738852
-150.8702017746482
-151.2248674323971
-151.56812129731588
-151.96861522893417
-152.3939228216125
-152.7765379834587
-153.16995234645387
-153.54775386999094
-153.91024658449965
-154.32732968139166
-154.738698403979
-155.11664516693648
-155.5298383277863
-155.90548357649047
-156.3068733231508
-156.67673103406932
-157.04552822689678
-157.4169586726388
-157.9490760159028
-158.30403166411236
-158.6983855674836
-159.0306646876551
-159.40263210950746
-159.94187415319735
-160.24610077645642
-160.6750687282804
-161.07452205111463
-161.47401202570967
-161.8586977005302
-162.19554246112685
-162.63023996633504
-163.0242877333161
-163.48223186572622
-163.8770515969298
-164.29460447256517
-164.7171345511467
-165.04369911668695
-165.4416673224801
-165.89248832713363
-166.40939053519975
-166.79780372923813
-167.18135984383628
-167.57811429438433
-168.0002571802025
-168.36669311401172
-168.73944219745002
-169.1766868830838
-169.58755172343234
-169.98099278358475
-170.39047614144263
-170.80952758640504
-171.18813172606482
-171.65786019308703
-172.01460664750147
-172.4865206106332
-172.82924241944207
-173.23694598943572
-173.65324694485705
-174.08878830408634
-174.53483108300256
-174.92943729725775
-175.38111049458774
-175.76905773998624
-176.18389405576383
-176.5448118423503
-176.91908344214676
-177.27614446231266
-177.6868808142039
-178.16748570022634
-178.61031074581143
-179.0582258271442
-179.42900927472633
-179.86925873668423
-180.32504313356543
-180.75460990925924
-181.23268303132505
-181.6295130955865
-182.08892308789686
-182.57375184565038
-182.9639995215876
-183.4540193159936
-183.85420868914179
-184.36812449954365
-184.7150454896502
-185.1505113278413
-185.59507010647383
-186.0762106252956
-186.45115894136316
-186.96015718398175
-187.54255510377118
-187.97759780177034
-188.24930471084733
-188.73767060053717
-189.06876906754553
-189.51354785860144
-189.96213153057158
-190.47113715418038
-190.88086690851244
-191.3286251514244
-191.7770253852573
-192.1173966515897
-192.5023767627758
-192.9514051864118
-193.40186746239922
-193.797862659778
-194.26998937143466
-194.687095459145
-194.99733939106997
-195.44498114496253
-195.91446490417835
-196.443452783136
-196.79014019981508
-197.2624935269123
-197.68079605929918
-198.14279424363292
-198.62489666259617
-199.05041192942582
-199.57198270589254
-200.15307461268725
-200.56663484848514
-200.88417882557005
-201.39265215786625
-201.8463570651714
-202.33831533048615
-202.95834237357846
-203.39035572689767
-203.90752347572
-204.1690950551326
-204.53076220585083
-204.97219857629617
-205.49063980488006
-206.21485629603004
-206.6111959506723
-207.08782550731343
-207.27552773961497
-207.72453856837032
-208.1746724447661
-208.6663456646312
-209.3328050559514
-209.73769096713872
-210.02423877064868
-210.49029350050714
-210.9263292548363
-211.36254477655584
-211.80630600086718
-212.25851396777986
-212.9155879852726
-213.18480153017947
-213.6579516358729
-214.1271580282611
-214.56191412458733
-214.98067076860306
-215.65455794399622
-216.0934620159253
-216.38702120121684
-216.87374894523094
-217.3508582481876
-217.84868053878165
-218.36823496581889
-218.99438770536602
-219.4710668142818
-219.90157146223615
-220.34992798892713
-220.85184003821544
-221.47245069742553
-221.98253321035915
-222.5085341717809
-222.93804389395177
-223.41793164585093
-223.932526897574
-224.4176956886713
-224.93278172854568
-225.25023323305433
-225.71815981646125
-226.2308390401095
-226.6765370860321
-227.2477695443192
-227.75240112365077
-228.08367253539623
-228.5437942774206
-229.0466734068003
-229.48395002674053
-229.97104139749825
-230.4921135633604
-230.92750657173764
-231.415874931634
-231.94323700731124
-232.41644335138085
-232.93045442421817
-233.45009651242958
-233.91450218921037
-234.44795917314272
-235.023245863414
-235.5112179259726
-235.9743888400606
-236.48980355652142
-237.03095779026717
-237.47426450287807
-237.92306536933853
-238.4412299574774
-238.98618380122127
-239.458077732625
-239.92189010378826
-240.43863635187378
-240.9854580480555
-241.4286152111335
-241.8714839273383
-242.36977680514966
-242.88866168659268
-243.42260594474254
-243.89109936463487
-244.3650983733977
-244.81598103262854
-245.3530495548102
-245.81637476363525
-246.37923518143236
-246.84270045619596
-247.3481365507764
-247.92794534087105
-248.37143508927934
-248.9063594131381
-249.3563346454631
-249.87809496228056
-250.3902369602654
-250.9431597306985
-251.53357508658235
-252.03819533886218
-252.51376434887922
-253.0219864513419
-253.5036550787436
-254.03124511765313
-254.68378292967316
-255.22235104374087
-255.71159421072215
-256.2092964970828
-256.69759579488914
-257.1917419241253
-257.6815822522946
-258.1813836868801
-258.69706585701283
-259.20862835329984
-259.6489666540968
-260.34630340410786
-260.86800448268264
-261.3305980962733
-261.8414016133498
-262.3515047554644
-262.858841265063
-263.36539050993787
-263.8826709356924
-264.4079461307123
-264.9346235719134
-265.51244525761797
-266.0818529515977
-266.57380827807
-267.0969412618568
-267.64405719636943
-268.2274275789483
-268.92694062484327
-269.4826419979852
-270.0080452657807
-270.50222443821855
-271.0510310929661
-271.5822784377305
-272.13432270685746
-272.69170794274237
-273.2436545946668
-273.76849718335313
-274.28518797175207
-274.75737593980364
-275.2944264308271
-275.80812445765224
-276.30255528561133
-276.7570993529053
-277.2393948452136
-277.68225926356433
-278.12022178839044
-278.65696426523095
-279.2196339745301
-279.63015712088225
-280.02891357303804
-280.3075804951209
-277.92710081246685
-275.8183967525417
-281.95902129424553
-282.56211861570404
-282.9269399067169
-281.4268845557797
-278.65208097996424
-279.26274586947267
-279.92332788405
-285.9680064174595
-287.28825140832197
-287.81080041731167
-288.3787013773558
-287.35948906871596
-289.4418192605729
-289.9542827435375
-290.39294821837944
-290.89198702035645
-291.35786592730585
-291.8310801786913
-292.34289905207027
-292.8196656269733
-293.2967436702076
-293.78367722329926
-294.2046354786955
-294.6359140488945
-295.0984021307026
-295.61264862786163
-296.1320996482246
-296.61674793726894
-296.97274340199533
-297.2030358784402
-297.7166054110456
-298.23924403368744
-298.7261296799943
-299.0530106956717
-299.570541924381
-300.1326408472695
-300.6605092130633
-301.31652261497385
-301.67385780665427
-302.3370177721571
-303.10481419301647
-303.78972705587455
-303.96097409305816
-304.71728800929594
-305.5767834775766
-306.6983078099154
-307.7354841436764
-308.3898996126177
-308.47416046416987
-309.1841643558553
-308.5066969668993
-310.5144644491643
-311.11047231416495
-311.6893220227882
-312.14424945485734
-312.6671848026425
-313.2627663981149
-313.87337432808914
-314.346382756172
-314.9487743144503
-315.52966840780533
-315.9488235308027
-315.0518392613214
-317.2519715022019
-317.51236135453036
-318.40114894357976
-318.1736417437646
-316.82073699473585
-317.0303133367452
-316.96805803157173
-317.266564963345
-316.6756630080975
-317.2109236444486
-317.8262737360281
-318.3867811830153
-318.9235058198429
-319.5215411966941
-320.0522311583161
-320.59218961820045
-321.1347996299441
-321.6669703181006
-322.2547363363632
-322.8066892852647
-323.3677319623162
-324.0135021534911
-324.7287316680421
-325.2215155201112
-325.9296400562043
-326.6671726115651
-327.2370928208923
-327.8558506267225
-328.50839747258584
-329.1918312721698
-329.88332464133606
-330.4236370513754
-331.0994576134402
-331.6308394336127
-332.27830774129217
-332.8997881321007
-333.4024535331389
-333.97888830880095
-334.5103367704248
-335.04290038743403
-335.62669650275257
-336.2862636769849
-336.83291280979955
-337.3782346401777
-337.92852088493976
-338.53928882085006
-339.1687039127107
-339.7869444664269
-340.38114604567284
-341.0046750300134
-341.73163048770056
-342.36703459166205
-342.99126223562786
-343.6596409952654
-344.30460535225575
-344.97286970726736
-345.61382886978265
-346.29360656161344
-346.9272651225454
-347.5586364884064
-348.17130875683733
-348.81156280699514
-349.41161781821864
-350.02357383960197
-350.6021871668329
-351.19997659805074
-351.80018784411664
-352.4003288638806
-353.00489830605676
-353.61437149702
-354.24437282401226
-354.8951018260476
-355.54892791940847
-356.2210235353789
-356.91943127604054
-357.62080598785286
-358.30731721564405
-358.98356053590896
-359.6512784800938
-360.3143808930914
-360.84204508721933
-361.49245130934486
-362.0496543492175
-362.7558956172291
-363.36788452122306
-364.00581928390295
-364.6361941910805
-365.2283900214823
-365.8591308575233
-366.40680570344347
-367.02993176468493
-367.6433828497872
-368.24617241877826
-368.8518460594485
-369.40239462390264
-370.0633431270133
-370.687628695355
-371.3920353190896
-372.0204624460227
-372.5977302972008
-373.3442763709271
-373.99237986924675
-374.6941187465738
-375.27998628398524
-375.8401658650697
-376.5384651813924
-377.2263465356705
-377.8330951294621
-378.4333044697852
-378.9868599385071
-379.65841223160095
-380.26729675505135
-380.7997152097456
-381.4384039336002
-382.0615188499421
-382.5254471434951
-383.3845658347611
-383.72946474539845
-384.4005711084225
-384.9601523393065
-385.53435680252494
-386.29672581699714
-386.8701393890923
-387.4611893706912
-388.2882000202319
-388.8808101802997
-389.4919891154966
-390.3661411244055
-390.9338284434126
-391.50288743364257
-392.618787749578
-393.2262596713263
-393.78042856372673
-394.33123480535886
-395.0338740972148
-395.6900827738035
-396.2769873487017
-397.0221179837387
-397.6660464895117
-398.2713357964327
-398.5602944245958
-398.88233993631667
-399.46292242396106
-400.17942126385213
-401.2046738492038
-401.32742260558615
-402.7311606933052
-403.55147646169104
-403.31446554008727
-404.35616009266914
-405.11676688557844
-406.1127916766576
-406.83179048792607
-407.39807302700206
-408.55416897102975
-409.3696937225114
-409.95287793927486
-410.5108236455003
-410.93440657227063
-412.4706952542064
-412.69303672401594
-411.808373504327
-409.8073286848
-409.8068562171109
-410.156939234244
-410.76496417130613
-411.3568443417998
-412.53173312372104
-412.6361842650191
-413.31864007221037
-413.890926253004
-414.4465071005879
-415.1653490930428
-420.2309633395546
-418.02300095136576
-418.74537019621374
-419.06108803107355
-419.7742866130105
-420.514606691126
-421.3165509621847
-421.88133236177754
-422.4428160241782
-423.0212999874939
-423.88347842673875
-424.58963225213296
-425.1479099213327
-425.6943578063875
-426.1942476416085
-426.8589936225822
-427.5939451602548
-428.2405032446331
-428.8668377986704
-429.54547102517955
-430.29275324512287
-431.05967878481255
-431.9722348588926
-432.85843953389656
-433.60475961006284
-434.31567328867345
-434.98738496801974
-435.6522023211255
-436.4161854906435
-437.1813841059528
-437.80171183028307
-438.4491863465562
-439.0703557601831
-439.7259946756192
-440.3920569262991
-441.064957473092
-441.8693637050115
-442.64766340294034
-443.3417656991636
-444.1018696785291
-444.86441159986526
-445.66390766106815
-446.3886411935943
-446.56693338796674
-447.2458725026261
-448.7332306046839
-449.5416776192958
-450.2165838408626
-450.8649044792402
-451.53284320289447
-451.1368118975265
-452.8997352960249
-453.5987842311299
-454.25349507294686
-454.87999683530273
-455.7473855187193
-456.3476902594733
-451.8573299069041
-452.36387667080766
-453.0456120161501
-453.7773910705105
-454.5010397381001
-455.16525100450116
-455.86072771090267
-456.57244934195705
-457.2770569235318
-458.00375369397574
-458.73180433901535
-459.4527785389821
-460.18229729346166
-461.5847494233443
-461.6675876267093
-462.41082141405496
-463.1505972800168
-463.8983561951205
-464.6428088585473
-465.41112741827993
-466.3149256588951
-467.1977717363711
-467.95084274737167
-468.70205604485875
-469.45428224176226
-470.192885767077
-470.91592931560825
-471.5992341220733
-472.31164549230664
-473.0369251550388
-473.76348485704005
-474.49379465773603
-475.28409665513755
-476.04030883837424
-476.7965001276149
-477.5458903956203
-478.3137639407115
-479.1277957446405
-479.9101134776362
-480.69891517645567
-481.49316701581097
-482.21974017636035
-483.01216290090736
-483.7655086112892
-484.5022990645058
-485.3325409006885
-486.06865221210194
-486.6692309968066
-487.1100330649627
-487.8219977067485
-488.6971110948163
-489.4434983668346
-490.2460771644652
-491.0664917768805
-491.8877219956263
-492.756002523826
-493.6367494014965
-494.50018787904094
-494.59970686497695
-496.2685204911531
-497.0431258654663
-497.80437094072266
-498.55544232181467
-499.3228684137525
-500.11482815860137
-500.9305536411869
-501.3092261765375
-501.4801850300041
-502.4662994762299
-503.1235850626943
-503.7118539635991
-504.18128772341817
-504.4706568141118
-504.6158139281486
-504.8290643211124
-504.76902564007173
-504.86238533284325
-505.19877988703394
-505.75868398867686
-506.7444899568069
-506.97433563495326
-507.8102805700962
-508.64118805376427
-510.211745728535
-510.86560332349796
-511.58904908247825
-512.3355595720421
-513.0984358851512
-513.9339611572326
-514.1652542778052
-514.9909477374975
-515.8047327383046
-516.609854623658
-517.4603069870103
-518.3226490865882
-519.1591818972827
-519.8704267346064
-520.5743729897143
-521.4355634261202
-522.2826170431099
-523.0659806984352
-523.9023272935101
-524.7524398340275
-525.6257430508343
-526.3559047287712
-527.0726924360471
-527.9553855069931
-528.8206499777738
-529.6816422842455
-530.5151664359847
-531.2213855950978
-531.9323262730355
-532.7954322586428
-533.6628113622431
-534.5218810491143
-535.41164362818
-536.1373119151109
-536.9204810441427
-537.8044019427675
-538.676017565196
-539.5632761829826
-540.4778969365606
-541.1899694214841
-541.959394116579
-542.8758202763821
-543.7604027601204
-544.623213493036
-545.5170261848748
-546.254929080511
-547.0397750296871
-547.8800996467021
-542.466562579262
-543.3605847989317
-545.7581658646324
-544.8574296177937
-545.7753054369127
-546.698474586777
-547.6156493696227
-554.4711563101228
-555.3499783677016
-550.1079010044373
-551.0049745301593
-551.7353442467548
-552.5910285048922
-553.4642232860494
-554.3146440584432
-555.2016087927574
-555.9510441836128
-556.7194340737907
-557.6539230649225
-558.5782041398099
-559.3839414363412
-560.1131526630218
-561.0556028056213
-561.9894904596947
-562.7235214914922
-563.4822647395677
-564.28727651919
-565.2996216677146
-565.9871498733497
-566.7703795936187
-567.6495128347133
-568.5575825604657
-569.275095744329
-570.1276925435471
-570.7678828841617
-571.744691147713
-572.3626133530757
-573.3265641162807
-574.1890333200638
-575.1014175976411
-575.4529856620484
-575.634936021092
-577.9813956395714
-578.5153893210351
-577.0492532995719
-574.2212640587566
-575.6963597997287
-577.6736143334223
-577.8159544972624
-578.6912278079144
-579.585424737334
-580.5056194104848
-581.0559094042272
-581.9838040111957
-582.7183463747798
-583.5350055911921
-584.4517338564547
-585.4165448514696
-586.2024022013871
-587.0491875613527
-588.0564862067204
-588.8872917394893
-589.7949269725735
-590.7969939841979
-591.6511779729782
-592.3653065495147
-593.2706849201669
-594.0669576561423
-594.9776051180528
-595.9064833789919
-596.5479479953659
-597.3972957832096
-598.4185568841176
-599.3651470574684
-600.1594091542012
-601.2417138773548
-602.0827338323893
-602.8973537227345
-603.8520872567649
-604.6524985302669
-605.4578953214818
-606.378664788592
-607.1683962941821
-607.9991122975398
-609.0708792659823
-609.9417137503272
-610.8947060755319
-611.9944123311413
-612.008326547561
-613.7554056051819
-614.7119201012753
-615.5016671818107
-616.3297090660828
-617.3555347256078
-618.1104501927473
-618.9926471196081
-619.6901277973581
-620.7141864300501
-620.4595863737487
-618.9764974638281
-619.7610919117126
-618.5766654002867
-619.5097829778881
-620.2961210743803
-621.1610186723801
-621.9563177994804
-622.9368722416672
-624.2064870929631
-624.862858096286
-625.9688296051534
-627.0661798594571
-627.8867676510246
-628.6251571096022
-629.476569890172
-630.5273066020485
-631.3967499562494
-632.2010148527729
-633.0235207395851
-633.8321465433426
-634.8735076320398
-635.7444852937731
-636.5949615499358
-637.483095912526
-638.4305374179488
-639.5972070153244
-640.5185250685449
-641.2320246395338
-642.2589532544492
-643.1069444122991
-643.9179228395687
-644.8108680329581
-645.827356384786
-646.7021203870725
-647.6277499294808
-648.3745716470813
-648.3725618974196
-644.6368075967898
-645.4704909043858
-646.2808335462697
-653.3799566923798
-654.2798304509192
-655.1650990211898
-657.2524267234066
-650.9367753291043
-652.975927017917
-652.8895862416255
-653.7818357428653
-654.7337579410809
-655.6674215502077
-656.6652905410879
-657.7023137555732
-658.5145362128625
-659.4772324873501
-660.2847852849494
-661.2138967251925
-662.0898269703815
-663.3663474812439
-664.1668330613884
-665.1026507436118
-666.072332463763
-667.1265197559355
-668.0942366857178
-669.0303145829878
-669.7645872831981
-670.7216478357502
-671.4470976724299
-672.3869178934382
-672.9642831160236
-674.4142797930245
-674.6991531906308
-673.8168066673908
-672.0808181400943
-672.5129363625907
-676.6673122029054
-676.6194395754246
-679.1554408692263
-682.1615640491832
-680.1130218233445
-679.0622910447236
-679.2769822204526
-680.2742686781115
-681.3938340216938
-682.3960154648582
-683.3873046936037
-684.2759393097347
-685.2121960624336
-686.2111134465107
-686.9908410843033
-687.9232121517382
-689.0296662698972
-689.9660701102491
-691.0278877228682
-692.0577614716323
-693.0230585678275
-693.980886108416
-694.9043317965494
-695.8406075753949
-696.7566368910341
-697.7229387664162
-698.632599077078
-699.5732966904068
-700.6504914543173
-701.7674402003936
-702.677563757404
-703.8047676137236
-704.6069026629818
-705.6275418635387
-706.3475856496011
-707.6522670822294
-708.8565189905491
-709.6151641307835
-710.8459044762768
-709.915674889557
-711.0933223656652
-711.57995471348
-712.5933324278019
-712.5182417428234
-715.7836847822894
-717.3355739893209
-717.8699396912217
-717.8703217230369
-716.6804539416437
-716.9409431916304
-718.0179128020801
-719.1271716676472
-720.0360027047221
-720.8883562265465
-721.844080764133
-722.6358341112265
-724.0174208728093
-725.1887672422581
-726.2540520749698
-727.4344012277119
-728.5063563421328
-729.2094857475246
-729.953754422762
-731.2252548166442
-731.347534617993
-731.9332094404192
-733.1242004711935
-735.6833720032274
-737.349742152957
-732.4288911705493
-732.762819216752
-734.2173463733511
-735.3683626041698
-736.5473677656036
-736.7196926291978
-738.1325053625585
-739.3960858922472
-740.1515556692674
-741.353292711649
-742.1866384699474
-743.1610042833522
-744.2178271885336
-745.2495899405106
-746.3123176318005
-747.1446405607112
-748.2653193281719
-749.4211858123034
-750.3659988699096
-751.3474831145421
-752.2380428969201
-753.6262433490416
-754.2606880793206
-755.4852365782235
-755.1573581319778
-757.6123311784479
-752.708132215067
-753.8440476497913
-754.7134329438186
-755.768755892579
-756.846608862065
-757.6827083158516
-758.7184063591754
-759.7597727702095
-761.3233176625101
-761.7701490421812
-762.9425300591844
-764.0966678613485
-765.2875082959805
-766.1923031165064
-767.2671650230225
-768.2717592881658
-769.0794698749477
-770.0869485512521
-771.0173774325525
-772.1965133521388
-773.384874922839
-774.5654134857782
-775.4944820132375
-776.6210348699
-777.5774490915901
-778.3979249629341
-779.5018058417154
-779.9539535083832
-781.0657220732072
-780.7358903854762
-777.3479221069585
-779.3639278366906
-780.2860732316731
-781.0798954899784
-782.047107752519
-783.1619501911441
-784.0533983043615
-785.1412329010701
-787.5488252058682
-788.2517345893132
-788.9530975119292
-789.7009998894413
-790.8295052951872
-791.4580291608297
-792.5021587425788
-793.5993881523194
-794.4789717943435
-795.6179281018137
-797.0500671597243
-798.0917681326637
-799.1711052365044
-800.2246087661664
-801.0820651541653
-802.1291855575522
-803.2493430924206
-804.1215773958587
-805.2782831131966
-806.472530727659
-807.4878849479427
-808.5021047787617
-809.705342793069
-810.8425469745458
-811.734140999255
-812.7919996714919
-813.9017115609944
-814.8443801646166
-815.8216689726072
-814.0878368455558
-812.9231952635104
-813.2257005091988
-814.2996524274732
-815.4289747904677
-816.3235241773241
-817.2890069023796
-818.4287788302055
-819.6929163952311
-820.7454653337094
-822.1096843558486
-823.2987221802712
-824.1914628199722
-825.1080999294195
-826.2132032761065
-827.2543479978574
-828.2107009694133
-829.2047724345715
-830.469872495801
-831.8291188578709
-832.846043102644
-834.0665894019675
-835.2260830294211
-836.1251538892828
-836.9778462318078
-838.0995281087452
-839.4390782801212
-840.4709115268073
-841.5323508462326
-836.5789543047691
-837.712155792691
-838.6532376003505
-839.5650598294391
-840.6957671058262
-841.9291003075729
-842.9287405743064
-843.9518395226033
-845.2646887437664
-846.4976938490428
-847.5305039283223
-848.4803934366363
-849.6245809134654
-850.8539178144831
-851.6689959990347
-852.7301823641042
-854.0250906844998
-855.4458562432826
-856.4646853836794
-857.4559059073789
-858.4323169546233
-859.6500970196986
-860.8471455782969
-861.6045714204902
-862.5463640428039
-863.9732997818577
-860.3215461555727
-862.2080358832081
-861.3370058864436
-862.3059345819164
-863.4009768563886
-864.8413274973783
-865.890526723854
-866.9586817509414
-868.2872264021597
-869.591156895505
-870.7835538651597
-871.5376974885826
-872.5285952574872
-873.8142289178301
-875.0773148177535
-876.1025498761419
-877.1369759607612
-878.1816406956376
-879.4942910923523
-880.7719569333053
-881.7743842411436
-882.7836295201475
-883.7977460525666
-885.0739568987393
-886.3687244761566
-887.4613776366067
-888.5710753541406
-889.2401309897484
-890.9458959803618
-892.0524997384831
-891.4461924590178
-888.0281298787205
-889.6563439362418
-890.1897860502087
-891.560958640057
-892.9745955375774
-894.0306744183865
-895.0086792899535
-895.9746580538178
-897.1926150284745
-898.6067752615731
-899.7408180849612
-900.8159267075373
-901.890575900324
-902.9441286844301
-904.1839992404732
-905.5092252984209
-906.5512999356986
-907.6367873328913
-908.7375638749575
-909.8347551227614
-911.1767710889416
-912.5650142139693
-913.6310174993024
-914.6819380807341
-915.7242067724218
-916.8185615514344
-911.7925251475427
-913.7315729719709
-921.7495910523627
-915.5440946934634
-916.6185681014625
-917.6114000600107
-918.8871662903261
-920.3706353210956
-921.4848573800235
-922.5913989223033
-923.9358861652644
-924.8865768142488
-925.9986846319856
-927.3262658731013
-928.6754431608567
-929.7821733191142
-930.9013817631331
-931.9871164693649
-933.0726769381363
-934.1711184849446
-935.5595613991752
-935.4047505901431
-932.1985119434919
-932.7854414489856
-933.9665816650112
-935.1028940038899
-936.209882494843
-937.3918753525011
-938.8055252797601
-940.2399600342422
-941.2619001175094
-942.3642253111578
-943.6889665870469
-944.8085317499847
-945.8976843299137
-946.9818723042666
-948.3616206040862
-949.7674439602566
-950.8893704800408
-952.0900407511459
-953.2607995724057
-954.4117083200761
-955.5039210673295
-956.4734345132124
-957.499268532526
-958.7485604473934
-958.9143518716642
-958.3713302351152
-956.6383608533765
-957.7932141223606
-958.9110627710255
-960.122816503988
-961.2567774306425
-962.4466894916468
-963.6358203502741
-964.8889525280383
-966.4696918334624
-967.6020175200395
-968.961729576249
-969.9662304747048
-971.1035938784428
-972.3267547718317
-973.5295381799167
-974.738073137836
-975.8663927313906
-977.0820248218602
-978.5050586606583
-979.8912674920847
-981.000774901506
-982.2387006549552
-983.4859428962629
-984.670745769774
-985.8296583012558
-981.7564965105837
-981.8036435145973
-983.090643679146
-984.2090342661818
-985.4266581040716
-987.0073484020603
-988.6593372717198
-989.7882109081894
-990.9772835678851
-992.168248695127
-993.3702023824632
-994.3529750132888
-995.5580392743038
-996.8158729703064
-998.0178939397549
-999.2649206199696
-1000.4394842857208
-1001.6747201525023
-1002.8330529113313
-1003.9734661006204
-1005.4641857277619
-1007.0774576843037
-1001.8540691234276
-1003.0569834538039
-1004.2971092083492
-1005.5221976830593
-1006.8180982754443
-1007.9822297268945
-1009.2224270394893
-1010.5026853855343
-1011.560997554235
-1012.9349336907636
-1014.2383890301979
-1015.5196785565496
-1016.6808964012945
-1017.8301337038891
-1019.0361802564651
-1020.3066236566217
-1021.6209024470189
-1022.8229422031736
-1024.0451147483989
-1019.0487206649955
-1027.138057608932
-1028.3509405677
-1023.4797793723478
-1025.8204760384078
-1025.691492532192
-1026.8811508047363
-1028.147274103619
-1029.544431633401
-1030.7416941240278
-1031.9484723675057
-1033.2465065592585
-1034.5748423219677
-1035.6353741770804
-1037.0196788725061
-1038.2894223832031
-1039.4097714561995
-1040.660008240588
-1041.973927569056
-1043.2869162955542
-1044.645758324152
-1045.9010380498673
-1047.1047983299404
-1048.1959522105951
-1049.3424207610408
-1051.0002931049808
-1051.0339288093055
-1049.1156771569658
-1048.5087171727387
-1049.7336711484681
-1050.9475723554694
-1052.2897340921854
-1053.614153307316
-1054.8786520693673
-1056.1363778996151
-1057.4303240852826
-1058.8190217051363
-1060.048556590801
-1061.227691650145
-1062.6003502205779
-1063.9527138415062
-1065.2153541430382
-1066.4588630116048
-1067.7737267466046
-1069.0807308958022
-1070.3301025596054
-1071.6138147114355
-1072.9802734069988
-1068.0155312185875
-1069.68336235106
-1071.0018683659737
-1072.0061802607693
-1073.3093715883385
-1074.4862903072835
-1075.7890394512954
-1077.1536184186248
-1078.4736789492083
-1079.76883719862
-1081.1004191530853
-1082.459337127492
-1083.7252470021012
-1084.9658713911035
-1086.2773530100403
-1087.6481093485227
-1088.964289540212
-1090.257290170955
-1091.6176957283276
-1093.0139854535057
-1094.3209758081057
-1095.624891261158
-1096.9737418725128
-1092.4424327051163
-1093.523039437217
-1094.8142094636426
-1096.1767018403536
-1097.3594207204367
-1098.6492666159895
-1099.9731258169402
-1101.0208378538462
-1102.0322243834328
-1103.3824977419324
-1104.7223578228447
-1106.0961932627663
-1107.550035291148
-1108.8548242105448
-1110.1559836114957
-1111.5428863177428
-1112.8842236761766
-1108.142006876764
-1113.231174413065
-1110.7164613697762
-1112.0774716931292
-1113.3904702581406
-1114.8654353482852
-1116.2507432744808
-1117.6146547020685
-1118.802058597972
-1120.1992397075435
-1121.6435828410122
-1123.0226099203012
-1124.0309027666883
-1125.0215028963182
-1126.4055669085963
-1127.7618857903108
-1129.0826473727798
-1130.4452738078862
-1131.7268485800748
-1133.384052844515
-1128.6173216299132
-1129.9919507466072
-1131.2883240221458
-1132.6573386901239
-1134.0303035398474
-1135.4347515267384
-1137.0152513464398
-1138.2558278660815
-1139.2707963297566
-1140.4716639665191
-1141.7045670705186
-1143.0942446575666
-1144.5280992550395
-1145.9509773760249
-1147.3715089203563
-1148.7554892656988
-1150.1739024571677
-1151.580933771774
-1152.9808459276555
-1154.3733659073089
-1155.8279472768218
-1153.0654655226144
-1151.8045173611342
-1153.195507108861
-1154.4728525094179
-1155.8966193670274
-1157.3583958556642
-1158.8288213285018
-1160.2931819947582
-1161.7443559879107
-1163.1105745749705
-1164.5200367043294
-1165.591982016223
-1166.6525010089797
-1168.0988226574432
-1169.5015806388265
-1170.9750749959087
-1172.4162037436329
-1173.8503454028364
-1175.2586696051478
-1176.7157744382312
-1171.8332487287773
-1172.9810672203268
-1173.9872166406212
-1175.5476546633643
-1177.0106721147981
-1178.4436332954895
-1179.8643954328384
-1181.333077638579
-1182.799546210554
-1184.25152972513
-1185.6697751951876
-1186.793323552512
-1187.8925768822544
-1189.3920343954267
-1190.8001793335438
-1192.312566301654
-1192.4718272618418
-1188.9780378844594
-1190.4704542137063
-1191.9385910401625
-1192.9729214940335
-1193.8363713903052
-1195.2764132852262
-1197.048338397405
-1198.5747971290064
-1200.0673572923397
-1201.6423299990638
-1203.0922556845137
-1204.2378960086132
-1205.3200578987662
-1206.8235458974423
-1208.2196686250074
-1209.78133365317
-1211.238241557897
-1206.3963147990703
-1207.5972794250135
-1209.021005928076
-1210.195478614604
-1211.6929319663047
-1213.2046379966046
-1214.4668014195493
-1215.964061873297
-1217.5174094144281
-1218.9647729190865
-1220.0105618403807
-1221.4850999285015
-1223.0709111428962
-1224.6422077533796
-1226.186929474616
-1227.575022089332
-1229.086648941691
-1230.293578306824
-1231.398590745539
-1233.0270157954253
-1228.493269547453
-1229.518616059331
-1231.0646474349717
-1232.4882207492885
-1233.5126442697447
-1234.8232432102352
-1236.660252715326
-1238.1880417597583
-1239.7474968128288
-1241.221336150069
-1242.419303059495
-1243.4964402555524
-1245.068304447361
-1246.6397973576838
-1248.2307799657065
-1249.7116677324525
-1250.9195986290583
-1252.0298493838861
-1253.553273514881
-1248.6236461406738
-1250.1656972389028
-1251.752557065274
-1253.490295842676
-1254.7476132638803
-1255.860116995103
-1257.3341170787337
-1258.9915220761595
-1260.5242279924241
-1262.0815888985808
-1263.272974914215
-1264.4358257546671
-1266.0118649987444
-1267.5526825261456
-1262.813195740273
-1264.366606465344
-1269.491473729965
-1267.9141065991698
-1268.357928034162
-1269.9656802528918
-1271.5101971639674
-1272.6935458117564
-1273.8574451326906
-1275.4548537584803
-1277.0706345663066
-1278.7525949722353
-1280.2928010455726
-1281.518612714954
-1282.645461656287
-1284.2371624766195
-1285.7838951994609
-1287.3504235694163
-1288.5362480646181
-1283.5377845734727
-1285.1051088663717
-1286.7429883988993
-1288.3186241283431
-1289.5048918826415
-1290.700039178783
-1292.4955153153062
-1294.1001133988518
-1295.5922052185251
-1297.2275712723933
-1298.453007469234
-1299.6420616946423
-1301.1960073893365
-1302.7935273884457
-1304.4242686305388
-1305.6237608840086
-1306.7637718899748
-1308.517759712683
-1310.1182962930861
-1307.6845798007284
-1306.9613958789787
-1307.9275803616129
-1309.5519409956682
-1311.3596385191317
-1312.906358678763
-1314.0698935193016
-1315.2673211422796
-1316.8830027197412
-1318.4833128150262
-1319.7266564372956
-1321.041357765171
-1322.7069927367372
-1324.0369343145364
-1325.8824408487812
-1327.1556755404802
-1326.930751026687
-1330.1608379077477
-1325.4624623215843
-1333.3625950235278
-1328.6150733813224
-1335.8728303130206
-1331.2404278060967
-1332.8594835398026
-1334.183000425512
-1335.3686532368165
-1337.074687723772
-1338.876625901092
-1340.5139783673878
-1341.5983689034044
-1342.9276172796967
-1344.6410489750235
-1346.2814714530996
-1347.5551023513128
-1348.8097185335425
-1350.5033456782032
-1345.9011267545816
-1347.5872809171908
-1348.8668336198275
-1350.08560345778
-1351.814993648565
-1353.6090891092817
-1354.7858069490755
-1356.1089276715995
-1357.6414481794939
-1359.3617993090472
-1360.8180778799815
-1362.0817432131244
-1363.7545299886822
-1365.4743546635677
-1366.7680709240985
-1367.8515771944642
-1367.931276508133
-1365.2109829387005
-1366.9433073852547
-1368.2240050391988
-1369.4718251635031
-1371.1867318153425
-1372.9266928051397
-1374.0052795647978
-1375.645643950047
-1377.3702203146477
-1379.0976831416406
-1380.3424380353672
-1381.4562436597307
-1383.3856764114032
-1384.9610517434037
-1385.9691252741227
-1381.523463213115
-1383.2581551452454
-1384.9985554540906
-1386.3156928514418
-1387.6573041196555
-1389.4452570939359
-1391.1494336619926
-1392.3502728949602
-1393.770865048588
-1395.600083712451
-1396.8396649619249
-1398.2526323901673
-1400.0411386328915
-1401.8457774617898
-1403.195068020048
-1404.5213891019835
-1403.6661251073674
-1401.844794957732
-1403.1845479877102
-1404.5145115797775
-1406.3051563929253
-1408.0739128198486
-1409.3765676921673
-1410.6391262471595
-1412.5584389171163
-1413.8805147819573
-1415.204359140134
-1417.014946272211
-1418.799591939657
-1420.1410629215482
-1421.479407081793
-1416.9900412947998
-1418.8602129981234
-1420.2558222267849
-1421.6658975774274
-1423.398426267982
-1424.7826513902114
-1426.1471003754395
-1427.9692794506557
-1429.7927186009442
-1431.1723769286632
-1432.5497450564724
-1434.3513109975208
-1435.5889693635925
-1430.7503383189046
-1432.6137920024828
-1434.524693232002
-1435.963176756962
-1437.249109588728
-1439.0437379671414
-1440.431724088947
-1441.843427828231
-1443.7292581938827
-1445.5845873873602
-1446.882967676476
-1448.392103791003
-1443.885128489562
-1445.3310630658614
-1446.7156215771683
-1448.577329585451
-1450.4407649679843
-1451.8032310531692
-1453.1776555686781
-1455.0638857824556
-1456.5168909106626
-1457.8676106769253
-1459.8093966711424
-1461.2570275115934
-1462.6011495074185
-1464.3089073412955
-1466.182381069616
-1465.7243857492952
-1462.7701167182051
-1464.623058267104
-1466.0283332720808
-1467.4522049788195
-1469.3118806320426
-1470.8103254477471
-1472.343132562442
-1474.2382700017445
-1475.8252773060806
-1476.8542095950954
-1478.7377990972745
-1480.6946564787363
-1482.0954258523254
-1483.5752479221353
-1485.381123652085
-1480.5829262127522
-1481.8860591667683
-1483.7485459955833
-1485.7275197719212
-1486.6457020670498
-1488.5507663693872
-1490.0739208672471
-1491.6027397089965
-1493.4026307796878
-1494.9295464044062
-1496.176812900696
-1498.0789733374852
-1499.5278359462402
-1501.013365999196
-1496.5109269667578
-1498.4470518250862
-1500.044110714982
-1501.2819101203083
-1503.241904366291
-1504.6533963121587
-1506.0542174353384
-1507.9537447634543
-1509.4983537450291
-1510.8288616856091
-1512.962395123703
-1514.361872845963
-1515.8389056089682
-1517.6157185575673
-1516.2656672227686
-1514.2120445534501
-1516.0765386075911
-1517.5421759591563
-1519.039665515881
-1520.9943868594144
-1522.6919832005137
-1523.8525947712674
-1526.0211679466345
-1527.6164976207958
-1528.7846467328895
-1530.698904472082
-1532.103264072315
-1533.6017818874775
-1528.5580717373075
-1530.8165026755078
-1532.3002899949022
-1534.6624062981718
-1535.1883224574208
-1537.214856508382
-1538.5199417948152
-1540.0979852598289
-1541.9961717305112
-1543.8890059899397
-1545.1051929661792
-1546.9467401473605
-1548.3181247917569
-1549.748939288366
-1551.5839095404287
-1552.2083955741389
-1554.3343844400267
-1553.7489501284276
-1557.1889373626263
-1559.928416333956
-1556.7881095123573
-1556.6664907566612
-1558.6325564290132
-1559.900278053822
-1561.21301056447
-1562.9968388552734
-1564.394452455005
-1565.9975918876512
-1567.4855030264223
-1569.605457526887
-1571.0463271454576
-1572.9411775251026
-1573.7720076524936
-1573.9720016200986
-1577.4569160047772
-1578.947907233209
-1574.6755704240907
-1576.1357645887429
-1577.625077228017
-1579.5275970505163
-1580.9162357681964
-1582.483864927134
-1584.6895352070972
-1586.0882826205982
-1587.6662763456045
-1589.2241186796498
-1590.7204964366065
-1586.5063640722806
-1588.0245019162855
-1589.5345337618135
-1591.5346020515124
-1592.9997205758293
-1594.5157486422613
-1596.1317941085879
-1597.7208269211214
-1599.8257124750394
-1601.3386836730626
-1602.8829495438763
-1604.9337095679632
-1606.3788699896231
-1608.0365900896186
-1605.798501103617
-1604.8486943734667
-1606.8963948947007
-1608.3916778075818
-1609.9123537139071
-1611.501500660381
-1613.0638911499661
-1615.1244795936536
-1616.6815612560092
-1618.2260862406185
-1620.2833208734482
-1621.8246795821747
-1623.411766573469
-1618.7515945888986
-1620.3967459986952
-1622.3350680718283
-1623.9071103001932
-1625.620426865953
-1627.0218908716067
-1628.603547613052
-1630.6842254851917
-1632.2819724375756
-1633.8494622446863
-1635.2934985936683
-1636.9056397266768
-1638.8367867258462
-1640.6601950684396
-1642.3189952839816
-1640.2817468670878
-1639.708541840314
-1641.1015832712483
-1642.683120837175
-1644.305342321327
-1645.9277505146833
-1647.4885663674283
-1649.7522332057354
-1651.2249484106756
-1652.9578228605192
-1654.307341733673
-1655.9909795092278
-1651.956912348987
-1653.485748614622
-1655.0227809423272
-1657.1336800441256
-1658.346365181716
-1660.5072398251168
-1662.0088522255426
-1663.6077740207418
-1665.2239399683356
-1666.8517462328125
-1668.993557260352
-1670.1601134207206
-1672.2225551831316
-1673.4133539800303
-1670.5356523485127
-1670.6823468392363
-1672.29233067628
-1674.5158913284558
-1676.3461887652531
-1677.7163660128333
-1679.2712172575011
-1680.8124522466894
-1682.96227848125
-1684.766886054148
-1686.3556957382862
-1687.839406995434
-1689.668218081148
-1691.2771481634497
-1686.970516161601
-1688.7825825964655
-1690.378315759507
-1691.971983089792
-1693.6208247069255
-1695.1983839577993
-1696.8550904515519
-1698.5662027503674
-1700.9645776660755
-1702.4469020343413
-1703.9972110937783
-1705.5043500184224
-1707.3428184999786
-1708.8442626016501
-1704.3624670413778
-1706.621589484632
-1708.2981518040856
-1709.8835008470305
-1711.522422756162
-1713.197855494665
-1714.8433686225965
-1716.5975266356684
-1718.793349147486
-1720.5028360836257
-1722.3351106103753
-1723.867756909512
-1719.272781106085
-1721.0302903873428
-1722.6185582019928
-1724.806619438264
-1726.5079358813057
-1728.2264425501523
-1729.9072403841863
-1731.615372170098
-1733.23013163389
-1734.927220174469
-1736.5546449549884
-1738.2969332240498
-1734.2873523929186
-1736.0361867979668
-1737.867786337965
-1739.4960593714143
-1741.3908496395275
-1742.7633133957959
-1744.45650713929
-1746.1631973478572
-1747.8413594166498
-1749.5341601104296
-1751.4859234039875
-1753.708421154353
-1748.894161524364
-1750.6346978416864
-1752.4197604112492
-1754.0479419699282
-1755.7273806627843
-1757.6843924840268
-1759.1249172470039
-1760.904611286898
-1762.5854305092428
-1764.5466669104428
-1766.6551516493603
-1762.1531859127797
-1763.8483402592508
-1765.575650863433
-1767.2769826701808
-1769.0888823264427
-1770.7476093756882
-1772.9642843838885
-1774.1773183695382
-1775.8967342900924
-1777.5975167352192
-1779.9682886540486
-1781.1112127094812
-1783.0546237880071
-1780.6763669241707
-1780.6843519735257
-1782.4254978419244
-1784.206368461567
-1785.9523212049119
-1787.7682732476958
-1789.5819158463828
-1791.1949274177703
-1792.9512556335953
-1794.979545897735
-1796.4392471059887
-1798.2798636987138
-1799.9143200175715
-1802.0069474603513
-1797.806487561145
-1799.7796731416624
-1801.4735254360512
-1803.5814739010243
-1804.8737961305853
-1806.6695922115046
-1808.4282618324985
-1810.2356714879509
-1811.6357161590731
-1813.9769184102993
-1815.8448159033057
-1811.2678261178419
-1812.969648929459
-1814.729407160568
-1816.5000060775144
-1818.4161154566098
-1820.0726742081692
-1821.919509428414
-1823.700068989955
-1825.7565517601909
-1827.3837770374828
-1829.0325263652096
-1830.7092968161953
-1833.1357057617759
-1834.9598468133647
-1830.9768898675518
-1832.7394020637673
-1834.4788190772724
-1836.5555835482764
-1837.897444802042
-1839.9178661063722
-1841.9768715381533
-1840.799344436163
-1840.6879219295665
-1841.742487898873
-1843.371573430644
-1845.2491922634426
-1847.0430234981025
-1848.7304467239203
-1850.6441724982658
-1852.4058191027677
-1854.4525643612758
-1856.4203708783202
-1855.3310392197568
-1853.7792607034287
-1855.7088761321475
-1858.0234633741384
-1859.6772212181183
-1861.6466725374826
-1863.5099275870834
-1865.2942499598478
-1867.1372283713727
-1868.960797671055
-1866.9674838068713
-1866.4930124593889
-1868.3692920357546
-1870.474138110046
-1872.2082792940168
-1874.4208513064227
-1876.1455059185732
-1877.8524012549562
-1879.6852098708143
-1881.5849475483692
-1882.4266896933366
-1878.9624631500046
-1880.9557339523697
-1882.9151963875834
-1884.7093293995779
-1886.5097319141491
-1888.583892620292
-1890.4103330776186
-1892.2898321013276
-1894.2091047346232
-1896.0464609734238
-1897.937995967461
-1899.1895684517046
-1894.7930545250997
-1896.6510668734265
-1898.6720653020975
-1900.519884069763
-1902.3853915713262
-1904.331783946752
-1906.2139095175573
-1907.9176009154062
-1910.0118993952512
-1911.9072508907527
-1913.7243263239002
-1910.2460289790479
-1911.290443481725
-1913.242857686487
-1915.1520700348196
-1916.9544436611254
-1918.926425503863
-1920.8032183868133
-1922.7139367141679
-1924.6676056039264
-1920.2756599406252
-1924.6542046546047
-1924.0545492412489
-1925.987953232068
-1927.211331012633
-1929.2524237999517
-1931.0922584481755
-1933.0005880784547
-1934.8857742805628
-1936.7602427721015
-1938.704626044388
-1940.6157878597576
-1942.5240154375092
-1938.2184406176686
-1940.0415576835412
-1941.9471860097294
-1943.8929543144243
-1945.8570400504034
-1947.7474390495702
-1949.079430542469
-1950.8777540176036
-1952.8077506207428
-1954.7598503423592
-1956.6424791422685
-1958.575410313034
-1954.2313426478077
-1956.2341521050796
-1958.0566715847724
-1959.9731675677776
-1961.9211926335463
-1963.8395423289342
-1965.8074772673506
-1967.1134888546055
-1969.0771321284906
-1970.9942776050846
-1972.922083149415
-1968.6086310164774
-1970.5387501686268
-1972.542220917241
-1974.4966607846152
-1976.4601484577017
-1978.3455964995967
-1980.2860310847277
-1981.5919796098453
-1983.5387588704832
-1985.509756689486
-1987.6334370679638
-1989.4944670212828
-1985.13041406517
-1987.12932011719
-1989.2108376814808
-1990.9929698945298
-1992.9321375886445
-1994.9339582231237
-1996.2808665654438
-1998.2953696845138
-2000.2801236151572
-2002.2102666342937
-1997.9268280390124
-2000.0356513800207
-2001.8587617884523
-2003.8719977182188
-2005.8445777550662
-2007.1580328126388
-2009.1208031615745
-2011.1244730437447
-2013.0829963968627
-2015.0395704365742
-2017.0588041866074
-2019.0865557482641
-2014.7669095071483
-2016.8650855647572
-2018.177665017015
-2020.0993535853875
-2022.0421694212757
-2024.0165116063083
-2026.0169041643617
-2028.1554039293403
-2030.1364443351526
-2031.4645862142372
-2033.4399011858718
-2029.2353618660657
-2031.1652324093154
-2033.2057711759408
-2035.4287933041078
-2037.238343521513
-2039.2542834637518
-2041.282893226034
-2042.5432654770982
-2044.5715903804198
-2046.5233684235286
-2048.6927178423443
-2044.458151067607
-2046.4740827514174
-2048.525824943284
-2049.8695849124233
-2051.884805404935
-2053.8319873484975
-2055.8760286182064
-2057.244229456436
-2059.317642260659
-2061.324388211246
-2057.0840392342084
-2059.2122572927387
-2061.31043894497
-2063.3111415401063
-2065.354525533878
-2066.6579018499538
-2068.6476834420127
-2070.73288059639
-2072.742950091225
-2074.7806435019793
-2070.7689048650673
-2072.8454906760194
-2075.6533642308004
-2076.244102728331
-2078.244913378665
-2080.2180246578105
-2082.145010179734
-2083.570382781494
-2085.6340379231056
-2087.7736000354057
-2089.926351152418
-2091.0351922080913
-2087.842118209623
-2089.8666295105018
-2091.242956181924
-2093.396551856299
-2095.393464559027
-2097.3622762777545
-2099.542747786012
-2100.917112382681
-2102.978253902016
-2105.0631018647227
-2107.2809126334355
-2109.403863128831
-2104.5201728580123
-2106.6372212365536
-2108.5888878372643
-2110.6548745268465
-2112.714393971089
-2114.1047283854828
-2115.9270516700126
-2118.5338811488564
-2120.757924522484
-2116.4919569231706
-2118.633228220397
-2120.619248429008
-2122.0266601434887
-2124.055323473883
-2126.232945140059
-2128.548035310046
-2130.5861367089105
-2131.8598752417192
-2127.8403185385873
-2130.5899044514445
-2138.54850816138
-2134.298942600019
-2135.684796221053
-2137.7445657055227
-2139.781038026463
-2141.20269022467
-2143.3251145919257
-2145.427100004003
-2147.8367580311565
-2149.7385503403557
-2146.3196257655145
-2147.298068273335
-2149.3047845798606
-2151.4480673584903
-2153.5588503314752
-2154.9443794255735
-2157.2090674563174
-2159.312529725139
-2155.18101105027
-2157.414131648014
-2159.164896841681
-2161.046761329048
-2163.212161630205
-2165.368125273911
-2167.3698712544187
-2168.80259596553
-2170.834571602194
-2173.1356490611734
-2174.6044831675545
-2177.0194940998404
-2173.365994872866
-2175.150990501299
-2177.2801743791383
-2178.619724043385
-2180.755138199249
-2182.914870284117
-2185.1173275409765
-2187.3765221485983
-2188.8816640648256
-2190.9883029127695
-2187.104862777662
-2188.925182364232
-2197.1183420496386
-2192.955942019445
-2195.1389513963645
-2197.2544030356817
-2198.717713541252
-2200.891366335121
-2202.965420429048
-2204.4569144705115
-2206.9951327644476
-2202.804533335764
-2205.0932203203956
-2207.2249967536654
-2208.580995640885
-2210.7981957062602
-2213.0145087256055
-2214.5233310826657
-2216.895057570989
-2219.1887388528367
-2215.6466473496594
-2217.4284156292033
-2218.899014176414
-2221.042103584709
-2223.2176656772235
-2224.6749974295776
-2226.9726560097156
-2229.1843448725895
-2225.3950354964663
-2228.2782637364835
-2229.033439829919
-2231.30622494066
-2233.572987733448
-2235.04250451017
-2237.172691889267
-2239.5211979767064
-2240.8944550172064
-2236.9410576881373
-2246.3225768362563
-2241.652028868488
-2243.9256156034207
-2245.4297765730767
-2247.634621116419
-2249.806370067332
-2251.0444214829845
-2253.5767084895265
-2255.6159381735006
-2257.4817150205085
-2255.7042837862723
-2256.57621560969
-2257.5089620653694
-2259.738982839795
-2261.8872888433625
-2264.10225403561
-2266.1085627327675
-2267.863758492435
-2270.1601400927084
-2266.392627681978
-2267.9216403356004
-2270.2987673156135
-2272.5817961737266
-2274.1145091019794
-2276.295059786385
-2278.50897022314
-2280.058997416396
-2282.408267636577
-2278.7744897320435
-2286.3127149864554
-2282.46891647875
-2284.6889562084125
-2287.02882620949
-2289.3168944840695
-2290.846849373712
-2293.0835634103887
-2295.454766217858
-2297.0541688969492
-2299.430740516316
-2295.441535534346
-2297.004684342601
-2299.388331507763
-2301.7367743425684
-2303.311289809669
-2305.6232752565425
-2307.9472749230517
-2309.5256081681364
-2305.508243236734
-2307.898575831834
-2309.583888627554
-2311.861315042929
-2314.0856005677047
-2315.8470711004315
-2318.0232314433433
-2320.406562611191
-2322.075417970164
-2318.045489213344
-2320.5047596905733
-2322.0912090337215
-2324.47547391916
-2326.785523850925
-2328.3248046331846
-2330.62998035782
-2333.0473883478617
-2334.607590488045
-2336.8774713272123
-2339.241625044257
-2334.5417299713636
-2336.9660988231876
-2339.4257794261925
-2340.9795848525505
-2343.3715773211093
-2345.7429067122084
-2347.3480444950687
-2349.665217157357
-2345.7308804723657
-2347.3540149756154
-2356.0032207128847
-2352.2149735554462
-2353.7840686085256
-2356.145977601569
-2358.5356268618934
-2360.098751550703
-2362.524842513751
-2358.662913612717
-2366.516504040731
-2362.63873639911
-2365.034507317798
-2366.6737464123576
-2369.039008715506
-2371.379220882901
-2372.982640094645
-2375.044805455981
-2377.7165409007334
-2379.0964923218135
-2375.460119655595
-2377.9403352898444
-2379.527123112943
-2381.977328359854
-2384.3750239615124
-2385.9690423060442
-2388.404021904474
-2390.7089971890673
-2386.1033468379405
-2394.0010511286546
-2396.414283874999
-2392.5687050562024
-2394.1704616469287
-2396.6489433992297
-2399.157177569945
-2400.7378992466342
-2397.3823248043777
-2405.6421982427546
-2407.2619397848016
-2403.4213709557985
-2405.878412778965
-2407.428507606238
-2409.920271596332
-2412.4320226834107
-2414.0495365749475
-2416.4444963537126
-2419.0192528027314
-2414.340773609927
-2415.989987331269
-2424.827748148711
-2420.817847352851
-2422.528743614849
-2425.036176045618
-2427.5875764646144
-2429.2130186581217
-2425.4031181737605
-2427.9112158562284
-2435.8187322002555
-2432.0108471989797
-2434.4683531468927
-2436.047176063139
-2437.68090687017
-2440.2446704035847
-2442.6815712490006
-2444.4650451651783
-2446.969031721328
-2443.074591013522
-2444.744460999353
-2447.1793629672848
-2449.638380908709
-2451.3751206552247
-2453.0412254176226
-2455.5298581750226
-2458.1933898821067
-2459.6802197420034
-2455.9919116494025
-2458.631433473709
-2460.1183995180822
-2462.754694365199
-2464.906059412627
-2467.024159667099
-2468.5942080587615
-2464.9223899064355
-2467.5831418104326
-2475.4378727623944
-2471.6015628335517
-2474.1460046827533
-2475.757657536347
-2478.299640634835
-2480.7849404935296
-2476.458098649733
-2484.292713776002
-2486.845761626965
-2483.022768863932
-2484.6853686199656
-2493.5085418337876
-2489.8693599449134
-2491.5788704992915
-2493.2520877027855
-2495.937790329371
-2492.4144361882218
-2493.9781189422406
-2496.57142132182
-2499.0875075500267
-2500.793155670421
-2502.5389496006333
-2505.095557111557
-2507.654451037403
-2503.0647167761176
-2505.604574468131
-2508.171386458509
-2509.874059523865
-2511.6105742873283
-2514.192542714273
-2516.805986388171
-2518.524449093102
-2514.849140393588
-2517.4380166181872
-2525.415938777993
-2520.9059724084173
-2523.5057870129936
-2526.0675549297694
-2527.8179583520105
-2530.4155976268503
-2526.744945804459
-2528.579905869484
-2536.45317596375
-2532.882025992622
-2535.3870411896446
-2537.131072098586
-2539.7619780756563
-2542.3733423900603
-2537.8097630603293
-2545.847552978481
-2542.172630019774
-2544.769633065431
-2546.539566680284
-2548.3029646246223
-2551.0221950329237
-2553.5931102960876
-2555.3059229909923
-2557.924003375852
-2554.226138252949
-2555.9800627817044
-2564.0449684371097
-2560.3558230896106
-2563.0106510433793
-2564.7382685130824
-2566.4735490118574
-2569.0931811889177
-2565.3860668639404
-2567.113417017371
-2576.0690796210524
-2572.737915955362
-2574.228839387614
-2575.943484296962
-2578.5758329520727
-2581.200111388585
-2576.6727564536554
-2584.7239914585107
-2587.375375760704
-2583.7327762594964
-2585.5454292477107
-2587.3026963888447
-2589.9527183193477
-2592.5854829436203
-2594.1084555898483
-2597.0250131212283
-2593.957283874831
-2595.1625857906993
-2603.0878048744767
-2599.6172099075425
-2602.292373357863
-2604.0777779052387
-2605.8321130349377
-2608.5049613425244
-2604.8263515663175
-2606.565049822579
-2614.722409011753
-2611.2559176302993
-2613.795485128737
-2615.529231952572
-2617.3225111546703
-2619.9300174873474
-2616.290329460645
-2624.4146483633713
