0.572563377771107
-2.22061439286162
-3.8629867799457576
-2.376290028021589
-2.4311315665267514
-2.358993203136514
-2.3521409077572013
-2.371274976619879
-2.4450173947106877
-2.430160520533547
-2.3994851432661632
-2.391388685832371
-2.4065817372696325
-2.447202421357881
-2.4367875166125024
-2.4077600984392413
-2.434907187340214
-2.4582405112349037
-2.4573487276062984
-2.4881343482232143
-2.4983007381372144
-2.4993148259956235
-2.4928859831604684
-2.512530696111622
-2.5280134875267897
-2.522879820618995
-2.5420443763015963
-2.5623742960325746
-2.5681055106803106
-2.5732104629800534
-2.598142902674332
-2.593616700629798
-2.6011477704689234
-2.622653210017965
-2.633683977367311
-2.6383383581607074
-2.6547215041637626
-2.6956940444881674
-2.7015681777370864
-2.7112120577735537
-2.7263149213487092
-2.7477725609817574
-2.774385137496431
-2.790869451200386
-2.804572249108149
-2.814214811871215
-2.8432540944411837
-2.8740828791183355
-2.877108576608
-2.8851014497294263
-2.934819516976225
-2.9697281470045036
-2.982755906453436
-2.9907040225564
-3.014530916621557
-3.049956308049662
-3.06426881998114
-3.071372609679033
-3.0900332375641306
-3.123533896486744
-3.1629033221216414
-3.1791444762219916
-3.204733413847777
-3.2494848528793425
-3.274802473571022
-3.2899684615839275
-3.3104462302646236
-3.3482208226272103
-3.3860571521873783
-3.4105515137678757
-3.4360163896004243
-3.458752575832485
-3.485934694624095
-3.52291125073905
-3.5581801872452887
-3.5961425951753783
-3.6317418832217454
-3.655725127286233
-3.6651677335128325
-3.703915618242326
-3.7678224052494453
-3.7975891136832245
-3.8132508560677914
-3.857745528125685
-3.895091902737255
-3.91808843822764
-3.951724989373625
-4.000324451671562
-4.04893925853515
-4.081024197679487
-4.114410394874756
-4.13110608975677
-4.1770191646309085
-4.2475095893042845
-4.290402694907034
-4.306020465875227
-4.33857912937717
-4.381231683086747
-4.424359015378901
-4.46485265774583
-4.5106538638464295
-4.567701035792478
-4.616031571584065
-4.644419925914649
-4.677957864701569
-4.725830623776484
-4.771038422723412
-4.80257428953049
-4.852211229720152
-4.924426709067242
-4.944767123773637
-4.993756860781123
-5.046618794915147
-5.089099837990936
-5.140967811503935
-5.191869449413431
-5.243705280520256
-5.287157692597767
-5.337074781235364
-5.395793749697015
-5.440605167684066
-5.485483820747467
-5.532185298673152
-5.5806942479367105
-5.6346682735299645
-5.696645240839671
-5.758351333886409
-5.80713820356411
-5.8512630991193175
-5.912373171901115
-5.975617037280898
-6.030107876245307
-6.079701241342655
-6.125611422438468
-6.183589898305391
-6.244267361948292
-6.296259774220811
-6.347200936961845
-6.413137188068273
-6.478228663765488
-6.5377250821950685
-6.592302991881809
-6.659787550098653
-6.72300922732035
-6.780338284324374
-6.841602262609367
-6.894346357275306
-6.951397086345092
-7.021848039870201
-7.09025646199388
-7.157015475606505
-7.2216694925395535
-7.273198330009176
-7.335826506780511
-7.3980733883280525
-7.466077750200673
-7.532051766864277
-7.595828010317649
-7.666071760039808
-7.743192044425615
-7.80519623357391
-7.8721889508148495
-7.945535528914016
-8.015741803298356
-8.082888491382386
-8.138828404644462
-8.208204713462184
-8.281752778075324
-8.355912545603703
-8.42549464513944
-8.49462062912021
-8.565040270412942
-8.651584701505312
-8.724181127114463
-8.793746101780279
-8.86977521064785
-8.945184710928743
-9.01985180140522
-9.082656408177849
-9.153958180144148
-9.231320759738376
-9.316306001508712
-9.396254962958324
-9.470492058571859
-9.5444854794695
-9.623384652389493
-9.699818380515817
-9.777761640756786
-9.856460226802787
-9.936056229442272
-10.01295520945736
-10.100621667836426
-10.187212824991397
-10.268991160823827
-10.351069145828403
-10.436628771128968
-10.521142021053194
-10.589865670801219
-10.667293920538228
-10.75315405997138
-10.840501236306634
-10.922894283355628
-11.00872869988259
-11.097331011572939
-11.188833101905395
-11.277656640147903
-11.37478585823997
-11.460777320083212
-11.540497854869859
-11.627232228360041
-11.716818254660858
-11.796268177669129
-11.884588937573957
-11.97398767189454
-12.06274597971948
-12.151375094161615
-12.249102529870566
-12.348917176193474
-12.43630383346212
-12.523586975644825
-12.618102252278424
-12.711291116553591
-12.800617463883173
-12.9006562660065
-12.99576631485041
-13.093525220321478
-13.190625101364406
-13.285347428165377
-13.381494910994046
-13.482240183793955
-13.571299450252981
-13.668005432161674
-13.75062079102773
-13.859502349000461
-13.96258223368528
-14.064314568633622
-14.15806419420672
-14.267019646208382
-14.372351522894673
-14.47546007900058
-14.57900219429821
-14.678613407384075
-14.774772152155451
-14.87412551946864
-14.977425085647896
-15.0840102819005
-15.1814931694332
-15.28165463540357
-15.389340497631125
-15.49403918311349
-15.60197562901836
-15.699357522577293
-15.80365093026963
-15.92159782209163
-16.037882365773644
-16.138239690120642
-16.247776815298757
-16.359619299666324
-16.473301324085032
-16.580480662912624
-16.682856148552712
-16.789975571106734
-16.90132344685379
-17.023021350088786
-17.128092166548836
-17.230402646205178
-17.35514686077073
-17.475820174278535
-17.582308027466073
-17.685614364733375
-17.794558938709123
-17.911632800254367
-18.032985688757876
-18.148659968552334
-18.255871066872768
-18.362021436217205
-18.50389206151292
-18.610342368973022
-18.719598271126657
-18.840069938187867
-18.973714313648713
-19.093501498951767
-19.20168175742604
-19.31893200905651
-19.43963070812272
-19.564108994332635
-19.691572934868788
-19.80968723195851
-19.923910325351315
-20.046247772861435
-20.172758196504972
-20.299347097923608
-20.424375572400997
-20.54174647210964
-20.655298163489963
-20.784797260608478
-20.915243163317804
-21.034822402340115
-21.15688337893476
-21.291863552266545
-21.43223618565538
-21.538775463846445
-21.668983624855546
-21.807664630956292
-21.940681413898627
-22.06444567966853
-22.186901254837373
-22.317348468342193
-22.449613846580775
-22.583070127012174
-22.714493545170246
-22.845504556318495
-22.97970693084587
-23.109742165037826
-23.23366593647839
-23.37023942190232
-23.4993314063964
-23.63735926864362
-23.787818160667847
-23.90707563962788
-24.049593018714972
-24.184111677728566
-24.32651259252576
-24.46617020885745
-24.595741309955887
-24.72941305842869
-24.869857816124856
-25.01052339967913
-25.152813713312796
-25.285018288765723
-25.419680374615176
-25.56668218660467
-25.70687254849165
-25.833242112322576
-25.972704645178492
-26.121576792138097
-26.27099883778867
-26.411118612877516
-26.55540989504072
-26.695958436527473
-26.85323110161211
-27.00115372500413
-27.13800921158386
-27.279029920157825
-27.42578731682511
-27.57789615717773
-27.721644373726328
-27.86343397926382
-28.015732292668726
-28.16862129841571
-28.319830760403303
-28.468330590157514
-28.61231303561733
-28.7546339446314
-28.905174090609297
-29.056499029989862
-29.209904310672314
-29.35821145509209
-29.509376569474455
-29.66811755226836
-29.817705776996437
-29.96455766804642
-36.39510702335542
-36.55763985394806
-36.71884712372031
-36.86929706878531
-37.026790860161306
-37.18778544695233
-37.353225539171795
-37.5028456144462
-37.657518191050364
-37.818549234469174
-37.9750443416955
-38.12364992837971
-38.28399475108279
-38.44746981515448
-38.60696372403352
-38.77319677848054
-38.93591005008644
-39.09218346142997
-39.25195907688095
-39.41230959465361
-39.57271430639801
-39.739787020252784
-39.90692126463318
-40.06758590669666
-40.22664947993892
-40.386286838556636
-40.55344350877496
-40.72691470283812
-40.9007337324742
-41.05837540718546
-41.219923920833956
-41.39456235480774
-41.55854681582489
-41.72610519388966
-41.8969494291466
-42.067346383819434
-42.227618430545526
-42.39881560927333
-42.57047971923807
-42.74028644824484
-42.91318758970221
-43.079854675241684
-43.25364626603793
-43.42935206037412
-43.6032625948051
-43.780100302126854
-43.961223641763674
-44.130867702510706
-44.30180153012575
-44.4868568271209
-44.6692078877626
-44.84387979014079
-45.01583638964101
-45.191294750636956
-45.37296817793392
-45.5505781078874
-45.71548409290526
-45.890716788587035
-46.07562245909794
-46.26377618693674
-46.44478298893583
-46.61896828925928
-46.80215772553196
-46.9867360116507
-47.16735490157891
-47.347447526656666
-47.532891347963876
-47.724730236840486
-47.90557311033556
-48.09538509673005
-48.28147182087367
-48.46332662412404
-48.65060730022609
-48.84655068282317
-49.03267153567061
-49.22187090700532
-49.41649424268184
-49.60705847111239
-49.793184175660706
-49.98066849898257
-50.170120366979525
-50.36553201154681
-50.562050744070774
-50.747625955190486
-50.93071307762372
-51.11185149984591
-51.31647629446181
-51.51945043535068
-51.7092110963464
-51.89072510541049
-52.088234159617706
-52.29709428982316
-52.49495742760034
-52.68365796208909
-52.89000101875298
-53.103587525373705
-53.29573761641929
-53.48568763085743
-53.68692779539353
-53.88827135620277
-54.09347747127616
-54.30187995474709
-54.499101382163865
-54.694033569017996
-54.9056144767462
-55.117486268536965
-55.32830142887916
-55.54337524641142
-55.74796539121762
-55.95003546652048
-56.167345191329666
-56.372952741304566
-56.56705244943469
-56.78303359354626
-57.0038678869779
-57.21414190720642
-57.42059013497313
-57.63247912095105
-57.856503042878415
-58.078430032528125
-58.28526428193927
-58.49199798038803
-58.71610677137915
-58.945987467084194
-59.17008119711615
-59.37914166793871
-59.60104620359909
-59.83802929706179
-60.062644775065415
-60.28013483072568
-60.504604687761585
-60.736962680220564
-60.973836760080815
-61.198884827005834
-61.425936443687085
-61.670151882435505
-61.91657403417405
-62.149399114390945
-62.35347362527934
-62.58990219911922
-62.83113021980565
-63.06346931174903
-63.324047673883065
-63.57083788615487
-63.78900245041265
-64.0207823330038
-64.28892667158051
-64.60174866808805
-64.79524122757103
-65.03006407180226
-65.28050327745818
-65.52864479880263
-65.80180429451596
-66.05026385227
-66.2970735414213
-66.5445853589423
-66.79139118567355
-67.05740865073311
-67.33658649614559
-67.56895327094351
-67.83127618144023
-68.09051599762414
-68.34737850705766
-68.59688658573718
-68.85124533334715
-69.0992691346824
-69.36937718262134
-69.63372241739309
-69.8851221564414
-70.14345612533124
-70.40930814572836
-70.6626421584748
-70.9127461279427
-71.17650200940243
-71.43040161111334
-71.70101251167479
-71.95788934917285
-72.20591938372917
-72.47166647871256
-72.7274427990092
-73.00380783556166
-73.21548276924175
-73.51555766125476
-73.76270946666938
-74.01233224680193
-74.2844302478645
-74.50980235718178
-74.75540079371947
-75.04377662449407
-75.29618174910098
-75.54177607910374
-75.79413060379851
-76.02672200598708
-76.28683519030865
-76.54199017340193
-76.79171340234153
-77.04053041426648
-77.2962411100003
-77.56234815836103
-77.81934739315379
-78.06966111300248
-78.31768477795777
-78.5783674714491
-78.84831890082926
-79.08967547557789
-79.33857914836994
-79.5986542849037
-79.86698978800827
-80.1254203382549
-80.3669590492092
-80.62700923764108
-80.89570638150775
-81.14982083433068
-81.39695080660867
-81.65218899454136
-81.91684180672843
-82.17016353307434
-82.4211880215289
-82.69205736370459
-82.95928179388875
-83.21242630482907
-83.45364062974579
-83.71221001908448
-83.97089271880866
-84.25404534985691
-84.53043567164343
-84.78042505059403
-85.03684653623222
-85.29587885632468
-85.55785165112493
-85.82371567047797
-86.089108133737
-86.34416583269649
-86.61279349320047
-86.8823647475143
-87.14734668608065
-87.40797587472073
-87.68782951089042
-87.95813435059408
-88.22484838359334
-88.49525879462766
-88.75964252269208
-89.03635291159758
-89.31092469093589
-89.5844158408423
-89.85568666646053
-90.1365335121372
-90.41694850233819
-90.67916140438491
-90.93620502869203
-91.21418471194019
-91.4981080758312
-91.8063738188877
-92.08434512860781
-92.35360481321597
-92.62797690936382
-92.9131184901009
-93.20062971772869
-93.4734591358594
-93.75179178870248
-94.05325274816252
-94.35798306108927
-94.633241228475
-94.9053643653912
-95.20857666666919
-95.50466917266385
-95.799068803559
-96.11532584230746
-96.40649533584312
-96.69767912381971
-97.00628256035557
-97.31012235705631
-97.63193443583869
-97.93685062625971
-98.25840381359258
-98.56983367897934
-98.87456927756374
-99.20668210953073
-99.53064567735623
-99.85110446911496
-100.1646668467317
-100.47880414945104
-100.8178209133018
-101.14665504965521
-101.46089455216153
-101.77767731382424
-102.11742734273865
-102.4419290254542
-102.7674348706239
-103.08861926337161
-103.42041847884829
-103.76734338874884
-104.0979300730018
-104.42093004377043
-104.72062942344054
-105.05953722419164
-105.39710954715454
-105.70062577358262
-106.02721446559823
-106.3491001991614
-106.65091397440969
-106.98127648721078
-107.31456306236164
-107.60983169671907
-107.93380475886177
-108.26295830976485
-108.5748998447559
-108.87415043946159
-109.21506238563997
-109.5133876408665
-109.82544712025597
-110.12876146313867
-110.42678552660514
-110.75050642413719
-111.07153974476897
-111.37372528747841
-111.68141698701437
-111.9872148018078
-112.28816196282563
-112.61366274581566
-112.93796905293695
-113.25001023450918
-113.56199064322502
-113.86986165014876
-114.17583192026453
-114.48739908388362
-114.79518951413588
-115.10706378948595
-115.44020377591248
-115.77921782136316
-116.0970296357897
-116.41745940119687
-116.72846993024125
-117.03850913905066
-117.35160044927184
-117.67361657875885
-118.0004270918893
-118.3234795639713
-118.63310310247618
-118.95519004532417
-119.29466701536862
-107.06113973934038
-119.95241820103406
-120.24568696311661
-120.54374715204294
-120.8951991976138
-121.24233511868842
-121.57004422179673
-121.90874382946404
-122.25305732550635
-122.60215816621567
-122.94829082054642
-123.27111610435101
-123.5877680103637
-123.95527770999382
-124.31602974035273
-124.6701487543076
-125.04495707712772
-125.39766116448057
-125.71414165298843
-126.1003613789665
-126.49005092159948
-126.88040845199436
-127.25037760504881
-127.57864157249554
-127.97455523457582
-128.38047483380413
-128.75807801902462
-129.09319761873405
-129.48361291974354
-129.8780645653851
-130.26649374634675
-130.61576383524982
-131.0019948435122
-131.36688365103566
-131.72012667797125
-132.1163484335977
-132.47435427355282
-132.82220869458388
-133.22002612374553
-133.5781554368476
-133.9346196003485
-134.3098215523602
-134.66879886096905
-135.0179084005168
-135.3729077676628
-135.7153540929357
-136.1029442007016
-136.45827094208244
-136.80921123254882
-137.1555062628987
-137.49704975030792
-137.8583730427473
-138.21104950164369
-138.557111308325
-138.90044446114388
-139.25359626662734
-139.6146097823405
-140.0082065103889
-140.36519109734357
-140.71308291151254
-141.0694268430266
-141.39548605091767
-141.7566597254489
-142.11997917010729
-142.478756018878
-142.84141343441095
-143.2054482164431
-143.57370300888383
-143.93947764554295
-144.31398423144182
-144.6536045798446
-145.02377702065897
-145.39837629237374
-145.77397561832007
-146.15998377325627
-146.5115701564869
-146.8894405799005
-147.28726397995268
-147.63689132025047
-148.0350220847306
-148.4457770068222
-148.8295804905659
-142.95473131310374
-149.59189391776692
-149.96163859456638
-150.3792216586196
-150.805110111066
-151.16761997921913
-151.58549758723888
-152.0017870145693
-152.38373424932186
-152.81449898418109
-153.24103781514387
-153.62265096495275
-153.99185159523475
-154.43176950771996
-154.85702144542563
-155.25362290035144
-155.6269612428547
-155.99481558764165
-156.40864490609795
-156.84388763813493
-157.2323286891216
-157.6015164527189
-157.974943697053
-158.41099640704047
-158.82602239512647
-159.2114708770187
-159.58918105607995
-159.96185025206174
-160.33671085119627
-160.76625931392383
-161.1895965221803
-161.58206554328197
-161.95125054154232
-162.33395089422956
-162.72255491142468
-163.11168970799065
-163.5072437861003
-163.89509624994847
-164.31176397539218
-164.73488311128907
-165.13143677061103
-165.52313217311226
-165.91951789746545
-166.32087323829276
-166.72517129980778
-167.1270100189438
-167.51110125446706
-167.90906080610745
-168.312002279233
-168.71613679948862
-169.12221055351947
-169.54960579130324
-169.96171712473432
-170.36573366403312
-170.77748076031682
-171.19328369493954
-171.6149582999174
-172.0419975384389
-172.46286888335726
-172.89682321572263
-173.30750764106008
-173.73631733655583
-174.17489895736946
-174.60846618533103
-175.04085344834644
-175.437401220679
-175.82879975925778
-176.27051882782683
-176.6973480955274
-177.1264981995928
-177.5644362599223
-178.00041216403363
-178.43663875144074
-178.89319927855985
-179.32167817790264
-179.725273282077
-180.11221350780917
-180.54333406414352
-180.98524505106323
-181.43479377786704
-181.8926278205623
-182.27609570286717
-182.67021833214702
-183.12059328680033
-183.57313445329598
-184.01499424775898
-184.4644303038838
-184.88694506607754
-185.29081474752047
-185.73237688139835
-186.1791404194254
-186.58433089051312
-186.9958757384226
-187.4495897327833
-187.92109799445237
-188.37904705578993
-188.78293525232482
-189.19785414755245
-189.6608213780397
-190.11785828080315
-190.53070245506075
-190.96340238387475
-191.42292083837228
-191.8250533586577
-192.24286163007037
-192.71576798753983
-193.15603350676318
-193.58526245608942
-194.04663656531332
-194.51993965524355
-194.94603887301395
-195.42504152726045
-195.8924277078884
-196.28372342100562
-196.7297086562397
-197.2193940269761
-197.6300233957483
-198.08356020823277
-198.50654183321097
-198.9767522415688
-199.47603110234735
-199.9064034393511
-200.36917702962248
-200.86842746223405
-201.28801275821573
-201.7362373396397
-202.21999263940998
-202.67336730486153
-190.5348528821901
-203.56682549592546
-204.07544472895958
-204.55646444977359
-205.00253548072405
-205.4395040178835
-205.90525431302947
-206.3831226122294
-206.8348975585468
-207.3340858083116
-207.8019779439281
-208.25588142405448
-208.70178978800175
-209.15209267452423
-209.6098208236729
-210.09015660129097
-210.554425133247
-211.01860629640416
-211.4726550661835
-211.93404366747185
-212.40070046390062
-212.87698587893715
-213.32685901105978
-213.78687651350984
-214.2576923620982
-214.6836744855083
-215.15371490241338
-215.62511399956497
-216.0854700596935
-216.5486909556937
-217.03938724865498
-217.59053029252314
-217.99526354626957
-218.48958499644996
-218.93342007407765
-219.41122728334201
-219.91358396186865
-220.3900995364538
-220.91163741855237
-221.37445054366327
-221.84564288085502
-222.3833839509601
-222.8633957044201
-223.4117323131229
-223.85058176183693
-224.35792887040964
-224.86707616718508
-225.3319562120465
-225.85503486969404
-226.46987524230946
-226.8163587761138
-227.36135265072085
-227.82831796912237
-228.2729758547735
-228.80273484388863
-229.27207084853472
-229.71379987160807
-230.23592286351322
-230.7015298240666
-231.1420719708882
-231.66542751030323
-232.13458048602985
-232.56693871671357
-233.06560864947713
-233.57556422571886
-234.02794846878183
-234.47034745302497
-234.99423865084432
-235.486325580528
-235.95001708154746
-236.41071893378063
-236.9375203741045
-237.47446371689165
-237.95665767172082
-238.44465201773792
-238.9951520579671
-239.57009177222213
-240.07723069842095
-240.5803211281634
-241.1476808914923
-241.72291479015544
-242.36350530005703
-242.7803488126586
-243.26661122611168
-243.81140562084693
-244.35457916944145
-244.84219585841566
-245.33838904710905
-245.8269768111933
-246.3504804219659
-246.88487278517331
-247.36108379462954
-247.8325414588715
-248.30075383468716
-248.7621618246304
-249.22807371226196
-249.74832897783494
-250.2767509840647
-250.75377262940128
-251.23252698159376
-251.70236158896688
-252.17392933092867
-252.64696307608065
-253.1995641561931
-253.77059179367498
-254.27656528036948
-254.79116257565107
-255.31252963547124
-255.84316768419973
-256.3874569736618
-256.92830998902883
-257.4916310501935
-258.04664868296294
-258.6797001340732
-259.33726792191266
-259.87329766161383
-260.4290806218858
-260.96419780128974
-261.4992750480261
-262.0259918108497
-262.5464843377114
-263.0527490301811
-263.55423141055326
-264.0700309867029
-264.57805706426456
-265.07821185081184
-265.5708857460342
-266.0597415509397
-266.5419222642737
-267.033076629
-267.5403580683604
-268.053070338382
-268.5574091641879
-269.0675106441396
-269.57423041253554
-270.0895579630825
-270.6106293345044
-271.1386553492122
-271.70302646486783
-272.28103223002256
-272.8538100100362
-273.42864454293266
-274.01595569315253
-274.62390953203516
-275.2289082477406
-275.8241703636062
-276.4359996029203
-277.0307215753951
-277.6087887407266
-278.1992444255636
-278.74468982477305
-279.30395396691347
-279.84196412345756
-280.31265420333597
-274.5029921632293
-275.0320566916832
-281.8423144985965
-282.36920511849826
-282.8839562647217
-283.4127272134334
-277.66262348092056
-278.2015835547471
-278.73893679459417
-285.55405817727654
-286.03485435009964
-286.53186866256084
-287.0918430385359
-287.6582448294176
-288.2512562236128
-288.8678590734607
-289.4932691248056
-290.11101977803946
-290.69337691091727
-291.2759743487867
-291.91135643546164
-292.53232544177587
-293.16087642021114
-293.7847227390231
-294.3160157089158
-294.84414964364134
-295.4172495886179
-295.97314026685535
-296.53364036741823
-297.10585809733846
-297.59000170852454
-298.07094932058703
-298.63239209080984
-299.1965559557474
-299.7547044163787
-300.24424804040547
-300.7441498828796
-301.32808423883654
-301.90489944250095
-302.48233968397955
-303.0222193319967
-303.56008948359255
-304.2106589427879
-304.85480665642746
-305.43655147290616
-306.0320644559381
-306.69231992536965
-307.36243112193705
-307.9460772006052
-308.5365860818332
-309.19302796808535
-309.8245522153775
-310.39890155761765
-310.9150184191522
-311.5028300810931
-312.1367079159935
-312.65597866730377
-313.14483268125554
-313.73991194561944
-314.335925499204
-314.8467776395766
-315.3607656215429
-315.96104872244
-316.5053228622249
-317.0439225130046
-317.65717620675315
-318.2260268281743
-318.81170826614374
-319.49352640298787
-313.88953173522765
-314.48772524281543
-315.0994345182025
-315.7881013991167
-316.39798178438457
-317.00392736731675
-317.68377248014514
-318.2617230132992
-318.83042725908894
-319.49480553794024
-320.03610753194477
-320.58577804993035
-321.13287522821213
-321.67748350593087
-322.30353703284726
-322.85106921014227
-323.41401727265105
-324.06696108162174
-324.636255840634
-325.20844503390884
-325.88216519237875
-326.46475897573185
-327.0628629725845
-327.66562198738814
-328.29005345460735
-329.0105510279837
-329.6065334725333
-330.24020576678544
-330.8818602730289
-331.4860609714921
-332.17391590222184
-332.77103821617106
-333.38080122226324
-333.9750049428016
-334.55030821718543
-335.12277315317743
-335.7074694605455
-336.3637202749141
-336.94055624539607
-337.51523394041635
-338.09483123017947
-338.69092672932874
-339.301274451073
-339.92354032888136
-340.54623675169927
-341.17353470242267
-341.9072129815751
-342.5480812061899
-343.20835759999704
-343.8549277740614
-344.50436726908896
-345.14613782367195
-345.78289133946123
-346.4189025370696
-347.0485869895356
-347.66003398221403
-348.264902300594
-348.8650547591441
-349.4681687591496
-350.06898704113706
-350.6569427573916
-351.2625701443888
-351.88054664614646
-352.5111115188099
-353.1444349000547
-353.7702781643027
-354.41120149459994
-355.08025099186403
-355.7574318513616
-356.4290418890569
-357.10949481129455
-357.80849858463233
-358.4996445135549
-359.16366578175916
-359.8189149055573
-360.4687959131927
-361.0191060839341
-361.6389249890399
-362.2568536604122
-362.8906180381553
-363.5181415259058
-364.14583239679723
-364.76226118492343
-365.38305665796645
-366.0200975043636
-366.5775243379231
-367.23099005096117
-367.89332629566906
-368.57452925989423
-369.29946483905337
-369.9199270844176
-370.6367704754026
-371.3626107934275
-372.08951980222145
-372.793368355082
-373.37242079711046
-374.04312700876795
-374.71677269236096
-375.37540752378806
-376.0201969359809
-376.5723030052435
-377.2165145682123
-377.8496574151724
-378.48040817539373
-379.12308057716797
-379.6890421768192
-380.35569408162223
-381.04113571998994
-381.645308761781
-382.3599908749001
-383.107165854523
-383.87203693455757
-384.65232504464575
-385.2890748580344
-386.03135903115975
-386.76613159028295
-387.37571361314787
-388.0634104415277
-388.749453643485
-389.32897304288923
-390.0023317979269
-390.64784723971655
-391.20541900692893
-391.8643295210937
-392.51836623085484
-393.09160112768376
-393.76911779024135
-394.48601059771005
-395.09124790007724
-395.71832004440677
-396.4874107831694
-397.28118709584015
-397.9715435090293
-398.7764704196411
-399.5465705677663
-400.2023581036063
-400.9537348996184
-401.68195088152527
-402.287326117497
-402.8763146438197
-403.55902224177623
-404.23964522988354
-404.81501119659004
-405.4812736908376
-406.1547751445856
-406.7518660595961
-407.3578852646628
-408.0794684729538
-408.83861139788297
-409.50981845976605
-410.19704077914525
-411.0189035035582
-411.863777208943
-412.5808255434041
-413.27009121221477
-414.0508759289102
-414.802656071403
-415.44659884363114
-409.7876397246107
-410.4960055886848
-411.1964825552586
-411.7501739579295
-412.3463160508069
-412.9803390513014
-413.67597827386084
-414.39031360088745
-415.02313768314946
-415.6898193554891
-416.3821528293079
-429.76338558098934
-418.05873344009655
-418.80805888324414
-419.553665263789
-420.2750963905269
-421.0789663584659
-421.8615703757532
-422.51185859040663
-423.1557921672657
-423.78397927130044
-424.516493532996
-425.2417811754809
-425.85406323439474
-426.4640664410288
-427.03950124259376
-427.8250920458449
-428.60388344072186
-429.28289578134155
-430.00256318624633
-430.76058801012476
-431.5507358714832
-432.31770046050906
-433.18651721244686
-434.02563556839056
-434.730891064245
-435.4026064198179
-436.0685280346367
-436.7271421368708
-437.48783056603526
-438.2025785237211
-438.83965414949574
-439.48502302001685
-440.1144578432482
-440.7743351358509
-441.49122389772475
-442.1780932141625
-443.01527349886356
-443.91332533703684
-444.71753870137394
-445.5124476413816
-446.3007774580034
-447.03823769339664
-447.75943305772495
-448.4651728921351
-449.13882484874404
-449.9295006954122
-450.702250564965
-451.35899452638483
-452.01868479120026
-452.65310141659444
-453.37184064871417
-454.0723077651275
-454.77627625084256
-455.49987310224145
-456.2560090906981
-457.04556414310287
-457.8437908412067
-452.49251621629355
-453.4141724450367
-454.1884891402896
-454.9219769431552
-455.6259668054182
-456.2906428798794
-456.9640866705124
-457.6370215377409
-458.3017624152216
-458.9880525573143
-459.6932194521173
-460.4039480357952
-461.1865118620984
-461.93990719807914
-462.72774336471326
-463.5373136668614
-464.3366817068528
-465.1355871789355
-465.93790940360174
-466.7270118259806
-467.607135120549
-468.45489913501694
-469.17841651268793
-469.84744681890334
-470.6054177004663
-471.31328576420407
-472.025818291969
-472.7523981176954
-473.49876968751096
-474.25430219297516
-475.03379434292003
-475.8118974476348
-476.6895403852467
-477.5172461103192
-478.32389645178097
-479.12010405756985
-479.8990459078497
-480.65143231490316
-481.3966148544746
-482.1388215055533
-482.8873439469171
-483.62245206121
-484.36211466003647
-485.1143858148475
-485.87912988924614
-486.6626183074767
-487.4579701084137
-494.4155378222489
-488.8201936408954
-489.6625788522334
-490.5135843646017
-491.32923464268237
-492.13049731099704
-492.9172387516854
-493.6986046913809
-494.4623167526314
-495.21485491294237
-495.97084880041683
-496.72549527653575
-497.50508409096136
-498.3002364074438
-499.1215943118804
-499.9614891544299
-500.80360607834535
-501.6510419786074
-502.4758040452012
-503.3068133664936
-503.97758525294665
-504.652800956295
-505.4575936072778
-506.2509552835081
-507.05342360852455
-507.8556882603916
-508.65140747725206
-503.1586365604743
-503.97030658406493
-504.80101185510466
-505.6251169791854
-506.4659230852563
-507.18138284298
-507.89811326218313
-508.75040568701706
-509.5843184506684
-510.4282967533334
-511.25279836397823
-512.0676378609566
-512.8729912444481
-513.6765049368379
-514.3578850688696
-515.0307652267858
-515.8919842495385
-516.7727703333019
-517.6402169179274
-518.5056714519311
-519.3766421797139
-520.2471314523132
-520.9250025720828
-521.6193655105075
-522.4702771310697
-523.3046278614826
-524.1486560563127
-525.0098001801689
-525.8792114429025
-526.7321639352607
-527.4377324275887
-528.2289859842454
-529.0967282805725
-529.901123978002
-530.8240702392661
-531.7006977880756
-532.4037686077139
-533.158618869543
-534.0315499953143
-534.840873739944
-535.7011246966767
-536.5696576333299
-537.2837412811073
-537.9984983141878
-538.8680135025809
-539.7670625445706
-540.6832109224773
-541.5857409087822
-542.2643115679322
-543.0793485679544
-543.9695485323508
-544.8261330928991
-545.6824866666827
-546.5905025694047
-547.3229071132358
-548.0534760574615
-548.9455418264432
-543.5622034685678
-544.4782578663696
-545.2290730500365
-546.0023027577357
-546.9151007016077
-547.8469892294504
-548.7053647556487
-555.7759782827011
-556.5417786371686
-551.1020392870773
-552.0803785535662
-552.8192388774494
-553.5428480491439
-554.4419394731572
-555.3554654730068
-556.2685968896176
-557.0143193814299
-557.7980816012272
-558.7495098005163
-559.7307305964184
-560.4943102355628
-561.237757242858
-562.19547428915
-563.123618268392
-563.8555459052639
-564.5684208873583
-565.4899957072414
-566.4167766287969
-567.199409653435
-568.0158013788807
-568.9852227057572
-569.9684030669672
-570.7674172663205
-571.5655296107661
-572.4959721893114
-573.4171434040211
-574.2115518921826
-575.0288848304343
-575.8846926551231
-576.8661331900902
-577.6462305635546
-578.4308335771669
-579.3897980594858
-580.3601657296733
-581.1695919341746
-575.7102094742318
-576.6743520814533
-577.5032402433943
-578.3383250859514
-579.3240093596946
-580.2803248838561
-581.027903067769
-581.7892729521967
-582.7393373219076
-583.5329009258966
-584.347379952888
-585.3318947791536
-586.345155229681
-587.1930500496719
-588.0576985402435
-589.0459356551168
-589.8667281286866
-590.6452028101951
-591.6278043828437
-592.3664138827558
-593.1852534176612
-594.1542431583616
-594.9182835399179
-595.8239208392841
-596.8539399099782
-597.7191806481765
-598.6012484817294
-599.6213806699113
-600.4455962469929
-601.2704901250663
-602.2618099590057
-603.0554724461123
-603.8404029236602
-604.8300263003819
-605.6869171251809
-606.5446583793564
-607.5618831752117
-608.4290258562069
-609.3163138938852
-610.35796156622
-611.2009615622013
-612.0518004490203
-613.0606890893407
-613.8522427044935
-614.7429907487771
-615.7488085933271
-616.5115810493976
-617.3914541569314
-618.4243633683424
-619.3079761915245
-620.1942006330829
-621.0829558233311
-622.005829313731
-623.0721678118722
-617.6426355092265
-618.4824032872764
-619.4953074767401
-620.3000394678205
-621.1463460435361
-621.9558702730261
-622.8406047968163
-623.9305442172864
-624.8584700765282
-625.8000084364528
-626.9083185451298
-627.7978981445357
-628.6767752854296
-629.4903911750986
-630.3555625029737
-631.3463529651884
-632.1894255758484
-633.081468313908
-633.9430944977281
-634.8541469336317
-635.9994553009524
-636.9902463868299
-637.9138284540182
-638.8028281185409
-639.6876708694185
-640.7291865379133
-641.5817973331991
-642.4602727900898
-643.3504021484506
-644.2502028180963
-645.1213005381596
-646.121843324364
-647.2288048743145
-648.1602829450792
-649.0921218697858
-649.9925291042375
-650.8997102880783
-645.70059864243
-646.5922807772375
-647.4756063919273
-654.6447962285333
-655.5255900680152
-656.4574911497275
-657.3774900887684
-652.0443178172974
-653.0358692643255
-654.2091655394858
-655.1535582162742
-656.0745473756008
-656.9733588978409
-657.879511453074
-658.7520651655134
-659.6553958812358
-660.5357701896849
-661.4871987450279
-662.4360277111728
-663.4626734634718
-664.6628429330946
-665.6361229972547
-666.5862249789297
-667.5061568702292
-668.3530404557429
-669.2754296604867
-670.1868930162472
-671.100722876817
-672.059954395302
-673.0416641658575
-674.0622272122126
-675.074836120187
-676.1011178902633
-677.0509187068036
-677.9746478130443
-672.6050649442104
-673.5177595796362
-680.6908934566616
-675.3832788219867
-682.6335419535386
-683.6510683035035
-678.5826494751557
-679.6094949093588
-680.6211323765352
-681.5653448928489
-682.5009840405315
-683.4300688008939
-684.3739565227672
-685.3289751156609
-686.28074540635
-687.3028197991947
-688.1203674055523
-689.1187467205847
-690.1731234151767
-691.1950882367632
-692.1610201358643
-693.1198021623297
-694.0791037382841
-695.0481796565923
-696.0156671492639
-696.99233146603
-698.0065186281802
-699.049896649689
-700.0724909044544
-701.0946404782745
-702.1172052922454
-703.1243467742643
-704.1158232574131
-705.085166916982
-706.0662695366175
-707.0558930310704
-708.0702057551852
-708.8705571994432
-709.8981943209337
-710.9408117361241
-711.9988606020719
-713.0570048178411
-714.072793451842
-715.0665723226529
-716.0518475923061
-710.7665703116994
-718.0380801972043
-719.0258912378036
-719.8552022578936
-720.9410052646218
-715.7396560147796
-716.8212893553851
-717.8391551441796
-718.8741850776353
-719.8870802927685
-720.8440952775458
-721.831035989554
-722.6431615290176
-723.6770469121076
-724.7381928382371
-725.9208783366703
-727.0314419036583
-728.1009984813711
-729.1225632657379
-729.9085311380952
-730.8980893840354
-731.8813059967414
-732.8899173554901
-733.961045049395
-734.8358756210143
-736.0176228542987
-730.8743205018276
-731.9484700988767
-732.9793047987051
-733.9823317328487
-734.9771750299498
-735.778382760074
-736.7934701747376
-737.8766346998852
-739.0378190260811
-740.2132939781192
-741.1283394244157
-742.2227936094727
-743.2659652924359
-744.2757855642149
-745.2667909832292
-746.0845065285256
-747.134223727206
-748.264491005296
-749.1959657355889
-750.3931689540307
-751.5286022512461
-752.6128911737436
-753.6517494886756
-754.4678008170774
-755.478697053977
-756.5076898447298
-751.3252627439845
-752.4958078395742
-753.4449787095589
-754.6195376959615
-755.7704219456457
-756.6369035864005
-757.6783146126844
-758.7118891142323
-759.5361035339812
-760.6108321042666
-761.7346027394051
-762.9135703825015
-764.1069232807745
-765.056908436918
-766.1956692610731
-767.2743806381292
-768.0912748048117
-769.1384563102578
-770.2365395919808
-771.123718181707
-772.2770901880618
-773.4538766375491
-774.4453481120314
-775.6200203986123
-776.7282721233253
-777.5987427468518
-778.6529889636113
-779.7411435322922
-780.8500684981909
-782.0027605666163
-776.6720819562038
-777.8959903060997
-779.0849708946098
-779.9994229838697
-781.0972443009065
-782.1891373254086
-783.0693924494983
-784.1813030388934
-785.3265643365713
-786.2910733254139
-787.2689494701698
-788.4980974085768
-789.6672037652881
-790.5685698288397
-791.6765774853145
-792.7884162178544
-793.6778148769116
-794.8109921417405
-796.0094981377273
-796.9949356339002
-798.2364866910785
-799.4249765312069
-800.3427730449562
-801.4618418795266
-802.6210880246583
-803.497974371411
-804.6446268673411
-805.8507493904752
-806.8496070174424
-807.8594436268626
-809.0701476911396
-810.2327422020927
-811.1593813534867
-812.2793420695257
-813.4188862208837
-814.353524246614
-815.3149975978818
-816.5559225739264
-811.5483777507399
-812.5418482254873
-813.7207779191029
-814.8654690646792
-815.7896831766249
-816.7407970742365
-817.8628484131484
-819.0774303010752
-820.1051410840658
-821.4030330159497
-822.6291922014789
-823.587585939635
-824.537233073644
-825.6894790617802
-826.862208568437
-827.7839586526122
-828.7734699022022
-830.0704610467852
-831.3249835020839
-832.3535077724464
-833.5752501336892
-834.7434561308262
-835.6692828292299
-836.6442064585062
-837.8194746945278
-839.0460727015926
-840.0767073047485
-841.1316499708696
-836.1370141148677
-837.3497173722245
-838.3181343613354
-839.2816537668434
-840.454336875517
-841.6499503791655
-842.6759223115794
-843.7219586265417
-845.0237106484432
-846.294731876404
-847.3022303060985
-848.2779157561062
-849.4651526056075
-850.6707430945253
-851.662097534512
-852.684312500768
-853.9949502439187
-855.3044462320261
-856.3313467948835
-857.3381057720211
-858.3095796260668
-859.5339001242857
-860.7606578323354
-861.7585401050338
-862.788721587253
-864.1290864769827
-859.1565248593785
-860.1952564297259
-861.2010009862946
-862.2036307443325
-863.4290220874688
-864.6617760146663
-865.678391567784
-866.7339814700887
-868.0665506037701
-869.3876524518035
-870.5939816040222
-871.4516524977428
-872.465834339076
-873.7072725823525
-874.9756127642947
-876.0030675526451
-877.0580701740461
-878.1338473813881
-879.4697951866216
-880.7708406973675
-881.8775655333928
-882.8230212631125
-883.8498380979161
-885.1811248293037
-886.4720589048883
-887.5138681870151
-888.6022579675682
-889.6701860106431
-890.9825629562106
-892.2695322883644
-893.3022210926874
-888.0548326609418
-889.0943733188479
-890.1882619848739
-891.5041039237573
-892.8681091085023
-893.9373646565267
-895.0012756552844
-896.085813636981
-897.3433269717101
-898.7027665170824
-899.740829591671
-900.7933203827062
-901.8928234969961
-902.9944175968009
-904.3624541315528
-905.6757682840627
-906.7315863724075
-907.7882635394177
-908.8510446817212
-909.941179477843
-911.3308232191407
-912.6820509217434
-913.7818951254286
-914.8555298543367
-915.9230305923645
-917.006907019367
-912.060817240815
-913.4309636857362
-920.8179742533529
-915.6332564094039
-916.7362744947376
-917.8520440375921
-919.2066476708618
-920.5251799651675
-921.6094667817312
-922.6763156917687
-923.7909513437961
-924.9097384212142
-926.0338389320351
-927.4273222687503
-928.8262684845038
-929.9128377029595
-931.0034568555265
-932.1046539831736
-933.1901863274936
-934.3181157806175
-935.7234667716617
-937.1174586312289
-931.9622838347075
-933.0798870881853
-934.1834660184643
-935.271941349576
-936.3790341822081
-937.5014407559943
-938.9290069095766
-940.3463979227383
-941.4727161099219
-942.5988354949515
-943.722630466182
-944.8361994189657
-945.9490414542327
-947.0735937534561
-948.4831851326486
-949.9184648420186
-951.0757961069207
-952.2233191142244
-953.3505852105378
-954.4754616692454
-955.6065642102155
-956.7448197257113
-957.8732562467605
-959.2978091256281
-960.7507048807204
-955.6524682033489
-956.7995608985839
-957.9324552325018
-959.0667341012985
-960.2098310695094
-961.3564352402021
-962.495162146431
-963.6612097190924
-965.1386777541666
-966.6043390032753
-967.748865679905
-968.8940974345015
-970.0478385422282
-971.1964081348021
-972.3452408760227
-973.519672795074
-974.7063740739106
-975.8911442495512
-977.0668540596026
-978.5410133517062
-979.9818833242163
-981.1254454530624
-982.2956817228624
-983.4912532698737
-984.6726663380038
-985.863451153623
-980.7690398771076
-981.9702124278102
-983.1646570859376
-984.3094948352427
-985.4676009640947
-986.949705131259
-988.4656531530469
-989.6613812338261
-990.8572179476614
-992.0674437868335
-993.2504456001908
-994.4401619934009
-995.5998594064262
-996.7842060363316
-997.9956128399429
-999.2177169100468
-1000.4314285954082
-1001.6483324887064
-1002.8584253366107
-1004.0561064184606
-1005.5379056438446
-1007.0265539547257
-1001.9466983069549
-1003.1676442246927
-1004.4096149710236
-1005.6478110802133
-1006.8561331056384
-1008.0751385904134
-1009.2647691605381
-1010.4728834958104
-1011.691707645889
-1012.9018979789837
-1014.1416538302486
-1015.3925321505308
-1016.6441787858748
-1017.8592380932539
-1019.0688309329169
-1020.2860987113186
-1021.511158019892
-1022.7411052918513
-1023.9690608301904
-1019.2536729676312
-1027.1131269623834
-1028.3511831915043
-1023.2854975928674
-1024.5115345493623
-1025.742693634569
-1026.9777496833253
-1028.2355267001235
-1029.5008064240303
-1030.768571092323
-1032.0145927475871
-1033.2603484638062
-1034.5025903186322
-1035.7356496715568
-1036.9648005510674
-1038.2344323132884
-1039.5210698255555
-1040.8062184937194
-1042.0510026118232
-1043.3136250761524
-1044.5788931844986
-1045.836187167531
-1047.0636748268892
-1048.3179717877308
-1049.6111154648247
-1050.920170878465
-1052.199790148826
-1047.1822691246127
-1048.4486671816333
-1049.7165402655828
-1050.9715566435857
-1052.2453878772753
-1053.531273896152
-1054.8361335032007
-1056.1320570200592
-1057.424336466109
-1058.6977346034002
-1059.964605823258
-1061.2274242969943
-1062.527800294687
-1063.8266969375893
-1065.129656018277
-1066.429160233911
-1067.7422693581643
-1069.0412307472573
-1070.3109652684516
-1071.5739647099174
-1072.8594045779041
-1067.8994599172815
-1069.222676261185
-1070.5534120544348
-1071.8643729975984
-1073.1704294633098
-1074.462371857746
-1075.7567706434309
-1077.045526993038
-1078.3592228587443
-1079.6894019851488
-1081.0278770443333
-1082.3516169786712
-1083.6631387759471
-1084.9606805071332
-1086.2687873090952
-1087.5813245242066
-1088.911916792741
-1090.2462347681894
-1091.594481675749
-1092.9418657858876
-1094.270241834033
-1095.5819534081606
-1096.8933317997808
-1091.934911485487
-1093.2796664077882
-1094.628417724601
-1095.979436619994
-1097.3289515368385
-1098.663993669966
-1099.9928295654236
-1100.9872078949697
-1101.9814928622277
-1103.3250314724235
-1104.691503759507
-1106.0696357150555
-1107.4315238916038
-1108.765790088541
-1110.1053603388204
-1111.4458650401875
-1112.7924329271423
-1107.8651783537468
-1115.520697680745
-1110.6211615575248
-1111.9959255265037
-1113.351378643325
-1114.6954422711137
-1116.0360044381146
-1117.3977988350312
-1118.780293437452
-1120.1597589178843
-1121.55834299284
-1122.9262816810583
-1123.957510941067
-1124.9757166398217
-1126.3348015664146
-1127.6981859823454
-1129.0938940918102
-1130.4934253585884
-1131.90908803723
-1133.2755686748658
-1128.3692388837721
-1129.7365831828452
-1131.121745992207
-1132.4986592108592
-1133.9061945838353
-1135.3132041603565
-1136.7352111320115
-1138.1203674010478
-1139.1635181976835
-1140.1880122876012
-1141.5843339708752
-1142.981003321449
-1144.4005226009222
-1145.8121717739873
-1147.2394027945977
-1148.6405605335444
-1150.0503099395673
-1151.4284611958276
-1152.8334934796674
-1154.241592090648
-1155.6752637304235
-1150.4682198759824
-1151.5524753177776
-1152.961808206119
-1154.3664471336922
-1155.761531481081
-1157.1832076747094
-1158.6187243350894
-1160.0553524154507
-1161.4934826169117
-1162.9464923560029
-1164.369521797533
-1165.429630006339
-1166.4793671738917
-1167.9078815681294
-1169.3548393707347
-1170.8167690547302
-1172.254166785276
-1173.695969014194
-1175.1306810994456
-1176.563965061541
-1171.7037989444977
-1172.7855151550693
-1173.8724535539425
-1175.35537294511
-1176.8224192803789
-1178.280239599793
-1179.7111256185426
-1181.152805976431
-1182.5952167795974
-1184.0643070716742
-1185.5389242451404
-1186.6460838507007
-1187.7483115778632
-1189.2049161193581
-1190.653337343916
-1192.1049565275778
-1193.5617669743583
-1188.7566039790843
-1190.256274983566
-1191.7518501372042
-1192.8462158459038
-1193.9359619029033
-1195.406504869185
-1196.8774825345142
-1198.3686522201774
-1199.8488233861083
-1201.3387511761132
-1202.8419229451843
-1203.9689930691536
-1205.0721991913858
-1206.526283245518
-1208.0012542909546
-1209.5188749012705
-1211.0384838271339
-1206.2567351978603
-1207.7381885753716
-1208.860781295516
-1209.983033251924
-1211.4674875662788
-1212.961267989533
-1214.4752722714172
-1215.9984920854415
-1217.5220746474724
-1218.6401542497304
-1219.7646914025008
-1221.2576235309677
-1222.7635212221412
-1224.2859378990415
-1225.835702904246
-1227.3654166032857
-1228.8808626459581
-1230.0085079499545
-1231.1432169618922
-1232.6594296470398
-1227.9051419714876
-1229.4124650854546
-1230.9653216069323
-1232.1290308944417
-1233.2892759281838
-1234.7818713833983
-1236.2904761294596
-1237.832016740111
-1239.40548327758
-1240.9470750072821
-1242.1021089599928
-1243.2614216909922
-1244.80610527327
-1246.3458641316251
-1247.8675638776501
-1249.4173997286382
-1250.5998921895011
-1251.7742303887635
-1253.3495854192954
-1248.6057656458365
-1250.1363345998016
-1251.6833261426516
-1253.2382472880997
-1254.4322901887108
-1255.613269791364
-1257.185778755234
-1258.7386299772772
-1260.3026137820505
-1261.8543964688577
-1263.0332417150514
-1264.1914658545143
-1265.7940527916894
-1267.388846355637
-1262.686924378332
-1264.2353364911855
-1271.6930778337496
-1266.5824598581885
-1268.1825989361926
-1269.7751249025691
-1271.374203066803
-1272.5638533077827
-1273.749069131371
-1275.3213119420964
-1276.9068636825805
-1278.4957963752252
-1280.0934766626792
-1281.3035518923082
-1282.518770464443
-1284.1236315544554
-1285.7028692298084
-1287.281736076448
-1288.4846408856647
-1283.4302683301446
-1285.0536860803056
-1286.6592846704898
-1288.2574508303276
-1289.4725159509264
-1290.670209371162
-1292.2700080473621
-1293.8772773473372
-1295.5221680928491
-1297.165556267494
-1298.37649132646
-1299.5682889390712
-1301.172908242783
-1302.796423313687
-1304.4316937899753
-1305.6657010943848
-1306.8966857145554
-1308.5353030644549
-1310.1655788542741
-1305.4990560635097
-1306.7161812769796
-1307.9447296667274
-1309.6082157968242
-1311.261264446962
-1312.901173510271
-1314.1376639820214
-1315.3585573822477
-1316.985924682371
-1318.6233008075592
-1319.875645586734
-1321.1455260779983
-1322.8007728475409
-1324.4332579541722
-1326.0790602476588
-1327.3247712728437
-1328.5744918057935
-1330.2262384575426
-1325.6135453894879
-1333.5803822941577
-1328.5541034100474
-1336.081014133845
-1331.4313196161465
-1333.0973395588476
-1334.3653858830555
-1335.648314683194
-1337.333020824962
-1339.0054130363862
-1340.6611150134013
-1341.919491223413
-1343.1836076832255
-1344.8673740716451
-1346.5560171410248
-1347.8427765533424
-1349.1078863880948
-1350.7967015340603
-1346.167923480992
-1347.8654172442361
-1349.1288388373434
-1350.429021439019
-1352.152534358691
-1353.8407978810997
-1355.0829086530782
-1356.3562212462766
-1358.0543681750744
-1359.7717389247248
-1361.0709623806029
-1362.343502076501
-1364.0604223730181
-1365.7649752262937
-1367.0583976312143
-1368.3226989803397
-1370.036437814493
-1365.47875904127
-1367.2519453511247
-1368.5283740893587
-1369.7954727059114
-1371.4805404214487
-1373.2111379891614
-1374.5223810512982
-1375.8380976286564
-1377.5973680919437
-1379.2979193013718
-1380.6091925704854
-1381.8879772248404
-1383.6202259758227
-1385.3556921991108
-1386.6863722439462
-1381.7246660564115
-1383.4785845569688
-1385.1901150109336
-1386.502763834853
-1387.7951457804745
-1389.5641203284636
-1391.3355231669489
-1392.6590856165071
-1393.9736647185598
-1395.724799362317
-1397.0541546803654
-1398.3210588808047
-1400.1084979284392
-1401.872931333627
-1403.199371242118
-1404.507682344006
-1406.2772974993177
-1401.7537822075249
-1403.075414982111
-1404.4026624838193
-1406.2064363483046
-1408.0046572946458
-1409.326389646562
-1410.6284749978302
-1412.394150216646
-1413.7519237733197
-1415.11935139284
-1416.9093070039762
-1418.6718216964202
-1420.0112333023553
-1421.3706686829594
-1416.877071786123
-1418.6571905798164
-1420.0094877958497
-1421.3735357456526
-1423.1954375420753
-1424.5266219546936
-1425.8416610657125
-1427.6289614521395
-1429.4717067391327
-1430.8529381161738
-1432.2080481797418
-1433.9910350311511
-1435.3425687608574
-1430.4307599879596
-1432.2495200220349
-1434.060787400984
-1435.4232360107744
-1436.808258089747
-1438.638594503728
-1439.9999283453942
-1441.3385256710571
-1443.1613638026515
-1445.0276637273346
-1446.4083543509648
-1447.7826530318266
-1443.3084319188417
-1444.670780979912
-1446.0526060812408
-1447.9025348390132
-1449.747903322067
-1451.1341946191467
-1452.5097909424073
-1454.3659749350159
-1455.7273958890746
-1457.110333252315
-1458.955472721985
-1460.3643887346059
-1461.7649340614087
-1463.6346152934643
-1465.4669409349783
-1466.8272703563762
-1461.9430986216316
-1463.8295391568884
-1465.2540008255046
-1466.6395646277836
-1468.4947765187512
-1469.8780469211054
-1471.2906198425799
-1473.157889877007
-1474.5701560838606
-1475.979229930994
-1477.870005430796
-1479.7396627124406
-1481.1304223512664
-1482.5268298651822
-1484.4247606313318
-1479.598924659088
-1481.0135693680659
-1482.885131382608
-1484.2765427607778
-1485.688293031741
-1487.5992939662617
-1489.0230775498226
-1490.4503703371809
-1492.3490065848816
-1493.7756941372645
-1495.196111772604
-1497.0909003423963
-1498.513801176196
-1499.9535559406584
-1495.5940674284923
-1497.5107877041776
-1498.9332244096154
-1500.3577941688445
-1502.2745099519798
-1503.7192086635773
-1505.1793700432363
-1507.0965746365143
-1508.5341544524877
-1509.9632250645473
-1511.8834723528578
-1513.3328172928987
-1514.8150997128039
-1516.739329361217
-1518.196528073371
-1513.3428127214725
-1515.2501615520255
-1516.7076051686079
-1518.169894143372
-1520.130201642085
-1521.5755066597117
-1523.0298261089163
-1524.9556610051816
-1526.414597491111
-1527.8820366301188
-1529.8525538847318
-1531.313014822812
-1532.783675001469
-1527.9569457436494
-1529.4168487206737
-1531.3714454347594
-1532.8397142956924
-1534.3269198106996
-1536.2991444570698
-1537.7678089855401
-1539.228828012389
-1541.1893167169703
-1542.6724119991372
-1544.1754836436123
-1546.153658294079
-1547.6358314257063
-1549.1065831399728
-1551.0822798653746
-1552.5709814417876
-1554.0580427026202
-1556.068384769186
-1557.5553186494903
-1559.0536849012833
-1554.7390094456105
-1556.233447469504
-1557.7209619453367
-1559.2466691826492
-1560.753225524205
-1562.751465317246
-1564.2329730118688
-1565.7233183041983
-1567.7349112833745
-1569.2555870750923
-1570.776366576079
-1572.7729076576693
-1574.2680293779988
-1575.771850732544
-1577.2862555596028
-1578.8044600169496
-1574.5398205033914
-1576.069934045231
-1577.5750802360672
-1579.5975084432062
-1581.1007576192608
-1582.6230895454357
-1584.6681842919213
-1586.1902653519865
-1587.7228692778226
-1589.2242872507381
-1590.735260818352
-1586.4850270413278
-1588.0372296927735
-1589.5802263594214
-1591.6203166176704
-1593.1293217486511
-1594.651108815822
-1596.1927473571932
-1597.7397827489253
-1599.8095532685077
-1601.337157629794
-1602.8815481062509
-1604.92376178478
-1606.4661399785073
-1608.0207202313431
-1603.2953527701818
-1604.854968776628
-1606.9171204176998
-1608.4607898817649
-1610.000212583322
-1611.5641863288913
-1613.1202987826423
-1615.2189143280295
-1616.7571547260516
-1618.321124061501
-1620.3693744359896
-1621.9368111916824
-1623.5187688783892
-1618.810994095982
-1620.377846383818
-1622.4526598783407
-1624.0113109382887
-1625.5720908576807
-1627.1481920392334
-1628.722495639871
-1630.8275828340634
-1632.4152745026156
-1633.966409468614
-1635.5475985108978
-1637.1091829141906
-1639.1994684282497
-1640.8410111070077
-1642.4136999261793
-1637.6983147281298
-1639.270198376461
-1641.3782078981715
-1642.9946290934026
-1644.6043044275116
-1646.1850019069286
-1647.774014362071
-1649.8542161487796
-1651.4892912723622
-1653.0857191578596
-1654.7094651231066
-1656.308842091219
-1652.1417909671054
-1653.7458102226738
-1655.3496473376197
-1656.9659871089489
-1658.5825039350264
-1660.7246035280766
-1662.3337383702851
-1663.932899988757
-1665.5449884201846
-1667.1630689316796
-1669.3300449288413
-1670.9421432104414
-1672.5592726090088
-1674.1486439685045
-1669.4896149037927
-1671.1075251963296
-1672.7318861569106
-1674.9347567609943
-1676.528076678072
-1678.164790783332
-1679.777021727033
-1681.4055429085922
-1683.6221546387803
-1685.2556910822411
-1686.8885333048765
-1688.5048123784072
-1690.1237788180824
-1691.7879093643235
-1687.1621952689775
-1689.3534930983365
-1690.9913372478818
-1692.6295016065405
-1694.2696180158512
-1695.8761959984943
-1697.5657241952363
-1699.2311609220324
-1701.408541212511
-1703.0756929902218
-1704.7051102964908
-1706.3643260959075
-1708.041853986525
-1709.7249580134257
-1705.0609198288455
-1707.2570830098052
-1708.9279288932978
-1710.6109601618957
-1712.3004321346796
-1713.9863644142033
-1715.644050581299
-1717.2910242506182
-1719.506526601416
-1721.1938941203468
-1722.857666518152
-1724.5707424617024
-1719.9569676551027
-1721.614217774958
-1723.2643668669543
-1725.5197231966351
-1727.2478335422074
-1728.9445419783808
-1730.6080247188283
-1732.2657729958325
-1733.9808112750613
-1735.63822571041
-1737.366493665367
-1739.0837035729724
-1735.0222655224875
-1736.7411087479306
-1738.4177524944887
-1740.112778237133
-1741.8504773014647
-1743.5564677436337
-1745.2228345086087
-1746.9158249918441
-1748.6350410669854
-1750.3396258904702
-1752.058781800705
-1754.3439440323864
-1749.7686286700725
-1751.4919266881368
-1753.1924827108621
-1754.9564376120086
-1756.679388203246
-1758.3985928407835
-1760.0854096107064
-1761.8097950275744
-1763.545849278047
-1765.2851718523368
-1767.596549369339
-1763.0409520939575
-1764.7459289913563
-1766.474469918586
-1768.2080584674588
-1769.9620288516337
-1771.6905761975947
-1773.450040025017
-1775.171767055412
-1776.910349922398
-1778.6315413466732
-1780.9722067114305
-1782.7446904111675
-1784.48983946716
-1779.9498365697652
-1781.6697101518153
-1783.4190001756465
-1785.2008749529737
-1786.9628716594
-1788.7172234743111
-1790.4409656947005
-1792.204330298734
-1793.9661577575716
-1795.745635364848
-1797.5157194841363
-1799.2666600892785
-1801.0286726202658
-1802.777502020425
-1798.858707280698
-1800.6271082729124
-1802.4172310835486
-1804.1923434731877
-1805.9450450086774
-1807.7171900058668
-1809.4980038609533
-1811.3004733384385
-1813.0889477902597
-1814.8579548471284
-1816.623556474678
-1812.1268048124768
-1813.927575537677
-1815.7245383737052
-1817.5237378484373
-1819.2874192163686
-1821.067743875461
-1822.8622332154528
-1824.6755091590098
-1826.4774357448316
-1828.2673264708683
-1830.0538980103556
-1831.8427523440917
-1833.661441850763
-1835.4863590510895
-1831.6028632899088
-1833.3923599777136
-1835.187717224737
-1837.0120229937963
-1838.841093547433
-1840.6614216488206
-1842.4743226036026
-1837.98080832062
-1839.7917789547416
-1841.6218653618498
-1843.4323425165853
-1845.2783572387248
-1847.0789952307236
-1848.8957309569257
-1850.733355409741
-1852.5965382463762
-1854.4334960614076
-1856.2472835398191
-1858.0671782474867
-1853.612489855174
-1855.421169333209
-1857.310310295454
-1859.1661441285203
-1860.97594642846
-1862.790966513109
-1864.6177356271592
-1866.4746539036964
-1868.3327672144892
-1863.9156372384364
-1865.753315365162
-1867.5711442503364
-1869.4067558967706
-1871.267248615886
-1873.1456063100122
-1875.0157519101808
-1876.8466159221111
-1878.6747367867001
-1880.5273195903019
-1882.3890532856062
-1878.0016594107763
-1879.86629972712
-1881.7280786208985
-1883.575627452173
-1885.434933031879
-1887.3253561977888
-1889.18865933003
-1891.074233403649
-1892.9275070088333
-1894.7970238826563
-1896.67638841993
-1897.9304364694005
-1893.5403788644167
-1895.4075187621663
-1897.2796847732138
-1899.1497533187924
-1901.0466407432068
-1902.9450314185929
-1904.8278828285856
-1906.7043424212911
-1908.5804846136443
-1910.4780703800031
-1912.3874037907376
-1908.0046287453465
-1909.8963671404113
-1911.7678254985192
-1913.6699497730121
-1915.5690754886152
-1917.4839935871582
-1919.3850045913491
-1921.3014810248292
-1923.1889223693618
-1918.810135727836
-1920.7282370236426
-1922.6394183593547
-1924.5424537685994
-1925.8192267048698
-1927.7268884159857
-1929.6493034880666
-1931.585019643659
-1933.5044684688326
-1935.4055338902826
-1937.3138473518607
-1939.2320154603947
-1941.1746283753405
-1936.8333769640246
-1938.7542167379574
-1940.6569230038176
-1942.5768631990331
-1944.5119478460128
-1946.4656707590473
-1947.7575260968474
-1949.69789442219
-1951.6270760359912
-1953.5504480414947
-1955.504652093544
-1957.4334070688762
-1953.1033520614346
-1955.0455815777225
-1956.9957862029285
-1958.9432345378896
-1960.8893083596613
-1962.8370695505175
-1964.7816324264397
-1966.0802854293288
-1968.0241771103201
-1969.9846683774206
-1971.9576664318304
-1967.61773704115
-1969.5666822539542
-1971.5255609172045
-1973.4978639649255
-1975.4895636587862
-1977.4497094028661
-1979.4053282426503
-1980.703314865021
-1982.677306497204
-1984.6605684651672
-1986.6441323803658
-1988.6254244425543
-1984.3020602257016
-1986.2742602598119
-1988.2525343821774
-1990.2329129458813
-1992.222146240352
-1994.1873099816032
-1995.5151279646614
-1997.499295112091
-1999.49250744953
-2001.4989666116733
-1997.190600570949
-1999.179339490633
-2001.1715316481743
-2003.1816764382988
-2005.194940808328
-2006.522933198401
-2008.5105457841807
-2010.4982304188834
-2012.481782123124
-2014.49825308934
-2016.5261717539397
-2018.5271244740495
-2014.246997244382
-2016.25412901778
-2017.5953106353438
-2019.5945936966639
-2021.617515331886
-2023.6317025845028
-2025.653909103552
-2027.6834115539348
-2029.709201820951
-2031.0466431203754
-2033.0564819055803
-2028.7822242628215
-2030.8148733586763
-2032.8644544882434
-2034.9068476467742
-2036.9213468315459
-2038.9302625785833
-2040.9672139141062
-2042.3280207597572
-2044.3854398355852
-2046.4243988605785
-2048.4523116205078
-2044.1938558950635
-2046.23139600029
-2048.287468623889
-2049.6449255545863
-2051.6954340252805
-2053.7350084639293
-2055.7888683094848
-2057.841660204232
-2059.2049053404135
-2061.257972283868
-2057.0128614725622
-2059.074468942092
-2061.1448927398446
-2063.215797091049
-2065.2767772929783
-2066.631337897688
-2068.6858573511627
-2070.7454359337717
-2072.813674221366
-2074.9036757284885
-2070.6996505234006
-2072.813574530236
-2074.162324208378
-2076.235296512577
-2078.2914422240856
-2080.350710114812
-2082.427035412149
-2083.8096550982723
-2085.895791579579
-2088.0427358745387
-2090.09125868985
-2092.162261548941
-2087.9674410836838
-2090.0656739995147
-2091.4732042689593
-2093.556732563041
-2095.6560999174217
-2097.7283664235056
-2099.793500165714
-2101.1802399013363
-2103.294190038526
-2105.4139190588935
-2107.506696895914
-2109.598983037371
-2104.7402918108965
-2106.833568885113
-2108.9417998257622
-2111.0227008286306
-2113.1243485552845
-2114.5420095586865
-2116.669647752253
-2118.805286766162
-2120.918439078605
-2116.738497445161
-2118.85658416457
-2120.9880579525166
-2122.4076436933415
-2124.5268290194194
-2126.648606744504
-2128.7849030124635
-2130.9154914934857
-2132.35066641488
-2128.1960578677326
-2130.305760166708
-2138.717162952495
-2134.5760037426303
-2136.0077265144973
-2138.1688118158063
-2140.2949654405375
-2141.7004673194388
-2143.833774057103
-2145.9857136752566
-2148.154396095591
-2150.311045946702
-2145.4485176440353
-2147.601794823523
-2149.759778428134
-2151.9034510695938
-2154.0535646786598
-2155.489309723605
-2157.646828949121
-2159.8246019700487
-2155.7252917761284
-2157.8902100960163
-2159.340836739122
-2161.4899385831945
-2163.645677417388
-2165.819218632746
-2168.0025343969132
-2169.457629159841
-2171.6405153986098
-2173.833556797472
-2175.2764299982455
-2177.4522698347255
-2173.3201527452457
-2175.475908156232
-2177.680537165955
-2179.130120028368
-2181.357263818181
-2183.5572483586757
-2185.7363546634483
-2187.9202223754723
-2189.3795864875146
-2191.5711188877094
-2187.4575165087244
-2188.9445611221204
-2197.431806856969
-2193.374899883088
-2195.600383068958
-2197.7920997988076
-2199.2541876694368
-2201.446053300054
-2203.667074165231
-2205.1319101880376
-2207.3501723516792
-2203.2806285557926
-2205.4989371666884
-2207.727562510207
-2209.2070646602897
-2211.429372621097
-2213.6275538337923
-2215.110594412441
-2217.3329306799546
-2219.5738991967723
-2215.5353683923945
-2217.7729126399845
-2219.2444294198217
-2221.484144003746
-2223.7176665031284
-2225.2178781659527
-2227.4484671698015
-2229.6832481869033
-2225.65530701579
-2227.9225379433688
-2229.423741153813
-2231.67580122633
-2233.8960010674227
-2235.3907578501658
-2237.6330168300165
-2239.8846101727027
-2241.3527670845465
-2237.3298082973606
-2245.90161435262
-2241.91278907252
-2244.142581676491
-2245.6983091238867
-2247.936233883256
-2250.170338501186
-2251.710507935464
-2253.9515198207373
-2256.202943264641
-2257.7474243328993
-2253.75038232058
-2256.076316049063
-2257.5849451534377
-2259.8662831361753
-2262.1045559693375
-2264.3734951288075
-2266.6476355548034
-2268.200893920927
-2270.483188005104
-2266.461168827731
-2267.970083405148
-2270.346445759517
-2272.659063137889
-2274.171285132766
-2276.46020728888
-2278.7251948247053
-2280.27353195389
-2282.5875338195237
-2278.5636783419454
-2286.426949142527
-2282.4626116507443
-2284.7970638923975
-2287.1199051234403
-2289.4091996909256
-2290.930822659416
-2293.2367489115213
-2295.571748712179
-2297.1149485778856
-2299.448640737868
-2295.4851497376053
-2297.052633094949
-2299.3790298044496
-2301.709953870011
-2303.236757363399
-2305.556544225326
-2307.889116794101
-2309.4512706008736
-2305.516691841056
-2307.8514884406345
-2309.423260427293
-2311.7653821297877
-2314.097691982871
-2315.663911525094
-2318.0038019314247
-2320.3437391576063
-2321.915733061624
-2317.9659431770865
-2320.3241923023706
-2321.8992502781584
-2324.2848755116224
-2326.6504182603517
-2328.187621333475
-2330.5741376811434
-2332.942603558895
-2334.522702647881
-2336.8750002171737
-2339.2269805970213
-2334.5439107534685
-2336.873619395695
-2339.2753152528658
-2340.836876913614
-2343.212137364299
-2345.6069027001663
-2347.2169809231164
-2349.5986311720803
-2345.6861751575248
-2347.2974588047855
-2355.9785464723373
-2352.0869490015566
-2353.6486281794114
-2356.024301582922
-2358.414481292391
-2360.0332746886447
-2362.4468594262044
-2358.5067284965608
-2366.4271326044172
-2362.5674680349603
-2364.9674982134125
-2366.572926313635
-2368.9618346371617
-2371.3573484036237
-2372.9811946332065
-2375.3782947582727
-2377.7916709102155
-2379.3780396003367
-2375.4923657032887
-2377.973799927853
-2379.6050111819377
-2382.0355261477193
-2384.397500831415
-2386.058897919037
-2388.4996926921845
-2390.9328382322055
-2386.239802505611
-2394.144092626795
-2396.573223644011
-2392.709984878317
-2394.3529931472
-2396.803350482339
-2399.243642408777
-2400.8813526470476
-2397.049127252604
-2405.7840500940665
-2407.412516475158
-2403.5616547576105
-2406.0140625813824
-2407.616320772323
-2410.0767216085183
-2412.539488747229
-2414.1880216565883
-2416.6525783978745
-2419.1395940434013
-2414.4918418722186
-2416.177642692681
-2424.906835058753
-2421.080164160341
-2422.7305200225906
-2425.195681949895
-2427.6479327344
-2429.245849315743
-2425.425428967397
-2427.919926784506
-2435.8653395329125
-2432.046606853987
-2434.5336546203007
-2436.202113124973
-2437.90594890187
-2440.409033773032
-2442.8913287998057
-2444.560734010964
-2447.04271442444
-2443.2498637509398
-2444.8988459274574
-2447.3785241473734
-2449.8732343859137
-2451.5348451623645
-2453.2074162944614
-2455.7355846709665
-2458.2471673968957
-2459.915592915648
-2456.1704326101053
-2458.690214472636
-2460.3656525165707
-2462.858680738341
-2465.341653455248
-2467.0094478297383
-2468.6833709497987
-2464.9392849998935
-2467.414783914851
-2475.390815221629
-2471.6828226162047
-2474.2606889250687
-2476.001461772314
-2478.5012725057036
-2481.025949078989
-2476.4387967384005
-2484.3895196017907
-2486.909825982152
-2483.1214362861147
-2484.807869653043
-2493.5894374501436
-2489.814102788579
-2491.5012205744238
-2493.2010309542743
-2495.7400405600156
-2492.0350023348783
-2493.765218017005
-2496.3309487887013
-2498.92351324818
-2500.6570099242945
-2502.374643124748
-2504.9273720148585
-2507.468489456118
-2502.8931075769456
-2505.448219347889
-2507.9802499569187
-2509.663508831426
-2511.3715553370816
-2513.9173099897384
-2516.469538135166
-2518.1651077075544
-2514.418497628583
-2516.9982288314973
-2525.01260512967
-2520.4498953498883
-2523.068902278442
-2525.6878541721385
-2527.45203617341
-2530.1106296986627
-2526.4131093839524
-2528.126033655564
-2536.1264787863543
-2532.425177560204
-2534.9843565529163
-2536.6873719364376
-2539.237520844816
-2541.785534007913
-2537.2163070088573
-2545.2105656382355
-2541.5034442120213
-2544.1213129488096
-2545.856284372987
-2547.6374047961126
-2550.3133883381543
-2552.9893061078574
-2554.7656477072564
-2557.451265602294
-2553.7816684127756
-2555.52700020093
-2563.5301284387074
-2559.8309978739385
-2562.3932053975163
-2564.0910790491153
-2565.831920398994
-2568.3972689525176
-2564.7095045284864
-2566.464163918635
-2575.3738279041945
-2571.749684399683
-2573.538978854154
-2575.293589816796
-2578.0170251534496
-2580.7217304966466
-2576.2196086622566
-2584.2819622093134
-2586.9483585275093
-2583.2691303230067
-2585.0210738481296
-2586.7572861593208
-2589.369864467544
-2591.987467840365
-2593.7237716762415
-2596.3519511473214
-2592.6923143507884
-2594.4318699030923
-2602.4791912459723
-2598.8468798263866
-2601.470567214822
-2603.213596913613
-2604.9682905012646
-2607.6029959438365
-2603.9360585137238
-2605.673859231051
-2613.688580372521
-2609.990729771649
-2612.5861875647142
-2614.3161198947228
-2616.0316592075665
-2618.57326172264
-2614.9014274783276
-2622.9344465175736
