-0.15298237702788298
-2.832183517623477
-4.58524608763198
-2.5535307821414936
-2.507464284433006
-2.4204884973083938
-2.4523704770676638
-2.382264761048024
-2.5655209495600353
-2.528469630935486
-2.5120106382421126
-2.441715011875667
-2.4742733199128066
-2.512173865619708
-2.4856211587314867
-2.455560425885488
-2.5613713767664517
-2.5726104985855813
-2.4697313570086608
-2.5099119325154957
-2.554970141945958
-2.553590077468306
-2.5356868654330103
-2.5248182080171415
-2.6387559517479344
-2.646419345362758
-2.667970314804169
-2.6670066219744015
-2.659828613400538
-2.677464907903109
-2.571389460329135
-2.5824999387953556
-2.6388062841143562
-2.6696732532680625
-2.6816507372205955
-2.6240798994529806
-2.412460355133852
-2.786253019005918
-2.7898295786711897
-2.8034262579273195
-2.824239293308763
-2.8425402852555286
-2.85772530290237
-2.837448117248289
-2.8459874910974072
-2.857601595230309
-2.89307528048123
-2.9251994399977694
-3.0005093671796774
-3.005584495971795
-3.0023177702490824
-3.0439964719856802
-3.0612985300411943
-3.0800434086771293
-3.10540974904054
-3.1275769020546456
-3.173467825112351
-3.182180776123124
-3.215564044603074
-3.256257518139826
-3.2912613912231206
-3.3030268161481673
-3.3264132267232394
-3.3396011849839993
-3.3741996765430002
-3.369302594243049
-3.375118548179965
-3.415618590091833
-3.4273782224520066
-3.5191192061661396
-3.5452527987716635
-3.5814769381077847
-3.6189830233526017
-3.64924212253404
-3.6800815337074675
-3.6943223991392182
-3.742749267613387
-3.7152715275893864
-3.647162588672569
-3.641234341987126
-3.7435062446819467
-3.818298669447705
-3.9210887603169318
-3.9671791659673765
-4.015107634951078
-4.040542259632459
-4.060641150758052
-4.104406043125863
-4.051042488180495
-4.134558067637914
-4.134502983031833
-4.10367486231531
-4.147696107242888
-4.258095306088161
-4.337198996143823
-4.418517102431365
-4.446238857614376
-4.488084342278353
-4.5386855636376975
-4.579112900760716
-4.61792000685619
-4.680804212923634
-4.73520309971296
-4.75599479029142
-4.782492330053506
-4.834363093195306
-4.8760391600740585
-4.843883041698502
-4.769075997734432
-4.900634514762599
-4.9946933556851745
-5.043193382268112
-5.095230182345599
-5.133470106267516
-5.253463283054531
-5.314666512245856
-5.361295260517478
-5.391988944692533
-5.442464077690651
-5.507783023888185
-5.493672910478325
-5.535799928396041
-5.5882760773201134
-5.639262155307416
-5.6924368180378995
-5.746700910159019
-5.806726373877891
-5.916211401014234
-5.9690244554178165
-6.027678886892715
-6.076075170914213
-6.127613397932188
-6.1807722359662405
-6.176342640017754
-6.232903566571997
-6.298897268027608
-6.359371286084899
-6.40942346866198
-6.470804570767633
-6.530234095166166
-6.645277746330032
-6.708281650381804
-6.775459683428862
-6.8308682135652985
-6.887504733322285
-6.949037528451696
-6.950669938144377
-7.004604093548128
-7.123100726912163
-7.219717829458438
-7.2939631397863725
-7.341138743763243
-7.329141339729267
-7.389804895934108
-7.461265589621327
-7.528223797662802
-7.5906887235071725
-7.647377214905839
-7.7244768032416244
-7.856157404781891
-7.917244592597622
-7.986065419044831
-8.065528804439216
-8.133728378551721
-8.190674336666671
-8.266597223187674
-8.339150178194142
-8.418175018065455
-8.490491440603583
-8.473669966358946
-8.524380186281297
-8.609585295648747
-8.747247009344035
-8.814264124875532
-8.881516237426025
-8.960045384552114
-9.042402196337417
-9.120757386729206
-9.214055583465772
-9.285374788208085
-9.361282666165431
-9.321090553078465
-9.395768161600234
-9.471707760226188
-9.567879561851605
-9.747314984403442
-9.821648335943475
-9.899989214922448
-9.980754655982812
-10.05602362368028
-10.134139504157709
-10.202141636766415
-10.297079089937606
-10.364246914210778
-10.427393979360579
-10.524930360266842
-10.606422419253056
-10.707394613396843
-10.781037269227928
-10.867929232209239
-10.961210921677509
-11.047851055525669
-11.129495236815421
-11.217160080362838
-11.261714678291215
-11.358523279849962
-11.45776877092125
-11.54551769112396
-11.64064690226443
-11.726954801744732
-11.789509607136429
-11.906795586332107
-12.003480472393305
-12.093226997951996
-12.17676608182385
-12.26095721717524
-12.364521917522573
-12.474280280179077
-12.561311286985253
-12.645612864987632
-12.741764192602531
-12.835738947152995
-12.918564019310551
-12.974764805187938
-13.085236958580987
-13.211626093763424
-13.308394434271523
-13.36238942757669
-13.411405319506605
-13.519164193384611
-13.682096115451827
-13.776425317790459
-13.717541781949004
-13.974552859593974
-14.082003323850438
-14.177781771388188
-14.26990404853079
-14.32042017642483
-14.472334643188576
-14.563016390997932
-14.611124456188936
-14.717425365074954
-14.849032220916918
-14.948514565646603
-15.012777217751577
-15.071679297123962
-15.21638442653054
-15.316202677481932
-15.419103087420831
-15.60213406010892
-15.71336932347169
-15.811980860937302
-15.910440672037073
-16.02489738420887
-16.146743790067156
-16.250161289705694
-16.290784468251175
-16.362327144566983
-16.477189579475873
-16.611328283358162
-16.69913964402467
-16.765030371225624
-17.002734033151082
-17.13514194971343
-17.236193456137684
-17.32630188692437
-17.36662781817387
-17.530882215948917
-17.683205252554224
-17.779986286372072
-17.888640669939832
-18.012738678787393
-18.132268234315905
-18.243952862628287
-18.346985341122245
-18.348050684899412
-18.499640884380607
-18.606944837721617
-18.669191373962374
-18.82244923961575
-18.98618497283273
-19.08750463020542
-19.294907828407837
-19.414519160558633
-19.537733906985096
-19.661730452039208
-19.78511517761587
-19.90386379701897
-20.01551181717455
-20.137946129059532
-20.259668710496815
-20.391671176338033
-20.50969126895294
-20.630524540965983
-20.605736346559354
-20.75226206751271
-20.930067029398906
-21.053181375006353
-21.117054221089013
-21.241665071628784
-21.440578518374824
-21.632849093595066
-21.752393732955316
-21.887613941769516
-22.025846553010673
-22.152433311905366
-22.2564204957879
-22.382852422291293
-22.533536863974604
-22.656932552505154
-22.796634536008753
-22.907544968953978
-23.060376710553083
-23.196378773077782
-23.26864115534245
-23.324679394848104
-23.43955312645822
-23.623082372474045
-23.791710592482502
-23.941667567689468
-24.129404145163424
-24.265697121936093
-24.398104823673652
-24.544991891778956
-24.669460900612332
-24.803567274808064
-24.936681111051342
-25.073623699760137
-25.205391922472494
-25.350816875326995
-25.473758353848385
-25.637704777716575
-25.77953982554925
-25.864942872484573
-25.9496432404443
-26.031606568472494
-26.18931717748198
-26.44366721053187
-26.503351071832405
-26.587274406277015
-26.926277836431982
-27.063522992981305
-27.198360871163057
-27.337765764542564
-27.483407801480674
-27.645153592789153
-27.79029531057463
-27.929921973861944
-28.083755407013633
-28.22652466281407
-28.375741557015
-28.51856743998597
-28.669656920465258
-28.640871282764223
-28.934608546413866
-29.086809757161895
-29.08434788127338
-29.214283242908525
-29.326332959642688
-29.464003871225184
-29.616442536108238
-29.740611492824314
-36.26131680656906
-36.44640768563469
-36.624335860876016
-36.89731215476511
-37.06821664559684
-37.24125100014781
-37.40002591920028
-37.54523009722778
-37.709237206703676
-37.88007171690416
-38.03831132928344
-38.14886150791881
-38.30897174202867
-38.26006280836856
-38.40297608061332
-38.58660544986516
-38.77619610490463
-38.92434772581485
-39.06884099192696
-39.248563826644215
-39.598505401662585
-39.762969398911984
-39.68676231796099
-39.91420994784949
-40.28329747437758
-40.43262668419005
-40.59346150934059
-40.76771259349546
-40.94381222619032
-41.10451917010955
-41.256716366823575
-41.43645184377749
-41.61417640734052
-41.773553521862034
-41.933170257040565
-42.103753144023194
-41.93665332899736
-42.11997322591662
-42.36183419226428
-42.521702226567285
-42.712227220579145
-42.92128202805495
-43.27792872877988
-43.4503759551481
-43.64109735708444
-43.81077743136339
-44.001048036605795
-44.15481573541345
-44.326143938604496
-44.521529532749234
-44.70558082806706
-44.86919938746899
-45.041857799078116
-45.21288915953469
-45.395839662115506
-45.5758974474138
-45.56675341148578
-45.91562953062202
-45.882430494611924
-45.99054953245342
-46.23869396958525
-46.640581327504215
-46.82141533268232
-46.81043379863225
-47.01000834860357
-47.366897885445525
-47.54925034670045
-47.738047304893975
-47.91887100400311
-48.10256022821176
-48.288383138097835
-48.48283946642143
-48.681337053384624
-48.87702599480345
-49.05142917960184
-49.243303435933136
-49.443391649808866
-49.641440538026735
-49.82790408677806
-50.009956532945004
-50.211580938601486
-50.401027993032415
-50.58777318957311
-50.763275486358914
-50.77798369614228
-51.12648725978804
-51.332013323212
-51.53395475121905
-51.72444429969137
-51.905446022552724
-52.102253882539436
-52.306917931077045
-52.5058627984897
-52.695108663192514
-52.90250262181465
-53.114540768078555
-53.31933595023054
-53.50635897238392
-53.70090618675321
-53.89984930151855
-54.10802026194196
-54.319961103285706
-54.52032980829444
-54.718350889592685
-54.93229370162743
-55.142188962557306
-55.35357277493797
-55.56221597068744
-55.76093338169563
-55.83359382392598
-56.17506710694766
-56.38077975322431
-56.572911273068414
-56.78706729742058
-57.00450328657658
-57.212476098271246
-57.41908759890645
-57.631285656208675
-57.85677201956664
-58.07904271998367
-58.286941499409785
-58.49274980165239
-58.71545694117277
-58.9412776889074
-59.1649694010528
-59.3773010786351
-59.60126148051092
-59.83849366982967
-60.06171276539199
-60.28000702570399
-60.50461488181851
-60.7322776843924
-60.961436361879926
-61.187838253999466
-61.424998806723615
-61.66752906331583
-61.91497193956519
-62.13083291629681
-62.33189532656699
-62.57041837236951
-62.794283420197004
-63.03059622202716
-63.28653352816894
-63.533113343650925
-63.74648328802649
-63.97307606109521
-64.23866202371902
-64.52955172405929
-64.72967150649266
-64.95999478849266
-65.17241093199362
-65.4607111272659
-65.74204724459565
-65.99226480635947
-66.23563919808711
-66.50439573280055
-66.71844793288636
-67.00669193206772
-67.27869117260028
-67.57823930602864
-67.85792211477113
-68.13539837504062
-68.36454029839248
-68.58102130102642
-68.82906267651038
-69.10632735424815
-69.4181692402991
-69.72148630423725
-69.99520361679268
-70.09149394764388
-70.35741475583451
-70.61119246995673
-70.86911493653254
-71.13733358247536
-71.39279930452486
-71.66951107510644
-71.92515614588605
-72.17736370807263
-72.43846516424611
-72.70082729279102
-73.00323340095782
-73.17761548635323
-73.5016115873703
-73.74944437017834
-73.99949204185504
-74.28296337914077
-74.48939030344951
-74.73250747713371
-75.04362585689135
-75.2893946791643
-75.53618202963939
-75.79339874419492
-76.02717632794436
-76.28791597995706
-76.54315729073014
-76.79191788184635
-77.0385330758281
-77.28581019796721
-77.54890237026645
-77.81733360300751
-78.05969987410492
-78.31098650676158
-78.57451804746971
-78.84084796819748
-79.08435393369385
-79.3331046527734
-79.59448588248978
-79.85893615827364
-80.11915913304584
-80.3607169312721
-80.62110899108318
-80.89230563929922
-81.14496377796829
-81.3910230477216
-81.64328831971366
-81.91035649028535
-82.16540444085058
-82.41544641312493
-82.69123047251051
-82.95957044655862
-83.20945693107696
-83.45809925757165
-83.71217521508814
-83.97052579345485
-84.25372187960987
-84.52997755546478
-84.7790751616723
-85.0363416839776
-85.29453683924767
-85.55704632787874
-85.82327890176998
-86.08909947943864
-86.33999415298298
-86.61279339777319
-86.88236464523489
-87.14727398010038
-87.39168858253245
-87.68453944239877
-87.94997557232972
-88.20990232486191
-88.47730019419087
-88.7437061517972
-89.01885499857032
-89.30079395227695
-89.57820756830041
-89.85689332759863
-90.1475277313451
-90.42740102325499
-90.67890199184478
-90.94452729916135
-91.21653138138493
-91.48813162161403
-91.76276002236418
-92.07861755158893
-92.34783451075748
-92.63065712601278
-92.91705038003626
-93.20205433711672
-93.46202560082159
-93.74648514618319
-94.03954252440676
-94.3490396151697
-94.89739859521369
-95.34402158961656
-95.67658572177818
-95.8280106897394
-96.25414636101502
-96.5492743044756
-96.70147004464631
-97.14440577489441
-97.27664362420253
-97.69735239854576
-98.05040578680412
-98.23405617099924
-98.68772281067334
-98.84261968080665
-99.29391246973393
-99.57995573723943
-99.78304906474189
-100.2236843438564
-100.3950791018487
-100.81785540574391
-101.05474643694869
-101.07508298254193
-101.36806515335589
-101.7122357076534
-102.02277841472322
-102.60864998080729
-103.03911749128682
-103.01350927396197
-103.37270884546528
-103.69399521129696
-104.0479726260065
-104.36902337514599
-104.6689860984445
-105.02492109690817
-105.3460301302475
-105.65995936651173
-106.0070593356533
-106.32200474322264
-106.62555669764936
-106.97384581349408
-107.28830972351713
-107.57799667421583
-107.91279402787451
-108.22942364647777
-108.53599664913587
-108.84154207866017
-109.15775763299771
-109.50186995456997
-109.81554228014026
-110.1134157515414
-110.40864481160823
-110.68647795802168
-111.04264516681202
-111.33949488481821
-111.66676824664712
-111.97325484814185
-112.27471745379673
-112.55354375116899
-112.92429225102464
-113.23156544813686
-113.54346855545668
-113.8513340772589
-114.15730109790827
-114.47142725950566
-114.77933530954945
-115.09094565640689
-115.3770329596584
-115.76821742017503
-116.08006205722685
-116.39815874060437
-116.70935493255847
-117.02187992628087
-117.33606542428092
-117.65699622518135
-117.98048300399533
-118.30556394360623
-118.621348841511
-118.94955974125236
-119.27981624493297
-107.04589949507813
-119.93498526817396
-120.23097266819808
-120.53198862093511
-120.87846873804438
-121.2243292011867
-121.56390086163049
-121.91124223604044
-122.25541623454107
-122.59782563072586
-122.94070892416977
-123.9029080386453
-123.58366749055499
-123.94339084984637
-124.328115109303
-126.87032772984142
-125.02611983739274
-125.59595729522756
-127.37975132976422
-127.70442492747858
-127.73747775352749
-127.93683639573612
-127.39602161609315
-128.6845773382392
-128.81022953821986
-129.16984684569397
-128.9149056984897
-129.0526197308154
-129.43041879941694
-129.82625312195438
-130.45572110587585
-130.5672842269211
-130.9553482192238
-131.50295217151594
-131.6794995064809
-132.0792788770271
-132.40865555355347
-132.77703580418648
-133.19894667342905
-133.55834765638366
-133.91179653687234
-134.26696952383708
-134.60670138062278
-134.95679387056688
-135.34742063776312
-135.68210856417704
-136.06844531692104
-136.42655066353964
-136.76792513897445
-137.1230418953986
-137.42098048958576
-137.82147269520942
-138.0493334055603
-138.4278558765105
-138.7398645487047
-139.10588078299102
-139.41946809655082
-139.81852052324783
-140.3240701982939
-140.6600981195653
-140.91150095049798
-141.24125533047155
-141.70655991627285
-142.07481112095132
-142.4221854701145
-142.7928531163893
-143.150515484681
-143.5261689992175
-143.88002889189727
-144.26440510580076
-144.60773903326177
-144.96992524512834
-145.35387709759405
-145.72448021329
-146.11766933686857
-146.46778841967298
-146.83786869036797
-147.07198652770558
-147.5936330546155
-147.9862647178195
-148.22449636454493
-148.7853523730273
-142.72772077943372
-149.62425636499236
-149.99814786187707
-150.33762356478925
-150.6730232593776
-151.1759846631366
-151.61022712643873
-152.05587835471061
-152.46054650074592
-152.89018358996145
-153.29105664589764
-153.74883646595174
-153.89672311853457
-154.51286847404168
-154.86816962516295
-155.31123293294795
-155.67666998839744
-155.95173392548972
-156.35376270168354
-156.74340086244604
-157.12803142729751
-157.50903380081115
-157.8956276059542
-158.28443346812398
-158.84578884870913
-159.1098215650513
-159.47720183648104
-159.8503444931971
-160.22773976192127
-160.6285635315439
-161.13698193613152
-161.5315178585764
-161.83969250173917
-162.2244435617304
-162.60883616545445
-163.0020855286359
-163.45490604307628
-163.8385093593856
-164.15092765670107
-164.5988548466546
-164.99834405643062
-165.39685778246974
-165.8008739642787
-166.2034172636156
-166.67269649462847
-167.07888134980095
-167.4238208643586
-167.81013486039575
-168.19439750100983
-168.58905483109635
-169.01317726645513
-169.50285903805636
-169.9128952829918
-170.25840372276826
-170.68073728339644
-171.10528344522896
-171.52304150402404
-171.93928019649957
-172.36801847385001
-173.13304401054558
-173.19463250370708
-173.6148958548207
-174.06268974170717
-174.50128399774582
-174.92412529701002
-175.30021808552956
-175.7122912398091
-176.1680896776934
-176.58971416480546
-177.00609665399926
-177.44649512839297
-177.884406780856
-178.31209557809478
-178.75420637754425
-179.17297404391252
-179.57768391317734
-179.96677155034422
-180.4047923030479
-180.86155343758227
-181.31347917286143
-181.75810243859544
-182.14629795755545
-182.53693618876335
-182.97003472181146
-183.4180764151346
-183.86092944918917
-184.31288032061605
-184.83331953521773
-185.2284928651658
-185.61315759021457
-186.06981678497118
-186.44685134979187
-186.85164766052196
-187.45329598201744
-187.86288503383088
-188.3146800749538
-188.6152892597853
-189.0385569242276
-189.52635919335196
-189.98463275951974
-190.43611515334058
-190.81310067376816
-191.27098457251466
-191.69516927688719
-192.11117253483707
-192.58498195001889
-193.03431022629803
-193.44232074113728
-193.90629346637405
-194.38425617348838
-194.6910282110716
-195.33817441152055
-195.8071377234399
-196.2409474544438
-196.60221094813156
-197.0952860513548
-197.48579035454452
-197.95134030271367
-198.34134370023529
-198.83082004963947
-199.3257654370013
-199.62811932452541
-200.20712150425146
-200.7048407153058
-201.01060425697258
-201.40223375575803
-202.04706707783274
-202.60063978387944
-190.34859805600362
-203.49683375082967
-203.99897573152157
-204.34798254652515
-204.92054296115583
-205.1337731742907
-205.82287278376248
-206.15766386840602
-206.74645519544254
-206.93115451777493
-207.59262886532974
-208.1733104102969
-208.4653653234617
-209.01405254746234
-209.60201527584078
-209.73501339396682
-210.38972942420585
-210.842096496729
-211.36801626423366
-211.34153485192368
-212.10447814852103
-212.503324615102
-213.2201815506219
-213.2605726179985
-214.11999179006517
-214.55354246009722
-215.09785321450124
-215.49722201895958
-216.02314329199285
-216.24133973947633
-216.97096332339413
-217.54589395565952
-217.84696962135428
-218.3210721174451
-218.75760669558474
-218.90914421894868
-219.72197086860297
-220.2021805390926
-220.6937855821142
-221.14839119488943
-221.86108069097494
-222.1430330237635
-222.55416576853924
-223.17281276150112
-223.6543196489129
-224.15360588797634
-224.65135042312755
-225.13152600929067
-225.56032877255257
-226.4101469834403
-226.63902760594152
-227.24938467670734
-227.68613811071626
-228.13938338472784
-228.70884581095655
-229.1257022805143
-229.58506515971536
-230.1581899258874
-230.5674461985758
-231.0100381459062
-231.6007975965235
-232.0289530765072
-232.45197239791418
-232.94438121264972
-233.46477289838214
-233.9117277323991
-234.3474716815224
-234.91662136875888
-235.33629404615726
-235.79434957583
-236.25403306981627
-236.7683547827103
-237.29517360353958
-237.7577217085095
-238.24845379563018
-238.8000007916106
-239.36754424070716
-239.86838681765917
-240.37988153804378
-240.9731954254841
-241.52953819171321
-242.29924261494617
-242.5842365113098
-243.3119525663649
-243.66389160486452
-244.1991154952494
-244.70516077163688
-245.19406798294395
-245.752737708054
-246.26268317238782
-246.81227825403835
-247.2964562066807
-247.76610942583395
-248.23104276962127
-248.6944184093977
-249.16705541015943
-249.6649493306415
-250.21396740145903
-250.69567605005759
-251.17415136442128
-251.64238920832238
-252.0879143735331
-252.53968754739282
-253.11554641465628
-253.69238353421113
-254.198583532023
-254.63641364570123
-255.12044383608557
-255.75153888106053
-256.30142570670097
-257.081388698649
-257.40355583412014
-257.8893698933784
-258.5479781167616
-259.12383071311825
-259.783248562627
-260.3466257387141
-260.8749458832635
-261.4341620295543
-261.9714598443086
-262.49907489157806
-263.0296384252259
-263.5466210413461
-264.0504848732334
-264.55806581877323
-265.02985972685855
-265.5168830684745
-266.00992328076586
-266.4902565168772
-266.9721318159429
-267.4803161473941
-267.99319872920364
-268.49497190183524
-269.00143701367057
-269.50240133489825
-270.0126040605198
-270.52294783164444
-271.0220687047852
-271.5748977683742
-272.1547509391156
-272.7352406386364
-273.3484881733085
-273.9293302873013
-274.514138921196
-275.13247586988433
-275.7739973700309
-276.39827901281154
-276.89366180077616
-277.4663386261216
-278.13609997234613
-278.50811779116924
-279.245897449179
-279.78379191463074
-280.26817003595227
-274.44835493080717
-274.88703884389133
-281.79855712232745
-282.33137095125045
-282.6263059096719
-283.30372992941636
-277.5370322380873
-278.1522629695373
-278.6884352208405
-285.50393062561767
-285.9533268984183
-286.4420379453404
-286.9905953338987
-287.53376909694566
-288.10187757894937
-288.7034780835026
-289.3335952684602
-289.959437777526
-290.5323445695368
-291.1335996647913
-291.7979670601689
-292.44567322731456
-293.0921161920592
-293.72989747686256
-294.25939399203565
-294.8002110932878
-295.3793266944105
-295.94678032166775
-296.5061371536299
-297.06381983145747
-297.5653548674123
-298.0210647184247
-298.58323615384364
-299.15022867484834
-299.70539919348977
-300.1903238950328
-300.68857528177756
-301.26854165469763
-301.8401388879394
-302.4040910511578
-302.9237646243639
-303.53403782442825
-304.1774586332493
-304.7963518825723
-305.5029261280846
-305.96960428601557
-306.92471019727026
-307.3035166398127
-307.87048059405316
-308.48889975107227
-309.14822102685275
-309.7463468913957
-310.31383864369457
-310.8420049124697
-311.4448652134017
-312.1233645840703
-312.64684787361995
-313.1069974531053
-313.7023104689493
-314.301082562099
-314.8240471224282
-315.3371033169544
-315.9412138642473
-316.4862414690706
-317.03197769761044
-317.62861161881943
-318.17518030476265
-318.7512445453664
-319.44290194162534
-313.8480638444742
-314.45150705831696
-315.05240836704553
-315.59227954824377
-316.29589785868126
-316.96562980031626
-317.6520285736274
-318.18875600038604
-318.7890866539029
-319.46993301293986
-320.01022195405056
-320.5658351171102
-321.11927836401867
-321.67006294311756
-322.29473116795486
-322.84035163968406
-323.3959558862998
-324.06291412170293
-324.63572331683537
-325.2013344159033
-325.8733960453891
-326.4580231413736
-327.0514263856313
-327.60938347840255
-328.21515706449384
-328.9312637064114
-329.55703943493694
-330.1772621500876
-330.81836899708765
-331.4291035053691
-332.16753085506144
-332.76840401805066
-333.36965873291433
-333.9741387698175
-334.5497370419107
-335.1227753732183
-335.7142017386049
-336.37075097752336
-336.9405732682509
-337.515256042225
-338.0954961410478
-338.69102911225093
-339.301274600586
-339.923499054815
-340.5461965576288
-341.17295963520354
-341.902412229318
-342.53757820998715
-343.205629004771
-343.8472248511267
-344.5026202747185
-345.14480817211853
-345.7825739112219
-346.41913350835716
-347.05312646616414
-347.6639806424722
-348.2758305139551
-348.8875549054049
-349.48569124149753
-350.0818250298506
-350.6664571797029
-351.270356912565
-351.89670050069026
-352.5215245884643
-353.15983408172644
-353.79046335869816
-354.4353632652641
-355.0709611444425
-355.7395438649237
-356.42302835099287
-357.1088195821643
-357.80286634242134
-358.48106108878073
-359.15859870656277
-359.82111429802967
-360.4790174907038
-361.03439966508023
-361.65837463040987
-362.26434671502545
-362.9236063654836
-363.55054856874585
-364.17509676314836
-364.76936853117905
-365.4192902835608
-366.03205859324186
-366.58689681929167
-367.24925920639873
-367.90928052808505
-368.60647005972254
-369.3297542352825
-369.934220003334
-370.62983952823777
-371.36854184057046
-372.09697647059835
-372.8182001056588
-373.39266803386136
-374.0650996542933
-374.7457148618261
-375.4000758591146
-376.04771438114767
-376.6003422087415
-377.2559107495147
-377.8713759213953
-378.52958041112777
-379.1467229632126
-379.7154856670858
-380.38685808975237
-381.06062433909506
-381.61543391753855
-382.445928445475
-383.12873073930575
-383.89518464865046
-384.7016671257836
-385.3299719276801
-386.04570299672645
-386.7812229745954
-387.38722121234065
-388.0573989930508
-388.75918488627195
-389.3593092658553
-390.0335517501759
-390.682679618173
-391.23489067184556
-391.8804452870482
-392.5649948365824
-393.1415096210186
-393.4424007667538
-394.4950612708656
-395.12268086221917
-395.7449659742665
-396.5191093611186
-397.31125924372003
-398.0011857008211
-398.80486298167045
-399.5700531971977
-400.22976999431364
-401.0078612561737
-401.732226792115
-402.3435632795349
-402.9381277813273
-403.6136992729209
-404.2999876090973
-404.8846300525244
-405.5564024834499
-406.22679261488275
-406.83054980838295
-407.44452683433
-408.1684760759616
-408.93274867391074
-409.60913189916874
-410.23672870075535
-411.16054184113193
-411.8894462182472
-412.6051498783816
-413.2919852650036
-414.15114174672203
-414.81626393310387
-415.46371367085044
-409.2212681471479
-410.58892902253905
-411.21579600129166
-411.84810003493254
-412.44593093455774
-413.0232522002422
-413.67986804326273
-414.4476551857606
-415.0863479775909
-415.76352987828847
-416.4649686152706
-429.80121098178466
-417.99124799248585
-418.788117543592
-419.5988690753539
-420.21704448552504
-421.22193666139947
-421.90313185705924
-422.55534455966955
-423.0721942313134
-423.6951749349097
-424.6013294464487
-425.33688007138664
-425.94801517334474
-426.57250606397923
-427.1621139626153
-427.94657290525157
-428.7554923033378
-429.44975518399116
-430.17825012372543
-430.9377549895883
-431.73666225761053
-432.50552783941924
-433.3722276276952
-434.2605877883568
-434.9774873398308
-435.7077565080349
-436.20400709231154
-436.7163870768755
-437.65090081210195
-438.60619767561485
-439.2371191679753
-439.8149595414276
-440.25065830642257
-440.9132776303523
-441.67233439187703
-442.3875381939296
-443.27914397529685
-444.1664118128455
-444.9642978594123
-445.7566483989022
-446.53903311758893
-447.4309568640712
-448.1294440189996
-448.55978233509427
-449.23845060925964
-450.0448696755804
-450.79591376069186
-451.4538118466057
-452.118150096701
-453.1476118867454
-453.47948585915924
-454.31075327820133
-455.02100909380516
-455.7463645092148
-456.51071815117376
-457.3089596009194
-458.1108784461807
-452.77226733682124
-453.67159472059956
-454.43519481224433
-455.14038538088255
-455.8223870987485
-456.62655685969673
-457.43020702380164
-458.18699962089767
-458.8776410221486
-459.4712075625048
-460.1617696351879
-460.9684306636782
-461.4517037459806
-462.2158012057153
-463.02433325133984
-463.8381022948593
-464.6194231414253
-465.41024389034783
-466.2152448252066
-466.9883112317077
-467.8782475127865
-468.71433092899446
-469.4382783939134
-470.4339501814062
-471.2879029361922
-472.14288574168216
-472.9344834381451
-473.6969476595258
-474.4403050302621
-475.17518680063426
-475.9978110333972
-476.7232979904579
-477.07379680331815
-477.9140462237723
-478.69934482887265
-479.4750551290184
-480.25719693925817
-481.0144938457763
-481.75320691488446
-482.49305805775725
-483.2604031252265
-484.7852361984863
-485.6014576088413
-486.4036599513387
-487.2439204857699
-488.0233392726872
-488.75160879935163
-495.16689113499825
-490.1881554929694
-491.0170699011804
-490.9413382206566
-491.7709302163513
-492.5757666792371
-493.340726383176
-494.11266744074845
-494.9015038236151
-495.6771204540161
-496.4336862288679
-498.56336062372
-499.38179499624346
-500.08179699440075
-500.6296563986416
-501.44657257454924
-502.4728061152541
-503.3512063254441
-504.02481133212734
-503.81633240976817
-504.4006035857228
-505.1339234195642
-505.9388245122992
-506.76355226545985
-507.56150411231
-508.33888742566563
-509.1315456651761
-504.66246111922084
-505.5363702561549
-506.1452290636037
-506.97726834435065
-508.0138384955121
-508.0512932737147
-509.1653390474165
-510.0675290578971
-511.1914827963802
-510.8789381405107
-511.6990786535047
-512.5166499019471
-513.3136539463089
-514.1147671689431
-514.7598754951471
-516.0134409085991
-516.9435224674388
-517.5630809093634
-518.340344349439
-519.4309974913805
-520.3140145569159
-520.9040506060456
-521.3805230952536
-522.0128162105578
-522.8532277397687
-523.6815139720378
-524.5349121893858
-525.4180761304427
-526.2808678633659
-527.1191540213554
-527.8148287033172
-528.901871495839
-529.8275774166574
-530.6088203185276
-531.5158217731645
-532.4553749233082
-532.870585519598
-534.0709420076769
-534.8606848267938
-535.2403249628286
-536.1051587063218
-536.9858387192677
-537.689933281647
-538.4235566127434
-539.3047179443439
-540.2219003158181
-541.1565728525148
-542.5135192278341
-542.6941375580496
-544.1739102427275
-545.1231200621521
-546.1318021071517
-546.9272644320592
-547.6290032930962
-548.018679730965
-548.5479689844469
-549.4530817613934
-544.0702673918557
-544.9837065328915
-545.701256375897
-546.4823801301592
-547.3838104258489
-548.9355946127989
-550.0762399617631
-556.4628914961405
-557.7217044812418
-552.4545020753618
-553.2754169440238
-553.3840717676467
-553.9788594792209
-554.8998314089757
-555.8134139316161
-556.7202536938677
-557.4717978867639
-558.27689501208
-559.2000356388544
-560.5700687917382
-561.04047374107
-562.5700659792128
-563.3255574810079
-564.0968291788446
-564.3911280787105
-565.9925137046367
-566.6206038566119
-566.8318375453603
-567.6439276244173
-568.4456866822995
-569.4116366152722
-570.3870997545071
-571.1831715160846
-571.9103780169232
-572.855225269278
-573.9904222908405
-574.6836012156639
-575.6887080442482
-576.373039000933
-577.6233492225997
-578.2354119037548
-578.8435878342589
-579.7835405548406
-580.7601290344791
-581.5927555976486
-576.0745859314774
-577.0288986399232
-577.9800632331794
-578.912170327818
-579.7013804182725
-580.642345779053
-581.3669172625423
-582.1457147742682
-582.9990129229853
-583.8867110842986
-584.6541376411277
-585.6212028308562
-586.6146535443244
-587.5818807911324
-588.3202112165374
-589.2529156084485
-582.8634857003498
-590.5686957166839
-591.5566966655437
-592.3085142442192
-593.1656780082153
-594.2275739465557
-595.3902065689232
-596.1529066157756
-597.2095807363954
-598.1344500529962
-598.946685422509
-599.9431857489078
-600.7944224520247
-602.2200840563589
-603.0498155061814
-603.4093676226865
-605.1162007522586
-605.9155841590285
-606.0229858800045
-607.2923537134078
-607.9319202716341
-608.8432246311177
-609.6733201317043
-610.6974267937898
-611.5515817038913
-612.3480257810745
-613.3607041789342
-614.2577901024274
-615.8486562891993
-616.5633536007779
-616.9365870262975
-618.8728651566795
-619.8270947902292
-619.7191603847427
-620.6174926667943
-621.5182962508936
-622.4201125752116
-623.4589797470751
-618.0160402690502
-620.2044385245255
-621.009084994024
-620.6821094757082
-622.7923748189107
-622.3644461314083
-623.6698735530289
-624.558029673538
-625.2711525534631
-626.1778105685395
-627.2364585333202
-628.141101518287
-628.9782393885951
-629.8470350367309
-631.2094566007854
-632.4644619792854
-632.5761428436418
-634.2993197982071
-634.3644671274685
-635.8020011140254
-636.9161787098108
-637.3697955200746
-638.2389858396201
-639.1282717138492
-639.9851192439893
-640.9781617114556
-641.8417505091587
-642.7738610940536
-643.5881623278611
-644.7250801710509
-645.5003847360866
-646.3088578074978
-647.8183222942049
-648.4596004098646
-649.3534502070269
-650.2935369605756
-651.1810611079428
-645.9684806733491
-646.8925849966787
-648.8849497025699
-655.2520958719942
-656.5164829184396
-656.7909092775154
-658.3733674539417
-652.4017415412749
-653.35370451065
-654.5136380838064
-655.466176438018
-656.3747002885331
-657.2701433582655
-658.1768985322394
-659.0585347017368
-660.781839196485
-660.8529492462592
-662.4495707718715
-662.7882486514179
-664.4189586031397
-665.0243685487175
-665.9649188748991
-666.9211824929968
-667.7875552105227
-668.5627775809496
-669.5312661748383
-670.4551267243536
-671.3666947547362
-672.5263450185965
-673.345436486431
-674.2919995432063
-675.3637594944173
-676.3503845183035
-677.2925609116312
-678.214916462719
-672.8329515910996
-673.7686112762213
-681.2246766546381
-676.3968833656958
-682.8744381395302
-684.1666457501854
-679.216986161821
-679.8501865048759
-680.8378829676359
-681.7588893634213
-682.6906951177893
-683.6268933628287
-684.5757350646576
-685.5302417646802
-686.3767339024306
-687.5255475999002
-688.35291833012
-689.6613869749855
-690.3733833642184
-691.458510238647
-692.371631250199
-693.334740391657
-694.2765664393535
-695.2602527099201
-696.2066262825577
-697.1773187765369
-698.1668383521494
-699.238811662399
-700.2470387308914
-701.266314783315
-702.2938656682267
-703.2793294257344
-704.2604744196283
-705.2542648660553
-706.2225811025298
-707.1914755383885
-708.2022957983686
-709.0756000225256
-709.980706401958
-710.9903757503414
-711.6138811058386
-713.1731872392836
-714.1799077750361
-715.1601032171009
-716.1334470212755
-710.8789125304108
-718.1645798204166
-719.1098046527677
-719.9610339824264
-721.0655168711479
-715.8837966424696
-716.8687774079485
-718.0129090088539
-718.9913459724626
-719.9415421559266
-720.8920968821012
-721.8623779210134
-722.6681257606908
-723.695231912372
-724.7699101994835
-726.024584812914
-727.1264327559384
-728.1258687285396
-729.1970024251162
-729.9319920898014
-730.8978040029868
-731.8807440993717
-732.8901506315417
-733.9610485575358
-734.8376017200385
-736.056103132109
-730.9276946686765
-731.950440880324
-732.9792753107125
-733.9814980808763
-734.986482716689
-735.7868449025268
-736.8031338172077
-737.8773429898658
-739.0389670963659
-740.2211872992033
-741.1447106980278
-742.2379781521569
-743.2680408409849
-744.2872163276658
-745.2504633162179
-746.079233650171
-747.1362350295068
-748.2590086965154
-749.1947652569418
-750.3931560313928
-751.5321082809602
-752.6043799091731
-753.6096291445225
-754.4107808317818
-755.4348997414867
-756.4630391897854
-751.291333057284
-752.4705199251207
-753.4148319151253
-754.6101957673093
-755.7549317557407
-756.6253401953793
-757.6714702638119
-758.6736732443981
-759.484495715856
-760.5566307658775
-761.6604934484947
-762.8781649349637
-763.9946803989824
-765.0204178199511
-766.1479921627833
-767.2426520510394
-768.0970188991251
-769.1251008580505
-770.2015708174692
-771.071546857158
-772.2167967448527
-773.3197279384957
-774.3994550381349
-775.5433849333384
-776.668385295959
-777.5483347606123
-778.6551216149397
-779.6900201036287
-780.754233097249
-781.9238101753712
-776.6231068191919
-777.8095558406442
-778.8629907596444
-779.9432739953811
-781.0879313978254
-782.1680647624318
-783.041174261249
-784.1599310933094
-785.3195525343808
-786.0801145825542
-787.1731539605175
-788.4228004579692
-789.6237860789937
-790.5264752144775
-791.6541942683739
-792.765271585091
-793.67310538447
-794.8166850601237
-795.9573286674702
-796.9379272183319
-798.1419850876208
-799.3739762026665
-800.2762589416642
-801.3880724672157
-802.5451130056888
-803.4361612522985
-804.615763388966
-805.7801337077312
-806.8043107165275
-807.8017483956995
-808.973330229759
-810.1882778455405
-811.0544472792925
-812.2126780229736
-813.3247581230602
-814.2725762144242
-815.2520629792616
-816.4720179035273
-811.4999512783112
-812.6195851577622
-813.6415426304314
-814.7756911927082
-815.694924386046
-816.6608505517556
-817.7987654946007
-818.9961969934596
-820.04139545105
-821.3164621317762
-822.5719077453588
-823.5280654264162
-824.4386894777189
-825.6009547513878
-826.7774067627165
-827.7245616367725
-828.7166370179722
-829.9863556671553
-831.244187524376
-832.299991654946
-833.4933538993238
-834.6804704443563
-835.5981676986659
-836.5608733392893
-837.830463819188
-838.9822449131062
-839.9799418521541
-841.0504414400414
-836.0537663782193
-837.2829709577237
-838.2531408020646
-839.0821361891356
-840.373620058751
-841.5671823770662
-842.5797119822844
-843.6540732008399
-845.0334470205499
-846.231976151394
-847.2384876810366
-848.2182955770099
-849.4059430129779
-850.6168593606957
-851.5825907678619
-852.6251110174902
-854.0123300161348
-855.2536061716652
-856.089725624743
-857.2400240043125
-858.2508543204119
-859.456639505137
-860.7072643472217
-861.7257446467275
-862.7719184415829
-864.1155349802723
-859.0951506733087
-860.1057321400262
-861.1491455754892
-862.1570911716021
-863.3521860103677
-864.6088221299101
-865.6667627241978
-866.7313860113637
-868.0419995351544
-869.324739874099
-870.5807904739596
-871.4217685858177
-872.4158855084604
-873.6325786112009
-874.9264379366527
-875.9696897431189
-877.0025250012982
-878.0687823688476
-879.4720121767959
-880.7299816899132
-881.8066574033788
-882.7462197347448
-883.8143507499097
-885.1093360853016
-886.3669972930925
-887.4510280604145
-888.5491055506325
-889.6427595374065
-890.9292556460812
-892.2202741703146
-893.2603335451084
-887.9926524938238
-889.0559729218652
-890.090947897679
-891.4378397527028
-892.8485012332959
-893.9143449815099
-894.9314755229577
-896.0446133382928
-897.3103964180334
-898.661352002157
-899.6694427218706
-900.7131396005051
-901.8486682347772
-902.9741146557117
-904.3042981355865
-905.620367545094
-906.6871848353954
-907.7461939373903
-908.8008971965206
-909.8888564425198
-911.3145225520794
-912.6399097897655
-913.7333042661579
-914.8075080049194
-915.8858553895279
-916.9914532605688
-912.0381961613022
-913.4092016014163
-920.8170539311094
-915.6331927122695
-916.7317737274354
-917.8520111889457
-919.2042210289808
-920.4968007025668
-921.5955760913117
-922.6396636884879
-923.7633096898793
-924.8872865014096
-926.010581260049
-927.3997247681276
-928.8197581277315
-929.88827412245
-930.9761624686589
-932.1033890921254
-933.1900325406572
-934.3178951783407
-935.7174346134525
-937.1015542119019
-931.9620291134609
-933.0758879311412
-934.1751665132105
-935.2539592556876
-936.3757449500479
-937.500412383589
-938.9284163700481
-940.3461054054828
-941.4727301986478
-942.5882743704753
-943.7199670075624
-944.8327173388172
-945.942330398743
-947.0688238141641
-948.4778831767002
-949.9189992724034
-951.0769465620489
-952.2230624138839
-953.3514097418231
-954.4756001102445
-955.6111234393122
-956.7448793201816
-957.8728983118046
-959.2951352630608
-960.7609599425023
-955.6569629187445
-956.8057605165951
-957.9364855416375
-959.0822509885086
-960.2145730197177
-961.3577071128183
-962.4960367402605
-963.6618727333542
-965.1429461629969
-966.5984053355749
-967.7499414967577
-968.9112782749686
-970.0588718727627
-971.2079324977983
-972.3527814439641
-973.5197288024491
-974.7075432053791
-975.8922941048858
-977.0692184581699
-978.547120018705
-979.9854990435816
-981.1289533666134
-982.2954482597737
-983.4905225104852
-984.6808308520365
-985.8635456561848
-980.7690413377914
-981.9723236449446
-983.1711635521091
-984.3137964393636
-985.4792814701285
-986.9494974792998
-988.4655107939852
-989.6604627277516
-990.8556919496361
-992.0674462879152
-993.2520762199226
-994.4533482814738
-995.6059906517852
-996.7905118375086
-998.0012049464339
-999.2215168434979
-1000.4314567914661
-1001.648329976844
-1002.8624984854002
-1004.0685832727758
-1005.5387478638163
-1007.0265685212734
-1001.9467101983207
-1003.1695930630237
-1004.4121054679954
-1005.6471615044942
-1006.8573282965638
-1008.0869980637079
-1009.2772472327131
-1010.4729434574249
-1011.6973108284769
-1012.9078428183627
-1014.1392553066413
-1015.3922915996583
-1016.6436130770388
-1017.8614169464375
-1019.0696675740708
-1020.2860123135252
-1021.5111580308863
-1022.7406212379882
-1023.9674264778097
-1019.251986742565
-1027.1131352336631
-1028.3514772745818
-1023.2891991086678
-1024.5115053289476
-1025.7426636478813
-1026.9778689354678
-1028.2336346615004
-1029.4977766610948
-1030.766836926742
-1032.0133873868128
-1033.2673791483462
-1034.50285613214
-1035.7356496670927
-1036.9650148161659
-1038.2344314923257
-1039.5207659269493
-1040.7909797960094
-1042.051008994804
-1043.3213289352182
-1044.5829016722796
-1045.8361838115663
-1047.0636501847198
-1048.3131768752146
-1049.6137862631892
-1050.9129505091128
-1052.1903542912548
-1047.1820989800744
-1048.450916132192
-1049.7165399286878
-1050.9578898644988
-1052.2440714950194
-1053.5338509798435
-1054.836424570732
-1056.1165606267361
-1057.4243298798538
-1058.6986625035129
-1059.964461187332
-1061.2187066718104
-1062.527761025163
-1063.8227806367947
-1065.1324326364638
-1066.4128922454008
-1067.7419619095483
-1069.0414693565042
-1070.3109643212574
-1071.573845554652
-1072.840596524228
-1067.8919510498567
-1069.210490741294
-1070.5521803046456
-1071.863047390977
-1073.166337431114
-1074.4492941497595
-1075.755288984399
-1077.0282969834134
-1078.3531746272256
-1079.6697625627346
-1081.0138822258323
-1082.3442671111281
-1083.6572274731614
-1084.959271498381
-1086.254227219157
-1087.5804096386685
-1088.9101502415658
-1090.2209466924796
-1091.560875104726
-1092.9320009143403
-1094.2682065084637
-1095.5711388922864
-1096.8862007650898
-1091.9247544495815
-1093.2687497058123
-1094.5987662730483
-1095.9395643320665
-1097.2923815719485
-1098.6533292891766
-1099.9833868105156
-1100.9673430526138
-1101.9582535139411
-1103.3112639242504
-1104.677642902836
-1106.0657112652225
-1107.4213351782055
-1108.7486898603056
-1110.0863469799408
-1111.4269593457811
-1112.763555877276
-1107.843252921887
-1115.4951663063391
-1110.6527314827817
-1111.9897800584158
-1113.3148442296033
-1114.6847957142763
-1116.0151958871984
-1117.3883259325223
-1118.7908001143
-1120.1407540840464
-1121.5288232897926
-1122.9201196525073
-1123.9552622170995
-1124.9587404840634
-1126.3073095083284
-1127.6819739803434
-1129.0761722617474
-1130.4792699372224
-1131.8739871298012
-1133.247096022687
-1128.3700605662054
-1129.735177618452
-1131.1164599936917
-1132.4847774019481
-1133.8820228094396
-1135.324801685374
-1136.7143583000552
-1138.1039399228075
-1139.1550360537608
-1140.1732672159815
-1141.581293451465
-1142.9699693268888
-1144.3797643079383
-1145.7945700839016
-1147.2232957325587
-1148.6276900485702
-1150.0472034399177
-1151.3714455095837
-1152.8120254023072
-1154.2343112858055
-1155.665615160356
-1150.465629532654
-1151.5297549281308
-1152.9439801777305
-1154.3639461199878
-1155.7425001055658
-1157.144416981716
-1158.5989271333901
-1160.05493697183
-1161.4753273922354
-1162.9119209193702
-1164.3577380730462
-1165.4246810733139
-1166.4665301495236
-1167.8869705155055
-1169.3356256607415
-1170.8038747336388
-1172.2195350284717
-1173.6626632126222
-1175.1209682966414
-1176.55251166605
-1171.6899475817943
-1172.75604612268
-1173.8452364548973
-1175.349255513797
-1176.7861847947268
-1178.211980502116
-1179.6829872593637
-1181.151513980607
-1182.597101248187
-1184.0338031995911
-1185.5074347319971
-1186.624615059986
-1187.7434681401464
-1189.1847605200126
-1190.6278819306856
-1192.092368415475
-1193.5587010961099
-1188.722321886005
-1190.2082880814864
-1191.7437745069665
-1192.836937867501
-1193.9281942895818
-1195.4050785635666
-1196.859357144901
-1198.3640623536955
-1199.792680257481
-1201.3002270311313
-1202.8267516903784
-1203.968069135211
-1205.0687639144826
-1206.5274214431283
-1207.997669965542
-1209.5157120351153
-1211.0110567350634
-1206.226434453226
-1207.734216381372
-1208.8612250224064
-1209.983351123004
-1211.4315794232155
-1212.9353748744738
-1214.4733710881032
-1215.983603214406
-1217.49398997389
-1218.6182039176645
-1219.7643772583635
-1221.2596875425188
-1222.7530615669975
-1224.2482048198012
-1225.8308504942943
-1227.3651328172173
-1228.8797399168986
-1230.0071793795753
-1231.143206854929
-1232.6594189524594
-1227.8983505148556
-1229.3834597298753
-1230.9426876270793
-1232.128542744249
-1233.2891403958063
-1234.7829697864138
-1236.2809679111413
-1237.8316417582046
-1239.4001787153727
-1240.9300081548702
-1242.1108485343698
-1243.2612707563424
-1244.8080696545521
-1246.3398923778675
-1247.8582990110028
-1249.4121457729418
-1250.5976297590776
-1251.7634002932218
-1253.3425078402013
-1248.605729282656
-1250.13634207746
-1251.6832156353075
-1253.2169161772363
-1254.4229737646572
-1255.6099762998065
-1257.185732215587
-1258.7353942530544
-1260.3065567018493
-1261.8531502969745
-1263.0321444075873
-1264.177350421736
-1265.7872759888394
-1267.3884624841453
-1262.6869243819337
-1264.2379781410707
-1271.6942592211033
-1266.5824739132813
-1268.1767605552582
-1269.7645143903815
-1271.364784448562
-1272.5588993619897
-1273.7518869199364
-1275.3213031342866
-1276.9066772561616
-1278.5100054543148
-1280.0940586163777
-1281.302791752823
-1282.5085728713202
-1284.123657567268
-1285.7146765990026
-1287.2815409617024
-1288.4831715582236
-1283.4302590004083
-1285.0535710789345
-1286.6592845304353
-1288.257449336912
-1289.4655682689956
-1290.6712667970453
-1292.270637337731
-1293.8696873563529
-1295.5153232578746
-1297.165961284583
-1298.3842455072465
-1299.5790468146295
-1301.1721881006786
-1302.7997394756067
-1304.4394894127545
-1305.6655751989044
-1306.889929171864
-1308.532317494143
-1310.1678075299499
-1305.5033892144095
-1306.7169222312473
-1307.9433621617516
-1309.6059075083608
-1311.2619857804898
-1312.9018790073496
-1314.1361246283911
-1315.349653761905
-1316.9843576144174
-1318.6234493944626
-1319.8693326581772
-1321.1450356922157
-1322.7916604034526
-1324.433257460837
-1326.083773689624
-1327.3244562944253
-1328.5737712441892
-1330.2161117525093
-1325.6138573591427
-1333.5804163909752
-1328.550220669947
-1336.0774952085267
-1331.4246280204459
-1333.0934235185855
-1334.3643006727177
-1335.648231535077
-1337.3111322367236
-1339.0030220631475
-1340.6604302386734
-1341.9148016850381
-1343.1724368326527
-1344.8435121389937
-1346.5248587506853
-1347.841500092718
-1349.1052191831384
-1350.783094064205
-1346.1420149095643
-1347.865284232513
-1349.117218146312
-1350.4119208023724
-1352.1468902189251
-1353.839564894781
-1355.0655747063158
-1356.3480983165637
-1358.049544536912
-1359.7704349677158
-1361.0508242541746
-1362.3114651480275
-1364.0579831791363
-1365.7638438212282
-1367.0470105556103
-1368.3353977393967
-1370.0286609096572
-1365.4532343046587
-1367.249855436493
-1368.5178084356064
-1369.7876274325793
-1371.4703182841583
-1373.1974731046423
-1374.521264716759
-1375.8241084787608
-1377.5674332754616
-1379.288268661607
-1380.5898080181726
-1381.835303128412
-1383.587685377603
-1385.3289723668072
-1386.653917462223
-1381.6845478343341
-1383.4224534860089
-1385.179424444487
-1386.4763225496233
-1387.7682253940077
-1389.5188737347844
-1391.3185408729605
-1392.6499554860086
-1393.930285342501
-1395.6936092760056
-1397.0237320395606
-1398.2750592683956
-1400.0924401212376
-1401.8925782062931
-1403.201905757233
-1404.4757951339323
-1406.2263272469852
-1401.704581186706
-1403.0633881358985
-1404.4817742084097
-1406.1764304612213
-1407.9557617900482
-1409.138097323225
-1410.5912070495333
-1412.4611477151766
-1413.7387460093619
-1415.0732287457715
-1416.854581955553
-1418.7103748994464
-1420.0158067685122
-1421.3612904294018
-1416.8533490009227
-1418.5988636410991
-1419.9821279264008
-1421.328600904569
-1423.2479838287445
-1424.5119107518753
-1425.8233248674635
-1427.5816404285874
-1429.4403877732411
-1430.8137111484778
-1432.213715265819
-1433.9561416788065
-1435.2957491931131
-1430.3849034828133
-1432.2133310645959
-1434.0844713531903
-1435.410209287272
-1436.7937063604793
-1438.6071541481545
-1439.95238451404
-1441.3036031316974
-1443.1477918630821
-1444.9789568213757
-1446.3672723880115
-1447.733942524917
-1443.26939978257
-1444.6482865408816
-1446.0403891545834
-1447.9064660401234
-1449.7526565127657
-1451.112739830024
-1452.4823076559699
-1454.3308251981225
-1455.6995925178344
-1457.0685584994949
-1458.920505061661
-1460.3210237960307
-1461.7413309691685
-1463.5836214780193
-1465.4040498330953
-1466.8080569155998
-1461.907831902414
-1463.7914785798093
-1465.1974717302655
-1466.6435004671382
-1468.4858125837777
-1469.8629416246747
-1471.2534155222236
-1473.1114511203016
-1474.5641206848827
-1475.9681742911605
-1477.899385954452
-1479.686732340029
-1481.0727541523404
-1482.4871585475091
-1484.393510154765
-1479.5624919992604
-1480.9619153540052
-1482.840725831687
-1484.2420055762707
-1485.6754813900018
-1487.551477348995
-1489.0024906975439
-1490.3907143637173
-1492.30897740507
-1493.7472308090448
-1495.255089533968
-1497.1094540129766
-1498.480037955137
-1499.9125954004892
-1495.5715993943008
-1497.487742784355
-1498.9336378497942
-1500.3432851495595
-1502.2587829925592
-1503.591401568309
-1505.147604228129
-1507.1451698208436
-1508.5278540111262
-1509.9354821985235
-1511.8538648103618
-1513.2838016178714
-1514.7931505401466
-1516.7128145681809
-1518.1656912437188
-1513.299800504843
-1515.2100514607662
-1516.6688866413035
-1518.142690590355
-1520.099173288552
-1521.5828158137747
-1523.0104747626797
-1524.9313602979787
-1526.3962149828942
-1527.8537304926617
-1529.8052635999784
-1531.3022945302878
-1532.7617117912805
-1527.9567008616787
-1529.3981761691473
-1531.3309909111515
-1532.8433500778847
-1534.317745119301
-1536.2981707930412
-1537.7512729322063
-1539.2001243929426
-1541.1957037997472
-1542.6556074509538
-1544.1739999554622
-1546.1348958011667
-1547.620967001663
-1549.108076778122
-1551.0815677877135
-1552.5706931040468
-1554.0543958118158
-1556.0397747565455
-1557.5532804617783
-1559.0396674043486
-1554.7382651426008
-1556.2152792622778
-1557.7010032289897
-1559.2563882674635
-1560.7474002657996
-1562.7426639347027
-1564.2178442067038
-1565.7155166242799
-1567.7241718070431
-1569.256036153795
-1570.77467947688
-1572.7576689110624
-1574.2479390868573
-1575.756164318643
-1577.2853434655603
-1578.8059031504342
-1574.5221785273598
-1576.065162257019
-1577.5706909950927
-1579.591555765267
-1581.103764194207
-1582.6121938085512
-1584.6671997562207
-1586.1825509170903
-1587.7204811442664
-1589.2333547050691
-1590.736942783406
-1586.484075539363
-1588.0348184499971
-1589.5789063386158
-1591.6144023925704
-1593.1266415867592
-1594.647373662325
-1596.1927623871711
-1597.739827515452
-1599.8215410303853
-1601.337205898377
-1602.881706492345
-1604.924534856554
-1606.4671823430137
-1608.0474809005093
-1603.308891480201
-1604.8549026677308
-1606.9172427898986
-1608.4620582626449
-1610.0063531672702
-1611.5779445315275
-1613.1136387676809
-1615.2191515446254
-1616.759215006049
-1618.339842743013
-1620.3827446358657
-1621.942833922341
-1623.529499367424
-1618.812911001557
-1620.397138165812
-1622.462552298476
-1624.0222567929786
-1625.5774765748754
-1627.1581887963553
-1628.7629049864959
-1630.8418738971227
-1632.4408615087923
-1633.9814352442888
-1635.5546027635849
-1637.1715657559716
-1639.2602265724256
-1640.8693335405462
-1642.4266669311498
-1637.7182131764168
-1639.2936860410473
-1641.3969649525636
-1643.0110238132906
-1644.6164859326097
-1646.2028203732236
-1647.8033205907188
-1649.8831535965803
-1651.512005632724
-1653.1035473432555
-1654.7287235805354
-1656.3466268201078
-1652.154385109047
-1653.7829285012044
-1655.3751111455213
-1656.9828294510426
-1658.61120484094
-1660.7701855046466
-1662.3756293152258
-1663.944336100272
-1665.5619097337
-1667.1771636623757
-1669.3639872695626
-1670.9938321684772
-1672.5971023777126
-1674.1796044229993
-1669.5117500626957
-1671.1315774452887
-1672.760712806529
-1674.9886180538285
-1676.5681029339944
-1678.1948423436154
-1679.801887522584
-1681.4300261539727
-1683.667094501221
-1685.2978028997138
-1686.9270925684086
-1688.536691616773
-1690.1533487350325
-1691.8347427433562
-1687.2073254868526
-1689.3958485173398
-1691.0274993869946
-1692.6898698653301
-1694.3249221484787
-1695.9154582112976
-1697.606538396974
-1699.2770280491845
-1701.4442049523125
-1703.1314129031537
-1704.7595696029464
-1706.4087292121899
-1708.084294357132
-1709.7632692757836
-1705.1008594738737
-1707.2995539498902
-1708.9775418096688
-1710.6611885277885
-1712.346069715151
-1714.0370067805932
-1715.702895884789
-1717.354174853731
-1719.5652483906176
-1721.252744316596
-1722.8948415059851
-1724.6297523863452
-1720.017276487572
-1721.6660438744505
-1723.3057639007952
-1725.5576668082708
-1727.2990210256303
-1728.9940313416212
-1730.655677626181
-1732.3099958224316
-1734.057721109992
-1735.683068144625
-1737.4193564872446
-1739.138840555657
-1735.0682669739617
-1736.8173744714868
-1738.4902847163253
-1740.1680011297008
-1741.9133047139537
-1743.616522810295
-1745.2666099085232
-1746.9697458396308
-1748.7018790046864
-1750.3972857100375
-1752.1058500383585
-1754.3907413541451
-1749.8234727353695
-1751.557249016957
-1753.2445318599
-1754.997686781252
-1756.733846567691
-1758.460628018348
-1760.147826840497
-1761.88122614404
-1763.6115632356082
-1765.3298227708826
-1767.6546124162965
-1763.0843515050808
-1764.8202993144243
-1766.5469666297192
-1768.2820404836934
-1770.0411892870072
-1771.7569838730283
-1773.4668941995446
-1775.2372818405718
-1776.982169968199
-1778.6899827905124
-1781.0295288659233
-1782.814928088239
-1784.548563677353
-1780.0143097119724
-1781.7218416846767
-1783.458811452056
-1785.2463951692644
-1787.0258151381734
-1788.7982786053833
-1790.501831576419
-1792.247327145424
-1793.9870880482015
-1795.773393338943
-1797.5516309387565
-1799.338798229586
-1801.1056990356515
-1802.830502758664
-1798.9050909669309
-1800.671111043347
-1802.476890621663
-1804.28868837151
-1805.985608305287
-1807.7561826730537
-1809.5182564853296
-1811.3838423287607
-1813.1374361408814
-1814.8943567283877
-1816.625975245524
-1812.1273140792448
-1813.9315789940083
-1815.8208072198197
-1817.5840819760888
-1819.3214239850581
-1821.0803360212597
-1822.8578534725002
-1824.674527221966
-1826.49825493975
-1828.3026377712972
-1830.0593991915212
-1831.841661807763
-1833.661144284565
-1835.4817688278404
-1831.60518505691
-1833.394106951911
-1835.188080451235
-1837.018238360899
-1838.8046081270666
-1840.6283799495397
-1842.4735177159291
-1837.9793175630195
-1839.7840801841437
-1841.6069937306793
-1843.4429841617311
-1845.2969116018455
-1847.1021548055062
-1848.9038181387227
-1850.7203269932777
-1852.582452366467
-1854.4045235349586
-1856.2108065605728
-1858.0605933607267
-1853.5935917516422
-1855.3783840854567
-1857.2368818641276
-1859.0717731543916
-1860.9074964595238
-1862.7324013869907
-1864.5459866095584
-1866.4275113099916
-1868.2964682983234
-1863.8721325785655
-1865.64145622102
-1866.9996074155963
-1869.3221635951904
-1871.15369003965
-1873.05007789084
-1874.9936645017024
-1876.758723946142
-1878.5276270522193
-1880.3919217634843
-1882.04878233089
-1877.8510863083986
-1879.6816315676465
-1881.6391079053735
-1883.50518410453
-1885.0834337219578
-1886.9592202238641
-1889.0133225622192
-1890.7554004166154
-1892.7124036930263
-1894.4782468239773
-1896.5376901760485
-1897.7897398671182
-1893.2630025492974
-1895.1782399444364
-1896.8472948468304
-1898.9563903851463
-1900.769548048579
-1902.6817934758783
-1904.4287006685609
-1906.5448953403427
-1908.2547258359373
-1910.2942522666465
-1911.9317931315559
-1907.7583821476592
-1909.574983412393
-1911.58651045643
-1913.1669392171002
-1915.3101765630452
-1916.9872701906033
-1919.2197914525277
-1921.1841757265465
-1922.9587560597713
-1918.697950826709
-1920.5369306605062
-1922.2467145058176
-1924.3522781090126
-1925.3569554582812
-1927.1887340262558
-1929.4945453457983
-1931.298288540948
-1933.2401105498245
-1934.8128335977137
-1937.1242467030995
-1938.9083117535893
-1941.003989527694
-1936.7212162586409
-1938.5031507297056
-1940.3615034567486
-1942.4137093018182
-1944.0102488762193
-1946.1218758384323
-1947.6130379151548
-1949.4223942555354
-1951.4753269524151
-1952.9303486003773
-1955.034225326903
-1957.2833622963694
-1953.0032954209155
-1954.7488957363178
-1956.8431490586954
-1958.7851571761705
-1960.7751606757213
-1962.62900690039
-1964.4557137004401
-1965.7826008886354
-1967.969609032669
-1969.9528965142008
-1971.761634150709
-1967.484874346569
-1969.5028528752302
-1971.4425017643732
-1973.3995394722383
-1975.3462855699083
-1977.241963748097
-1979.3870652240246
-1980.7064248118252
-1982.6441033616984
-1984.636108047971
-1986.6482941000693
-1988.5912482368958
-1984.3147827880225
-1986.2528227349737
-1988.2588503529053
-1990.277448108846
-1992.3816686164344
-1994.473057666589
-1995.5103172615568
-1997.5765127018938
-1999.5081057334855
-2001.5110750892936
-1997.1935702663745
-1999.199539118627
-2001.237646379302
-2003.3474840020965
-2005.1456191289517
-2006.460324473251
-2008.6425580263135
-2010.5520239849577
-2012.4860372879068
-2014.94875214964
-2016.536603874763
-2018.591030106853
-2014.4934018117974
-2016.1182960696613
-2017.4636584922466
-2019.9482672198335
-2021.7631315815343
-2023.6805603499242
-2025.6589256304587
-2027.8627553419021
-2029.7901154770566
-2031.1682631157591
-2033.1433118813811
-2029.857334708092
-2031.31381794823
-2033.0479396410258
-2034.9826573155622
-2036.9406821202485
-2039.1639097123355
-2041.1246717388942
-2042.3759155358337
-2044.4534748477936
-2046.3880691883603
-2048.9450432202884
-2044.3876575421816
-2046.3153571547714
-2048.3177196655515
-2049.782457828726
-2051.9945400579454
-2054.7829410146
-2055.7986195046683
-2057.9765988484514
-2059.3249828377648
-2061.3234664859933
-2057.025866312141
-2059.07936018733
-2061.221738152449
-2063.406435249431
-2065.8894294222673
-2066.5682886207405
-2068.8164569332625
-2070.7554505236526
-2072.751257627933
-2074.823122271849
-2070.6086466187953
-2072.8000408425787
-2074.1336543298485
-2076.1996747189223
-2078.2192036207434
-2080.4616430962874
-2082.4423768641905
-2083.7850214045634
-2085.8443682099332
-2088.0332515916502
-2090.0347397780274
-2092.0912387472445
-2087.940525712657
-2090.064847353316
-2091.4660923579963
-2093.5277696802896
-2095.6539006787834
-2097.7209532157335
-2099.769882864603
-2101.1101738863476
-2103.2829438144217
-2105.403156466355
-2107.4989391436607
-2109.5665975264506
-2104.7276265956375
-2106.8282134465053
-2108.9407981812938
-2111.023228058917
-2113.1256780408694
-2114.548296232432
-2116.6701435550262
-2118.876833794287
-2120.922759608793
-2116.7334129396468
-2118.8521757873473
-2120.9804753964268
-2122.4173292933096
-2124.5578994843213
-2126.6550909402176
-2128.824021881335
-2130.944100113779
-2132.3529822182627
-2128.1971363921234
-2130.325277293314
-2138.736778464306
-2134.580900948872
-2136.0434777361593
-2138.208368022861
-2140.325513286792
-2141.71034766331
-2143.844509309999
-2145.9951328535394
-2148.15460400121
-2150.315106772086
-2145.455319481321
-2147.6174033222655
-2149.801230888914
-2151.904537974101
-2154.053723834763
-2155.501557803399
-2157.6856105627053
-2159.846768761392
-2155.7393002139356
-2157.9010870102684
-2159.3737165805546
-2161.5313174707885
-2163.6580566452867
-2165.819388740758
-2168.042350434822
-2169.491810466823
-2171.658750820088
-2173.9074163431756
-2175.3776373986384
-2177.5094037653907
-2173.381823278445
-2175.5029079376854
-2177.78012067473
-2179.193078226358
-2181.541375301162
-2183.619913507028
-2185.764710937759
-2188.0154923746945
-2188.9623850646663
-2191.522810324353
-2187.459673782067
-2188.982280601105
-2197.485018021145
-2193.452956308393
-2195.7990434862386
-2197.860705744506
-2199.3250853393843
-2201.480673554606
-2203.7827389373933
-2205.2324792461495
-2207.36024468214
-2203.3498590308704
-2205.5761634224714
-2207.802675284139
-2209.439659683413
-2211.5470693512975
-2213.7317999271204
-2215.2020806862593
-2217.402327379509
-2219.630356125914
-2215.550198530112
-2217.8391126181937
-2219.275744120715
-2221.503784648957
-2223.709857968424
-2225.328910771412
-2227.538854998052
-2229.7328006391876
-2225.749852158842
-2228.00594758827
-2229.549306053906
-2231.718808139707
-2233.9735711746057
-2235.461627257332
-2237.676132545096
-2239.787544909835
-2241.4171894310007
-2237.3760680240525
-2245.972291640666
-2241.98129645497
-2244.2600236845133
-2245.8327213660664
-2248.000432520349
-2250.244585956685
-2251.8349784412503
-2253.9879813948355
-2256.210356609791
-2257.8160859248396
-2253.775891965927
-2256.1508731826034
-2257.7156663327787
-2259.921990648311
-2262.2656187318885
-2264.4173151692225
-2266.33957224682
-2267.721333777824
-2270.5676439708127
-2266.5362019092436
-2267.982730713901
-2270.4420786851974
-2272.7808069027606
-2274.381155249499
-2276.8023871783907
-2278.9216693331573
-2280.4739965340373
-2282.7676533896806
-2278.676320532976
-2286.529625129617
-2282.5253946378934
-2284.824884369287
-2287.122879122542
-2289.5351110971787
-2291.075808183499
-2293.3597674194193
-2295.6897379247957
-2297.054578169485
-2299.581219254039
-2295.602199714761
-2297.1635356872343
-2299.412203928247
-2301.751383673041
-2303.3607954246427
-2305.585752607466
-2307.955581353887
-2309.5201621371266
-2305.7361873125265
-2308.0365107661314
-2309.5106786035176
-2311.8933706393727
-2314.123019285414
-2315.789400665448
-2318.083580759122
-2320.4979940939115
-2322.0171261068103
-2318.0986862365994
-2320.4602800140046
-2322.03631214611
-2324.3606150736064
-2326.741656343538
-2328.2501173795235
-2330.673069479307
-2333.0293989623374
-2334.606830617876
-2336.9056553249707
-2339.260028976258
-2334.6220210404963
-2336.8869099034728
-2339.3698679103886
-2340.868517412601
-2343.2985777113045
-2345.7095156801943
-2347.2901228709384
-2349.70658578232
-2345.712162752278
-2347.481401669775
-2356.3804094685825
-2352.3353638560548
-2353.8312202063926
-2356.256206984815
-2358.534606193328
-2360.179554707916
-2362.5078319441673
-2358.5068310805273
-2366.4536753380917
-2362.590361418811
-2364.9903471917687
-2366.5955731392187
-2369.002511805116
-2371.3929287478672
-2373.039525380148
-2375.4239186604555
-2377.8256435912776
-2379.4551456714767
-2375.5982023765787
-2378.07305526641
-2379.6489880232552
-2382.048065005299
-2384.406861496757
-2386.0663751089974
-2388.5038991156935
-2390.9513686799237
-2386.2605702531096
-2394.154461062326
-2396.6656210832352
-2392.7682558547863
-2394.4782890042557
-2396.9011644305415
-2399.3394701207612
-2400.898193914005
-2397.070209552336
-2405.869792474535
-2407.4798187638125
-2403.597446378591
-2406.0334360751194
-2407.6168701257047
-2410.0810814904735
-2412.549119075877
-2414.1957597990227
-2416.6589090347466
-2419.177771587344
-2414.5513151915547
-2416.1781423754715
-2424.9173278349754
-2421.092032638359
-2422.7301247164173
-2425.1929881546207
-2427.648429100802
-2429.245081610248
-2425.42011568163
-2427.9187307597626
-2435.863313106539
-2432.0427713043246
-2434.534650997177
-2436.2107724431494
-2437.920854230594
-2440.410975409057
-2442.893520682601
-2444.600341958435
-2447.044522497177
-2443.251719418416
-2444.898307140794
-2447.372353460302
-2449.8488372019674
-2451.51971542129
-2453.193943082419
-2455.6937186732403
-2458.233785498288
-2459.882018795839
-2456.129369256018
-2458.675150274221
-2460.362374422855
-2462.868480671102
-2465.338638707713
-2467.007719477967
-2468.6699041554207
-2464.8861517308055
-2467.423551491133
-2475.3768986289792
-2471.606304678315
-2474.1856485979906
-2475.985665512386
-2478.4171364044046
-2480.9396454030066
-2476.3647315898806
-2484.282985734991
-2486.8855592934024
-2483.0821926400668
-2484.7654848348952
-2493.5890252841555
-2489.725542502605
-2491.4222539361544
-2492.9962151585587
-2495.6057731225937
-2491.8781263373626
-2493.664097347509
-2496.1427697524286
-2498.7125593371334
-2500.4545634796655
-2502.1859875839923
-2504.7042793268974
-2507.279158511943
-2502.6256637235165
-2505.3189156806657
-2507.769453522753
-2509.427547287414
-2511.2227742398195
-2513.4021210517735
-2516.173849871931
-2517.8548741937466
-2513.613971007247
-2515.913172667719
-2524.649992653665
-2520.072967968696
-2522.849540853926
-2525.3132368905485
-2527.0850918859674
-2528.7682873388926
-2525.2965436407508
-2527.788269044384
-2535.785423863673
-2532.2352971992445
-2534.560483714303
-2536.348419121501
-2538.7815360913287
-2541.303159781419
-2536.7117909872595
-2544.8075581630114
-2540.9508467623937
-2542.486554494455
-2545.3565617207896
-2547.109445648786
-2548.1376107284245
-2552.771789327043
-2554.235769031559
-2556.7841689645206
-2553.155933215853
-2554.740059921622
-2562.950511150108
-2559.0380471170092
-2561.2100774272617
-2563.2697965431607
-2565.1455744809227
-2567.4574367750943
-2563.506057689694
-2565.267564425524
-2574.4393627843237
-2570.723675975826
-2572.5653324732875
-2574.575689491355
-2577.1345146118047
-2578.414590744168
-2575.77061504067
-2583.616493580344
-2586.149033581346
-2582.989678925189
-2584.7440140345675
-2586.053565732253
-2588.4565128181803
-2590.6148330497676
-2592.948285877619
-2595.281249865725
-2592.300419379114
-2594.0185815367126
-2601.5159360369803
-2597.4940534391894
-2600.993605552455
-2602.724628306075
-2603.8651786658893
-2606.021245371144
-2602.4839271660708
-2604.2086967582813
-2612.5149633125297
-2609.421707750876
-2612.0769078914336
-2613.2330504185034
-2615.003263819909
-2616.02338980521
-2613.61533815576
-2622.133993899831
