0.7183824300181109
-0.8457191780768996
-2.2324167378930833
-0.1704296419076187
-0.28024341479564496
-0.8354329208797423
-0.9651552472666314
-1.0963789955719003
-1.184784030265555
-1.2279315659106484
-1.2989434890124643
-0.6489143223057994
-0.749107774269933
-0.7715671989189961
-0.8159917018209202
-0.8956143573793346
-0.9716858718591226
-0.9638994609310416
-1.6260951878864631
-1.6814002661104992
-1.7270789379709932
-1.7281410790932856
-1.7200809336601366
-1.7333899697976451
-1.2680335414450628
-1.3101722310730175
-1.3541078635830546
-1.3816553280625212
-1.4160520101414642
-1.4722408318299078
-1.8795923128176528
-1.8981118559600667
-1.9189384495501485
-1.9287865834923126
-1.928354992429943
-1.9324786034944468
-1.9551118351970111
-1.723499561906035
-1.7591527307073616
-1.7882394098613403
-1.8125531503861854
-1.8427159230685421
-1.8832986686866566
-2.1012155752387147
-2.1108305825385774
-2.1276473942954386
-2.156375201195327
-2.1863778240101324
-2.209848083806588
-2.2288738898842926
-2.12394797647897
-2.1492426247424623
-2.1698684964470702
-2.1768369949571755
-2.207402722486501
-2.2511889036178974
-2.3900294195879557
-2.3977759341835516
-2.422400932612553
-2.4521086969452592
-2.4767534515748513
-2.491385281857524
-2.512788056537097
-2.4704570855473755
-2.5104680101715253
-2.5405944364793185
-2.5605056437012896
-2.599055298142951
-2.6527914090273894
-2.739526827146639
-2.7427543940918624
-2.761016911229778
-2.799310255861855
-2.8428039494807518
-2.883049315928596
-2.871057266439646
-2.907317116915145
-2.9364433551742763
-2.970866112507841
-3.0050710793541904
-3.0302668054225474
-3.0569940739816395
-3.133770986641497
-3.1808182000030194
-3.21795023314351
-3.25192619143663
-3.294900836849874
-3.333060978361412
-3.3290628113962564
-3.370788120420132
-3.402861277175284
-3.4346399426653482
-3.4754093611182744
-3.5257697836031583
-3.566060867307399
-3.629423746084475
-3.672506850437571
-3.7124783200523215
-3.750608529192168
-3.793534938501605
-3.836910155244669
-3.8931049586335025
-3.9449965898940604
-3.978289525030776
-4.007295401852476
-4.049153583584496
-4.1020466359742676
-4.12628913341976
-4.171904339145373
-4.214471128613557
-4.262206953341224
-4.312075211165727
-4.361104245674033
-4.4034581281957825
-4.472222860281462
-4.521059297589021
-4.574391870179039
-4.618273706678002
-4.666205897411111
-4.729518424539219
-4.773947735591266
-4.820815217645896
-4.8636450624138075
-4.915497915176498
-4.975617796094742
-5.031479015570157
-5.092447787174145
-5.15136478193958
-5.19307981263887
-5.2435780232248
-5.306572701243855
-5.307322898149869
-5.35678064286307
-5.454923437507516
-5.51364561597706
-5.574791334370383
-5.62986785578585
-5.6910684669360325
-5.760264527443938
-5.819259253488496
-5.879130000245685
-5.872817189690241
-5.993861046194958
-5.999379359692095
-6.061541001355418
-6.126155016109472
-6.233144286796515
-6.292358907508592
-6.372179272840731
-6.441790722893933
-6.502382945947383
-6.561736090824836
-6.61333579399602
-6.680043678708982
-6.743179680990182
-6.811165258208044
-6.880201391048789
-6.947445838662187
-7.014834291505889
-7.089830311526845
-7.150237039532552
-7.220406069069147
-7.290064129028244
-7.315785765677114
-7.377553812915829
-7.484397186860986
-7.555231637998623
-7.625458901308407
-7.700762317403389
-7.7736420167055265
-7.835498996958143
-7.89941591682892
-7.940312768837011
-8.015667446549724
-8.084113022392248
-8.158124127056256
-8.233154393547407
-8.31460149199438
-8.353513540972644
-8.420388013411891
-8.495971764371122
-8.596605513317192
-8.749266282957958
-8.74512233576837
-8.80866994172173
-8.887217291634476
-8.973903465207355
-9.055936486320544
-9.132726569840385
-9.214624709349096
-9.30344675696249
-9.421246892970142
-9.496680590534915
-9.572377773281328
-9.6628060758566
-9.753783826613535
-9.833505779151235
-9.875454447412706
-9.962864896794176
-10.053620623462784
-10.137922223668824
-10.22000355704892
-10.306567925325526
-10.398411014400775
-10.510897451895028
-10.600346489915474
-10.68632632359015
-10.771309195197064
-10.862033818957032
-10.949132683742889
-11.003849155119957
-11.103073735238949
-11.191171487552362
-11.279662785735116
-11.372893206680583
-11.464231303143837
-11.554791178649232
-11.648013735100859
-11.735167824007668
-11.824880671108003
-11.920507353386688
-12.01639947996495
-12.112925459682167
-12.233266454821178
-12.330545565643643
-12.41989099111733
-12.512351766201837
-12.607320159455842
-12.709362909696335
-12.803780202921224
-12.930023788057234
-13.032597485259366
-13.13148058521175
-13.228352498752582
-13.328768810896966
-13.432857973342252
-13.489158614809696
-13.598687373331042
-13.699856368745845
-13.802492990416555
-13.908252276172549
-14.008488282029031
-14.111170833670045
-14.212207513942946
-14.30969251034592
-14.417008932213266
-14.517364015406141
-14.62437361315594
-14.738922961287834
-14.8801822211925
-14.97824882300206
-15.078780075933869
-15.18464885097053
-15.291844367615518
-15.402330272953652
-15.513548781747476
-15.597022386389298
-15.70754774674239
-15.824472804889636
-15.934055830951008
-16.03896918703068
-16.151137632682012
-16.294732381135304
-16.40737639943531
-16.509674667360557
-16.616780998257838
-16.70952162312542
-16.826977155367032
-16.96794238365167
-17.0762063428718
-17.18486135699298
-17.304367835148142
-17.424423287865523
-17.53944957977689
-17.650358051141644
-17.74194035561214
-17.859111032186664
-17.975998548356166
-18.0979154365655
-18.218661417055337
-18.33547405184619
-18.45592083926594
-18.594626376621097
-18.716009373822388
-18.843539831380436
-18.964515193785488
-19.08490703785503
-19.205648236811463
-19.318910097011173
-19.43639423970081
-19.56516320731032
-19.69129848039052
-19.82029965307754
-19.948469916599382
-20.05129159369263
-20.174706760261305
-20.29862509833261
-20.42607527884365
-20.555913760112805
-20.68884155356233
-20.818252764797176
-20.952561598846103
-21.074393213081198
-21.20776125990924
-21.3430642461745
-21.467030392977627
-21.592178614124677
-21.7262090035655
-21.8642603107682
-22.0011248148451
-22.1285434576823
-22.257735519398093
-22.395009244323937
-22.52547768698734
-22.634589557582082
-22.764662244019746
-22.893794818925915
-23.030680450940757
-23.174148516599345
-23.32195531101813
-23.480754365820573
-23.610507637099865
-23.75276236068379
-23.891591638451793
-24.0231260661192
-24.154226009777883
-24.290229412900928
-24.430253106781734
-24.573022712735536
-24.706336510271463
-24.84475033563163
-24.99412625665922
-25.137747179101392
-25.25763107658705
-25.39309697511426
-25.53447108901453
-25.681348186839294
-25.83469054839189
-25.97509338056752
-26.106154537917355
-26.27826952206137
-26.434651640173172
-26.576610032339122
-26.707046131198027
-26.852308280997693
-26.995626603787073
-27.17097438350337
-27.314209045941464
-27.45757012896931
-27.607135907021895
-27.761070353132755
-27.913238635595516
-28.005670142382854
-28.180145932548108
-28.332349786135207
-28.489100384594035
-28.647842068772267
-28.794502426816138
-28.947074345557304
-29.10528971553435
-31.19952397051535
-29.4051216516602
-35.86611337855963
-36.00309419484834
-36.161254638505355
-36.316948948249916
-36.466187078939484
-36.623859527055224
-36.77900314874509
-36.92961875799368
-37.09220912999935
-37.2575589379472
-37.415615589507915
-37.587629260958145
-37.748998497413574
-37.908489635993874
-38.062893954191374
-38.2272881459058
-38.394994889840184
-38.55411122053396
-38.70979103226854
-38.87179720565757
-39.04034451251755
-39.206547247711484
-39.370252702250845
-39.53700752867475
-39.65969660821833
-39.862044582558504
-40.02420800729845
-40.19580914003848
-40.37594331309841
-40.544192389610394
-40.70223088969645
-40.868157529229194
-41.03140455892488
-41.20053472057328
-41.375393614513236
-41.54508796798409
-41.70828702275201
-41.87686614789651
-42.053369742870395
-42.22180278209948
-42.39314010930004
-42.560790436561476
-42.74286105179801
-42.90697155612196
-43.09293154610414
-43.26670580162394
-43.45599070643956
-43.632648450570755
-43.80937838977716
-43.992674791443285
-44.16582740573093
-44.338618160999424
-44.52229074205868
-44.70765686040143
-44.88755183674965
-45.06422240092679
-45.236443289141896
-45.41622233991185
-45.60081974185424
-45.78521343045902
-45.968840507144
-46.149724422221276
-46.33230351989631
-46.510298393141696
-46.682453350883634
-46.87766708691076
-47.07135566260004
-47.26270725731129
-47.451719191779745
-47.640039348925754
-47.82668918513579
-48.0096004388715
-48.19765284432481
-48.39800448753333
-48.59507194621335
-48.789628574263745
-48.97816168235564
-49.170401136615006
-49.36071896212137
-49.552876977601194
-49.74731263562241
-49.94693709403637
-50.14469384977231
-50.34024590738506
-50.53700245535553
-50.72164122532167
-50.924459430955245
-51.1300693735338
-51.31608126872994
-51.49937963450439
-51.702321445822015
-51.88308539549405
-52.082074343677036
-52.27452695675421
-52.48428143645092
-52.68911578389329
-52.92041025024971
-53.11813436434366
-53.321800115432886
-53.53015122727757
-53.73986984159221
-53.951623774225084
-54.156399839433256
-54.351511809234346
-54.552025310455676
-54.76999844500613
-54.99386985109798
-55.21476906600286
-55.422191618598426
-55.59146958974951
-55.81278790042986
-56.01858690440587
-56.23780905308676
-56.449139427127264
-56.67151721248476
-56.905019714529246
-57.10930128021168
-57.34255237999815
-57.582434497139964
-57.82362036316948
-58.0249021562151
-58.24538577101583
-58.50463373194085
-58.739200851917616
-58.973718116225356
-59.1892244897656
-59.427042570086506
-59.676495900833835
-59.92608707469256
-60.14804252481861
-60.375618872019295
-60.618661962815
-60.8665067464144
-61.09999451541493
-61.34114000337304
-61.27918467053018
-61.77964666610782
-62.02265962021048
-62.27063210561099
-62.53520838932283
-62.823725020171544
-63.013380186996706
-63.300848541062145
-63.56046945869465
-63.80295321153621
-64.04492059630367
-64.37448485701613
-64.64264084442694
-64.8897879943589
-65.09492085422177
-65.39485751500364
-65.6774413967526
-65.95391015712991
-66.20920564823373
-66.46214335806235
-66.71908132469352
-66.97594892911401
-67.23017217424064
-67.48993125399868
-67.74194712555024
-67.9645958715617
-68.22718613020378
-68.49661009322422
-68.76359823587075
-69.01917655877615
-69.26346245562794
-69.51071550476914
-69.76639487196337
-70.01835421973226
-70.27700951821092
-70.53948347511782
-70.78327993093872
-71.0091862848298
-71.26276069688551
-71.51563974383718
-71.76967512970441
-72.01191170009713
-72.26316992707966
-72.51620644999579
-72.76086526199086
-72.98824547786444
-73.1900378687911
-73.49768127769241
-73.75434857301903
-73.9998525128206
-74.25300652370134
-74.50833444805235
-74.75336240621635
-75.00292676680748
-75.26252674466917
-75.51524091902343
-75.76227429349136
-76.01501421657412
-76.27105532197369
-76.53142542845933
-76.78630424508034
-77.03569283856437
-77.29131302014268
-77.55137147671081
-77.80675816312151
-78.0562507372143
-78.31609374318244
-78.5860313346254
-78.85383763046538
-79.09437866333018
-79.34734583605243
-79.60938226335053
-79.8763380298899
-80.14073664959072
-80.38469107588115
-80.65239553687938
-80.92626181905665
-81.18032158189993
-81.42615669516313
-81.68550259440256
-81.95121476279937
-82.25172391679769
-82.47179509402079
-82.74618646576829
-83.01145268521348
-83.26148853582966
-83.52277410691283
-83.7746752500257
-84.01687411917163
-84.31205447802995
-84.58467736603158
-84.83836155018196
-85.09204752083944
-85.36699405505068
-85.62658046064551
-85.90758122764193
-86.17768036360654
-86.43649147459823
-86.70283944946307
-86.976991537139
-87.27312780962193
-87.53751492782567
-87.82069410384169
-88.0884977445625
-88.36932838130377
-88.64667243672697
-88.92487396336269
-89.25812540674264
-89.50243025169458
-89.78959802201496
-90.09013921869928
-90.37936849093097
-90.663888288609
-90.93905418747777
-91.21559936507612
-91.51980562082217
-91.8176661397563
-92.11575630645861
-92.42431012116222
-92.71411154461262
-92.99686541324232
-93.31026795250953
-93.63438744245208
-93.93370795573904
-94.2318410510493
-94.5676920844507
-94.89271247080741
-95.17678728578828
-95.46892228552574
-95.79351211358855
-96.12169293768481
-96.4442229215378
-96.77747308178577
-97.21627027067578
-97.41884518071818
-97.74694246643375
-98.06859544427307
-98.4120765963132
-98.74757234669133
-99.07927786034391
-99.39977783136312
-99.77744383827537
-100.02789056842788
-100.46618880230645
-100.77086426722147
-101.1048149685847
-101.40025637108837
-101.74916969474462
-102.00596983285514
-102.31987057112487
-102.61847427086524
-102.95335890183692
-103.32720503433296
-103.6309006547301
-103.88674318996932
-104.18115843872619
-104.50340914518718
-104.82504242889334
-105.13938103293327
-105.41692290217007
-105.72462135167076
-106.04442071643352
-106.32959912456472
-106.6308948981901
-106.94257153544106
-107.23751198459328
-107.55622412999021
-107.87094342331423
-108.15728607018059
-108.47695994746228
-108.80375863088737
-109.09501158104007
-109.38121077060245
-109.69415031841339
-110.02260223860075
-110.32261184300627
-110.62181975224115
-110.91777138744466
-111.2442645576117
-111.58047708336807
-111.88301556040689
-112.23571599580593
-112.48319963862595
-112.79849007972749
-113.12369474617255
-113.45428343525752
-113.76259392583025
-114.08364423149064
-114.40325593821116
-114.71535600086996
-115.02583705864515
-115.3458332281944
-115.66529238703237
-116.00213072470142
-116.3586745531616
-116.68832478388995
-117.02067819355064
-117.35587701044085
-117.68708260579902
-118.03229858567721
-118.3797588630506
-118.7237152555382
-119.21371902153038
-119.44938162306651
-119.80087463495433
-120.14260717320661
-120.50263148757196
-120.84934378775917
-121.1683064291889
-121.54547761147414
-121.938991043363
-122.324976194522
-122.67795228730756
-123.04428202190768
-123.43217663338395
-123.80605151811356
-124.18387984452875
-124.55237209779442
-124.89897100845911
-125.28328939079181
-125.64723410941411
-126.01800465239452
-126.40280160072443
-126.7548835883544
-127.07512282268601
-127.44648396509817
-127.82386549597277
-128.1981540787626
-128.5391676670304
-128.8577928101129
-129.22234183376014
-129.59332098573364
-129.93833365237535
-130.2791446846936
-130.65159525205982
-130.99966746962352
-131.32583289475275
-131.65975551291442
-132.0369487261893
-132.38540971570612
-132.71921147999086
-133.08402080256542
-133.42011543490923
-133.7440945369537
-134.10409203936845
-134.44294690424792
-134.76728330436111
-135.14845481943578
-135.50464177668945
-135.85784575075107
-136.1930946657301
-136.52101428418084
-136.8804190676425
-137.23342353918832
-137.57532320376163
-137.9320205904521
-138.301988789088
-138.64236113385041
-138.99094352205398
-139.33932857007318
-139.68871790735105
-140.05948591408702
-140.42359284062482
-140.8135421613877
-141.1818103951682
-141.56032117121023
-141.9269714371823
-142.2531817885116
-142.62241063503566
-143.0179482261448
-143.41231431038082
-143.80866423023508
-144.18645700632757
-144.58966662166267
-144.9805688215634
-145.37739760803763
-145.88476381493263
-146.27138370686893
-146.5596003073548
-146.96582682138202
-147.38846319148254
-147.7697270507106
-148.16307389816566
-148.55633969219582
-148.94196691384812
-149.3535364263695
-149.75925905001512
-150.15775922996775
-150.57085126391001
-150.93496196021275
-151.2863993539727
-151.6798489279035
-152.09551287781602
-152.4707797639846
-152.85885362501833
-153.2513374116855
-153.61954050274505
-154.01465518267352
-154.42096079349875
-154.7867315389385
-155.17747374381065
-155.5598842029258
-155.96559120726675
-156.33770393034285
-156.71856182848754
-157.0873243698519
-157.5406335886436
-157.90707985001845
-158.28864056230424
-158.64920597696545
-159.0133663956884
-159.47237732751066
-159.8262359842259
-160.21848429793863
-160.59616733413569
-160.98076484271434
-161.36630498179045
-161.7600937198347
-162.1936337372896
-162.59676708245183
-163.0021193383961
-163.38431942988484
-163.777663807751
-164.18769279548212
-164.5811076672555
-164.9855034448446
-165.41811352327346
-165.8895725602669
-166.29703116773413
-166.69937266333446
-167.11167585725016
-167.53524194364257
-167.91304429696322
-168.31467282777749
-168.7499018341604
-169.165378569819
-169.58250309972368
-169.99353012770376
-170.40322804068464
-170.8073880710107
-171.32426438917204
-171.6621122483742
-172.28787715736382
-172.48741106449359
-172.896937577863
-173.31640161544033
-173.73838113496484
-174.2305393721232
-174.5809182423729
-175.1901739178648
-175.59054721288874
-176.0058916337392
-176.23885589770146
-176.63229761660233
-177.0119326067993
-177.4357388094439
-178.01338558305272
-178.44232927104815
-178.87423929790876
-179.1410090532044
-179.57055007773374
-180.0578995637685
-180.4491829939727
-181.06042250709757
-181.42250430359493
-181.86552653496315
-182.32944030059917
-182.57079536741225
-183.07526690306005
-183.42938800492544
-184.0881932257724
-184.31024896372867
-184.7585753171629
-185.21263972064986
-185.67422493538413
-186.0700293290393
-186.57294422858052
-187.22238318015917
-187.66421299220215
-187.82760865786537
-188.45771523011786
-188.72813472316264
-189.184409665717
-189.63573174450934
-190.24795158339018
-190.62820302895977
-191.07543440341595
-191.52214618239083
-191.79833606463032
-192.18831543388612
-192.6460228780553
-193.21696712079572
-193.60019873997945
-194.0772651052236
-194.51847289965852
-194.77806888831668
-195.2340790887928
-195.70808635353708
-196.16493745679296
-196.6607867034026
-197.129868783459
-197.50257269539458
-197.9400265006281
-198.41911170767307
-198.85736185852798
-199.27790236800388
-199.75190097005893
-200.1800260194946
-200.59550996240242
-201.13458373498386
-201.5758409084366
-202.0706971143125
-202.53370779867436
-202.95632278477345
-203.43679913160202
-203.87679766796617
-204.2652311424452
-204.70300058949633
-205.2181530213595
-205.74557174664412
-206.17037085261816
-206.62186145345171
-206.9824827364695
-207.45294286825404
-207.91113865315253
-208.4036448617627
-208.90219096141365
-209.3271656568187
-209.72005614502677
-210.17624676463706
-210.61671633746434
-211.0571460841581
-211.51704443629689
-211.94825740531994
-212.48573260905573
-212.86730595406516
-213.32489649741765
-213.78729835984296
-214.26823779220373
-214.71506705653135
-215.2785554169001
-215.70780403309553
-216.11324339786418
-216.59840299944545
-217.06344605863595
-217.5697879440666
-218.06904296893396
-218.67509140856035
-219.15804059841454
-219.59617181824675
-220.04431372998073
-220.544255167888
-221.1332951267803
-221.6108169140437
-222.149717261321
-222.57640496550488
-223.02945925557694
-223.5391951941905
-224.01321596148892
-224.5242678778541
-224.898609518283
-225.3689664976891
-225.8654067912811
-226.29347591789778
-226.79650878480464
-227.2976220278474
-227.6728116245039
-228.14829889366484
-228.63142607664028
-229.0555534310499
-229.54668848288244
-230.0435547124322
-230.46831484826345
-230.95319301978572
-231.44846385853
-231.899058029588
-232.41762357789779
-232.91809716065117
-233.36745265883272
-233.89342804821902
-234.44953867434
-234.95225534748892
-235.42684846007654
-235.95044602058323
-236.53049475051765
-237.02846602587178
-237.52094393676413
-238.07314610114523
-238.62662321752848
-239.11844372319817
-239.60449859857866
-240.1353343247963
-240.68907869213507
-241.15717914530157
-241.62186499667635
-242.15027092585396
-242.6704109359783
-243.16820508367837
-243.62335303316988
-244.07211610262246
-244.55922081014828
-245.06911048346066
-245.52369122960613
-246.0285522253124
-246.49231934783484
-246.9911997475354
-247.52630782603214
-248.00088918226947
-248.4764005802804
-248.94705012047888
-249.41715550015206
-249.91311039441922
-250.45662911344812
-251.04226427564225
-251.5473338908538
-252.06304311154986
-252.58581958806212
-253.0988268729684
-253.62114630337325
-254.22478928070478
-254.86435478234702
-255.39355944450577
-255.9160585185341
-256.42613762759476
-256.94731874328573
-257.4651606148107
-257.97422375781525
-258.4906443872692
-258.97924961617974
-259.6154208909275
-260.1303847247049
-260.61840099936484
-261.10840518417217
-261.57170932331053
-262.06148643654933
-262.56074997102
-263.05606777866706
-263.54534245122466
-264.0298966826991
-264.5243227834459
-265.0394060816219
-265.5605730643329
-266.06555867539385
-266.5543006430867
-267.0480377321764
-267.57216471238263
-268.1254472489295
-268.6796258615747
-269.2260625339771
-269.78599103303213
-270.3473444871469
-270.901532374621
-271.4636678346342
-272.04225895283514
-272.62484742969497
-273.1891993507513
-273.73775950373744
-274.3295908500915
-274.88900015461485
-275.43898971625896
-275.96807456273325
-276.49710558843157
-277.0269994450816
-277.5509175858682
-278.0761959759934
-278.6001290333082
-279.1209473850395
-279.64241631126777
-280.15928426131956
-280.63116985975256
-274.78805108551967
-275.3325213314807
-282.16136085141136
-282.6941242135256
-283.23273553763994
-283.6261220953069
-278.0598256066639
-278.6844067964613
-279.2302770477506
-286.1519582591765
-286.65825680717535
-287.19496498668906
-287.79824100060404
-288.4057769563011
-289.04210461865625
-289.6557104640293
-290.23578200562616
-290.80642485962505
-291.3245325297158
-291.83905659764963
-292.41188397082544
-292.9689402218307
-293.52210096653107
-294.0527732017382
-294.55289244015677
-295.01376666749405
-295.55525084500687
-296.11291169427733
-296.66029577763976
-297.20584096345095
-297.72409627112296
-298.2214998405532
-298.7946752806172
-299.36551587462253
-299.9387114263826
-300.4583341403382
-300.9827352112312
-301.6141183925794
-302.2231479419493
-302.8549207944607
-303.47824740021537
-304.0278109651674
-304.69590703701965
-305.3335697379358
-305.90615181253935
-306.4848535604486
-307.1276971858143
-307.7475285598088
-308.27036544541033
-308.78674114341663
-309.4001181795113
-309.96079384211197
-310.37566760655193
-310.98494278244044
-311.5524731400889
-312.1401659622076
-312.6778931723017
-313.1851027084574
-313.80050665994577
-314.40543556697895
-314.9092490483092
-315.4515206562229
-316.0792349018573
-316.6508141252941
-317.09789626087445
-317.88495880613516
-318.4952609290797
-319.1133564209435
-319.8420704331711
-314.7260529138313
-315.25120095375956
-315.4317385586815
-316.06014908915745
-316.60011096119615
-317.1843476594378
-317.8196401647072
-318.3694800154365
-318.9098626374297
-319.5095931533121
-320.03948745849823
-320.5710747426845
-321.1039537455538
-321.6451716032875
-322.2617810987657
-322.8107227723263
-323.3905628734678
-324.03125903156865
-324.59764836181205
-325.1854717369395
-325.85796050464836
-326.43654600456665
-327.0431190146453
-327.66929154062944
-328.2979615803141
-329.00743730700106
-329.6131988066204
-330.23659950293546
-330.86144247001715
-331.467646390224
-332.13506129652257
-332.71401381797233
-333.31024566181026
-333.9000092709329
-334.46760252244445
-335.0217899333732
-335.59696707392857
-336.25325086538976
-336.82948463089974
-337.40769260904653
-337.9476816709453
-338.5849675120088
-339.1925157332791
-339.80649186712515
-340.41616490819894
-340.9660799959835
-341.69009687753476
-342.3443754053447
-343.0134083792831
-343.6488404957929
-344.3276695902097
-344.9605093707286
-345.6173784257628
-346.2451985320245
-346.88076715343817
-347.48034207495084
-348.08915346268674
-348.6728294808981
-349.29587228837016
-349.89341993997886
-350.5100375156492
-351.11077030117644
-351.72983236715936
-352.3638590313572
-352.9406424276251
-353.53793636782456
-354.17342029491164
-354.82119073191024
-355.45379907335945
-356.115742714765
-356.792764880612
-357.4801156898782
-358.1583144123778
-358.825240167207
-359.46334123290666
-360.13828855179054
-360.6987166897416
-361.3427938265408
-361.95778299768165
-362.60198799275486
-363.23400718968145
-363.888134183579
-364.50400948104624
-365.1310829345825
-365.76203764336293
-366.31213077860957
-366.97263014951113
-367.59436547797566
-368.21138902291636
-368.89472168674166
-369.5413383172743
-370.2342871168763
-370.830831180531
-371.63445353436344
-372.242969020734
-372.8274139846376
-373.53818115586915
-374.23073496862963
-374.9938107734426
-375.576143859804
-376.14175213391553
-376.86994546206654
-377.47280067536764
-378.12174940243295
-378.75369469929586
-379.306112899715
-379.95692877403536
-380.66179211216604
-381.2507416763965
-381.88510532857
-382.63445408240096
-383.3335718485121
-384.1136812229746
-384.72011537248085
-385.4454177814529
-386.1718048772433
-386.7932297367607
-387.52318533951114
-388.22491642779124
-388.82944175919107
-389.5204957980776
-390.17816382682514
-390.75871125209585
-391.436832418369
-392.1008325842973
-392.66941168930924
-393.33679053309305
-394.02014879518646
-394.612677531119
-395.20801972914245
-395.9151238036925
-396.6689722793604
-397.31466159759475
-398.0399239912334
-398.8643947976493
-399.52301557661974
-400.29947843379426
-401.04134390311395
-401.685250727442
-402.3050312299825
-402.9243709680965
-403.6955495703739
-404.3022313831755
-404.89075554226946
-405.64665357149875
-406.15226265616576
-406.7478135557422
-407.45205655371086
-408.2575333847615
-408.89681870264974
-409.53309401305125
-410.2506499460253
-411.1133130676403
-411.8314287634026
-412.5505556079532
-413.26077207837807
-414.13471868322466
-414.74136707966295
-409.10207193954693
-409.85420115147184
-410.5867319709168
-411.19639211807134
-411.801007035439
-412.3072663434965
-413.12135664054824
-413.8289729647746
-414.4401271269171
-415.06741575090257
-415.7137554107658
-429.0250101643598
-417.2229609142987
-417.93015679412605
-418.66063183337087
-419.3970908087183
-420.24909853229866
-421.0546040694141
-421.75112625001145
-422.41714146205175
-423.0709843203324
-423.76715241279027
-424.49866445775285
-425.12371564656456
-425.7355959486454
-426.33550476745324
-427.09098038006385
-427.7967672833673
-428.4430954894753
-429.2590385472375
-429.957316226624
-430.48308551168583
-431.2256608216036
-432.13697914863434
-433.09837175340226
-433.83219608321804
-434.56179500428334
-435.2530586587166
-435.9199482292198
-436.7111090234007
-437.4686086246485
-438.121999156176
-438.77170672115597
-439.4486459237464
-440.1143807240901
-440.7869219804063
-441.46458169854316
-442.27763366589295
-443.12114737302153
-443.8571704666927
-444.6076968811093
-445.3679547055608
-446.1370152356731
-446.8796222694136
-447.5272436044121
-448.23964140026186
-449.06254065287186
-449.9125572259104
-450.6084622025031
-451.28177111579595
-451.9416305376508
-452.59543352166037
-453.31599974595133
-454.02105357512625
-454.7253202386324
-455.45238314352076
-456.19382757357016
-456.8411474240946
-451.53184800160136
-452.41845453844
-453.19485289683274
-453.9478146082198
-454.6834178892249
-455.36716981454464
-456.0832734960627
-456.79291295388055
-457.50091407565213
-458.2106787497443
-458.9387947904321
-459.6631427733911
-460.2841249384851
-461.00324295838607
-461.7552277088096
-462.50701528390374
-463.2523836018545
-463.99106107878526
-464.89049059866056
-465.656364046633
-466.55802894763224
-467.43244957312584
-468.1985337705181
-468.94037612816743
-469.69877706365287
-470.4418639352343
-471.1680722981846
-471.9040238817043
-472.6549665994347
-473.40275972072754
-474.14878626569896
-474.8925699287128
-475.68479514869443
-476.4549365436515
-477.22693481555916
-478.0118362425686
-478.8077811420309
-479.6102464854001
-480.3976601526375
-481.1855183518555
-481.9818076727632
-482.72107346246975
-483.49064955852083
-484.25305010555866
-485.01762726666925
-485.79516595067815
-486.540850196744
-487.19057285856917
-487.80255953467514
-488.57239949000945
-489.39680387138594
-490.2026371295848
-491.0333339278903
-491.85437888112835
-492.5907955738544
-493.4300432933087
-494.2337701385978
-495.02036399369706
-495.8476041728158
-496.65860290750226
-497.41718844324447
-498.1706310701731
-498.9540134863969
-499.7573737404334
-500.59667684613913
-501.4243839233674
-502.1653065011978
-502.85661782757757
-503.5509085932332
-504.3644382298938
-505.2374839787862
-506.04804558683986
-506.82160381892595
-507.49018915371937
-503.9422705127024
-503.0164144915822
-503.81687228725076
-504.63972251237846
-505.4576378893254
-506.11607970164414
-506.82550471803995
-507.66717656914494
-508.51794897119555
-509.3485772826245
-510.1683173082561
-511.0311485745445
-511.88124643885004
-512.6836830089833
-513.396324170575
-514.1004099256093
-514.9233146377048
-515.7409398495881
-516.5715897800128
-517.4342296595927
-518.2944799118646
-519.1379646177973
-519.8349592352175
-520.5408588305053
-521.3963635193215
-522.2151272086563
-523.0554660153995
-523.9074133008739
-524.7642034074532
-525.629436220592
-526.3393356393304
-527.1110223397673
-527.984110688667
-528.8529955462425
-529.7179930578689
-530.5760040284376
-531.2725146287343
-532.0114927160869
-532.8794799344465
-533.7535633476537
-534.6247362258841
-535.4483759669279
-536.2458588296703
-536.9294764639836
-537.7942334810599
-538.6697372723061
-539.5564403120932
-540.4750857834368
-541.191148248264
-541.9557197498178
-542.879033526246
-543.7830636208131
-544.6880803376598
-545.5543043925022
-546.3004455596562
-547.0150699016309
-547.8746883443598
-542.4692778864038
-543.3587446166866
-544.156122391639
-544.8434617246554
-545.7580344965407
-546.7132325238703
-547.5800015121774
-554.6452573887888
-555.4517207348116
-550.0605290477865
-550.9811164358744
-551.7214010028019
-552.4589150276767
-553.3515939391929
-554.2567040003322
-555.1796361117274
-555.9453881049711
-556.7042921958065
-557.6248692514408
-558.5919721167234
-559.3903889740403
-560.1729601393056
-561.1068954003047
-562.0545628806093
-562.8453216806677
-563.6004909898842
-564.4875194900607
-565.3943273829071
-566.1461140010279
-566.9028247964886
-567.8227018014168
-568.7852568462038
-569.5664709190056
-570.3860279082613
-571.3845126544508
-572.3615372915733
-573.1515594291702
-573.9236536504778
-574.8614204968491
-575.7775453075163
-576.5350118536171
-576.9273498999643
-578.2308511151695
-579.2111455594599
-579.7717247764141
-574.6033053722907
-575.6283736011491
-576.4189183076458
-577.2499026759479
-578.2207789206564
-579.1949545134856
-579.9610298003189
-580.7446718705447
-581.696618873456
-582.4991026529034
-583.3016944849362
-584.2466762441529
-585.222641443293
-586.0407205205546
-586.8790327966568
-587.8960270069456
-588.748121365798
-589.6005530885195
-590.6121584922145
-591.4402049128031
-592.2273904583781
-593.1604666758303
-593.9417757385837
-594.7154666423921
-595.67412087885
-596.492030078926
-597.3353350506676
-598.3799528201944
-599.2715188973874
-600.1907546940106
-601.2401474715484
-602.0596709052822
-602.8801093743116
-603.8458181563822
-604.6380652047911
-605.4373802552102
-606.4011702554066
-607.2502346822135
-608.1224692640983
-609.1946175231103
-610.1016791374523
-611.0035892051261
-612.0104041015103
-612.892918546258
-613.7564704125845
-614.7382115815007
-615.5287023044827
-616.3540284520669
-617.3605326436743
-618.1847108813811
-619.0621973157168
-619.9080267273932
-620.8510096521137
-621.9316977751595
-616.7400342192603
-618.4092251273005
-618.509004090044
-619.3609901323011
-620.2085751380588
-621.0325022295918
-621.8522541579227
-622.8565330549018
-623.691570018992
-624.5311180854752
-625.6160185009327
-626.5790339656078
-627.5398718740726
-628.4682375714273
-629.3900657109554
-630.4416293797179
-631.2842479759065
-632.1292191011362
-632.9519634123277
-633.7981938791273
-634.8420685273741
-635.7073698603414
-636.6156409313804
-637.6626999059118
-638.6358548318083
-639.7679900079943
-640.6668150550081
-641.479057372281
-642.3939190970078
-643.2390764050472
-644.0999999036104
-644.9858890387368
-646.0575078860483
-647.0264138773765
-648.024850875332
-648.8716978643955
-649.885226951465
-644.7557818265964
-645.6513221530436
-646.510059931387
-653.6323797962857
-654.542731989081
-655.4217327959913
-656.4012229119002
-650.9932317076201
-651.9039738240962
-653.1587433965751
-654.1201907092606
-655.0850342028325
-656.0206054926197
-656.9407581706283
-657.8007652506195
-658.7550078849168
-659.628873290837
-660.5435101857408
-661.4333935225075
-662.4202382482025
-663.4641894200089
-664.3604907007505
-665.3991477789762
-666.5794950355628
-667.5408413543845
-668.3957983430874
-669.3678079943536
-670.2569859411614
-671.1803315199613
-672.0554686777032
-673.0349807310832
-673.9512579560238
-675.0790984156854
-675.9339045715101
-676.7059589386528
-671.8702979666645
-672.8044753770254
-677.3164981926357
-674.5994807584555
-681.6346718021757
-682.7021657261125
-677.9067063403602
-678.5712105351406
-679.7785514106594
-680.8158480938813
-681.8467997417407
-682.7923923885488
-683.7307193176954
-684.657132306166
-685.5447368925486
-686.4435213357502
-687.2193596561905
-688.3057208668719
-689.312629864225
-690.5409215671586
-691.566369254063
-692.5806974058394
-693.5164360396346
-694.4736037179496
-695.4252626286972
-696.350057578667
-697.2879795557647
-698.3861492180092
-699.3862667708522
-700.5275334986021
-701.6199193641886
-702.6449480946758
-703.6456338252683
-704.4833867154829
-705.6204462245237
-706.475280369306
-707.6830920970822
-708.445671555166
-709.5133191690787
-710.54861302077
-711.6891521445965
-712.6116039043094
-713.7407059499808
-714.5810122297025
-715.4150920243452
-710.6853063342531
-717.7497871769096
-718.8379375330842
-719.6943348183881
-720.7982016020006
-715.590291260915
-716.6704237332838
-717.6959355776316
-718.7636043347047
-719.7998645759739
-720.8215660257697
-721.8164439617656
-722.6563518315987
-723.7670307333058
-724.8621181712474
-725.9588201102181
-727.0536686166153
-728.1534687360449
-729.230251801501
-730.0599051104413
-731.0783002713922
-732.1371385928472
-733.1631769894003
-734.2617098106695
-735.1029077626791
-736.2557271719878
-731.1733410522271
-732.2091859190563
-733.3325858130896
-734.309881655674
-735.3794225039173
-736.1184080505969
-737.2230798573736
-738.404741537633
-739.4568137941025
-740.6377653531069
-741.5483084812364
-742.6458819341933
-743.6902380644543
-744.733587697749
-745.8204657699179
-746.6647529750684
-747.7137041797063
-748.9507908427881
-749.8982177335587
-751.1553239085313
-752.2767708314667
-753.1490333717577
-754.3785045043495
-755.0007776986291
-756.0072874239369
-757.1868427571563
-752.0019146910169
-753.2538313300132
-754.1967759278881
-755.2587662419114
-756.3650298400639
-757.2158960203703
-758.2432973786475
-759.2647654835043
-760.1975907494191
-761.2749566335762
-762.3652085758208
-763.6312821347263
-764.8756255928866
-765.7131499990635
-766.9748442756494
-768.0526567456137
-768.8663114619734
-769.9003748075564
-771.0417579718323
-771.8370933648648
-772.9878365927867
-774.2506260754537
-775.1979728413698
-776.2991942209516
-777.3582439287818
-778.2027565936692
-779.2686776031837
-780.5006996002688
-781.6410471875041
-781.7583150444125
-777.3294156800895
-778.6524800235459
-779.820450823013
-780.5874124800207
-781.7312836589298
-782.835079504235
-783.7149629749878
-784.8132144706254
-786.0648998860294
-787.0538996231209
-788.0320599115778
-789.2071517542583
-790.3524082321492
-791.2006828758799
-792.2899591167335
-793.3999035394999
-794.3777583709834
-795.5284752011679
-796.732255544257
-797.7498573346247
-798.9488321841785
-800.0885380180455
-800.9759668474695
-802.1217960597157
-803.2482136668334
-804.0737606574052
-805.2306952344562
-806.4695683314006
-807.5186006379582
-808.4890545103711
-809.7318291992526
-810.8169808495909
-811.7112447846634
-812.826083443015
-813.978060638234
-814.9298026576531
-815.9142648053811
-814.1496291039907
-812.1380826293889
-813.0907647962571
-814.2259362078817
-815.3549763588824
-816.282130309994
-817.206049284057
-818.3512848511643
-819.6127373295019
-820.6627405850386
-821.9262412215014
-823.1241419198275
-824.0640087468197
-824.99817354873
-826.141762500286
-827.318099985344
-828.2652501656873
-829.2401546399816
-830.5603728932407
-831.8339725546456
-832.7980617161107
-834.0051193942011
-835.1686213763037
-836.0843739365232
-837.02861674506
-838.217864757528
-839.4738041327064
-840.5056847772937
-841.5364589621963
-836.5248339862505
-837.7327954206552
-838.6759794583661
-839.6026304541236
-840.7848028700016
-842.0090528405499
-843.0309781395226
-844.0889287321982
-845.4018857695123
-846.6213311831524
-847.6197449678281
-848.5830964623898
-849.76718551185
-850.980795596608
-851.970900957382
-853.0003354041644
-854.3350424736011
-855.6125579946697
-856.6204797680889
-857.6028744485097
-858.5734046042344
-859.7714325931996
-860.9935114261627
-862.0171070761801
-863.0615438865236
-864.3821834294583
-859.3852763741651
-860.4121310421319
-861.3995393797028
-862.3934476223682
-863.6151101872955
-864.8624822422291
-865.9006007814811
-866.9497833352533
-868.2774635554512
-869.5921675662082
-870.6018433497478
-871.6161485865929
-872.6177295760359
-873.8740995495556
-875.1309386000389
-876.1720891553413
-877.2312169563783
-878.3044429405355
-879.6177632102317
-880.9040030119919
-881.9264035562923
-882.9412907922166
-883.9119727429014
-885.2341427492564
-886.5587109073601
-887.6448014482185
-888.717933564699
-889.7731760588663
-891.069009063527
-892.3440985791278
-893.3813158974049
-888.1393353605011
-889.1911580623339
-890.2814191908284
-891.6263541439984
-892.9725823724509
-894.0426120080905
-895.0948053744976
-896.1090146904489
-897.4074467523491
-898.728725906231
-899.7986199886741
-900.8633952635346
-901.948288928187
-903.0369174112357
-904.3762610038763
-905.6346104421467
-906.6843454337541
-907.755269096159
-908.8407666344524
-909.9641091384294
-911.3352135235031
-912.7011941343824
-913.7853682331547
-914.867914194029
-915.928945472676
-916.9903066755461
-912.0436456549685
-913.4176969629774
-920.8178180841638
-915.6332787192052
-916.7229593667817
-917.8290978194949
-919.1844379581954
-920.5192672321804
-921.6038859610483
-922.7093484840874
-923.8226853617891
-924.9114106509986
-926.0269712278364
-927.4192181784942
-928.7599434003382
-929.8613191012938
-930.9674869627405
-932.0626534716631
-933.1778971781915
-934.2890324351157
-935.6917886609411
-937.0849398488878
-931.9099590471357
-933.0254625089917
-934.1396259297018
-935.2380522986082
-936.3515770396981
-937.4611281847892
-938.9021069068297
-940.3281547084632
-941.4386167638859
-942.5629029552605
-943.6824949851398
-944.8024737620917
-945.9132973417284
-947.0108233007109
-948.4742152934274
-949.9212689155794
-951.0507305442493
-952.1684762995312
-953.3012027456506
-954.4469653997774
-955.5594987374585
-956.685107328372
-957.8175698413794
-959.2832097279401
-960.7400956688124
-955.6255595037908
-956.7566888351907
-957.9237755792923
-959.0473608091479
-960.1624880581803
-961.3135964139108
-962.4806643624564
-963.6674821270911
-965.1075463508225
-966.5702919265669
-967.7245286130292
-968.8667245652802
-969.9908214031105
-971.1395165041375
-972.339383426352
-973.5378338943788
-974.7098394269874
-975.8743776367472
-977.0701950659595
-978.5352002581844
-979.9241799497846
-981.0625884419787
-982.2811660679714
-983.5008846886508
-984.6645612085024
-985.8206471279525
-980.7626502202489
-981.9796166436338
-983.12885395061
-984.2517617216511
-985.4423830767627
-986.9773630735951
-988.4685195362906
-989.6537566309762
-990.8854101561113
-992.0935504973579
-993.2634002691731
-994.3866524084368
-995.593820959651
-996.8064093109041
-998.0040989733758
-999.201053909939
-1000.4401273404486
-1001.6787513141295
-1002.8564129937645
-1004.018098123708
-1005.5322376125398
-1007.0720065912626
-1001.9663166145548
-1003.1629806052621
-1004.4243459600332
-1005.6729108780447
-1006.8588019883491
-1008.0305284040797
-1009.2559916450163
-1010.5082186094794
-1011.7207565314931
-1012.9166720621625
-1014.1674781452301
-1015.4488780872907
-1016.6777216162336
-1017.8558514658988
-1019.0606738658814
-1020.311164444278
-1021.542986420439
-1022.7511188806775
-1023.9799616643332
-1019.3118445068844
-1027.1467651432224
-1028.3485978090287
-1023.3002763655559
-1024.555590110992
-1025.7886149807025
-1027.0038624996646
-1028.2725271234722
-1029.5683119679127
-1030.8079307913758
-1032.0159748189071
-1033.2653813581376
-1034.5430658993562
-1035.7787816085192
-1036.9832451795128
-1038.2939795911532
-1039.602789189643
-1040.8648621272853
-1042.051149167256
-1043.3108934711863
-1044.611105017604
-1045.872560976493
-1047.0753185110473
-1048.3752033676667
-1049.7203870155117
-1050.9901210927476
-1052.2316074793007
-1047.2058934957
-1048.4659850328846
-1049.7546415245451
-1050.9873991709
-1052.285882861551
-1053.5890542496682
-1054.8994046280463
-1056.1571729156794
-1057.4053129143479
-1058.7340156449677
-1059.9898394342738
-1061.259403468186
-1062.5880701250217
-1063.919414894548
-1065.1923888169902
-1066.4560462595919
-1067.7739332429826
-1069.0880295721302
-1070.3301951966564
-1071.6067053037737
-1072.9472448457707
-1067.997791014952
-1069.2698287654446
-1070.5642764935694
-1071.8958275623336
-1073.198838657266
-1074.473329663353
-1075.777774302797
-1077.1051626329725
-1078.4237864938275
-1079.728639206658
-1081.0744832910834
-1082.4144808902404
-1083.7101015185433
-1084.970371040141
-1086.3019109456106
-1087.6518354195598
-1088.9607689815068
-1090.2731900511226
-1091.6429702440473
-1092.9993758830124
-1094.2956477119637
-1095.58770788778
-1096.9462857387462
-1092.0126588849846
-1093.3410428464476
-1094.6691843636193
-1096.046141440991
-1097.3741025903887
-1098.6754461411756
-1099.999425389358
-1101.014460464604
-1102.0450638877878
-1103.3878696517622
-1104.7364197897646
-1106.150657264128
-1107.5106134236132
-1108.8105115637036
-1110.1127086915094
-1111.494457084289
-1112.8721156212962
-1107.9151321230872
-1115.5674123085992
-1110.702698749362
-1112.0725765828513
-1113.3977924231626
-1114.7295973370196
-1116.1215543483786
-1117.4811845516438
-1118.8346002194883
-1120.2291558790744
-1121.6488879089998
-1122.999147683165
-1124.0206013437
-1125.0171441597001
-1126.4117797282747
-1127.7921562607044
-1129.1718304551148
-1130.5696343339234
-1132.0023840037543
-1133.3747568306871
-1128.4265075332062
-1129.7939346031535
-1131.2062155896133
-1132.5936933355347
-1133.986925305028
-1135.4005181100167
-1136.8256101396585
-1138.190422501313
-1139.2236101293126
-1140.2465203820225
-1141.6699738259626
-1143.087713769539
-1144.5118268694127
-1145.9152322577697
-1147.3342688738387
-1148.7221805620864
-1150.1265122576156
-1151.5274274020283
-1152.939964618164
-1154.3510824048676
-1155.7904749378479
-1151.0188561475798
-1151.6572862655075
-1153.0523322656593
-1154.4514004745172
-1155.8678245847814
-1157.2950680248987
-1158.7465087301812
-1160.1858445273742
-1161.618236613525
-1163.0505812649142
-1164.469653803298
-1165.5201796645233
-1166.6030237435461
-1168.0177568533015
-1169.4669697446157
-1170.9406620889042
-1172.3952864731993
-1173.7947558153612
-1175.2313021290533
-1176.680748987284
-1171.8373172561273
-1172.923049202148
-1174.0479151379557
-1175.4749272441054
-1176.9409377539926
-1178.3936197849443
-1179.797117321828
-1181.258655640081
-1182.7350405477432
-1184.2412708389818
-1185.6665548736007
-1186.7491832816906
-1187.8758375893142
-1189.3326234478413
-1190.7631542459517
-1192.2378153390634
-1193.7268333353522
-1188.918979565198
-1190.408606931373
-1191.8954551323136
-1192.9780723020097
-1194.058122232138
-1195.5098684274853
-1197.010924803156
-1198.5177842003673
-1199.9864511612238
-1201.5178040276217
-1202.952848037188
-1204.089888520374
-1205.1718086743763
-1206.6973377968018
-1208.144495664349
-1209.7187671015697
-1211.176647688445
-1206.3887822461077
-1207.8653277583735
-1208.9842403937366
-1210.0996572434124
-1211.575142184768
-1213.0848449504451
-1214.6101307769177
-1216.106670704892
-1217.6275737482408
-1218.7415693286769
-1219.8653136842427
-1221.3443007176486
-1222.872388698812
-1224.4265442788112
-1225.9653768732244
-1227.4752178981234
-1228.9296935827551
-1230.0828373330278
-1231.2261176402753
-1232.760869419712
-1228.007501843073
-1229.5688722838718
-1231.1188400863045
-1232.2175941584815
-1233.3633885236952
-1234.8739707739373
-1236.4037321373821
-1237.9336090616434
-1239.4889132783155
-1241.032750381572
-1242.2040064968176
-1243.3394447613393
-1244.8657776752102
-1246.397858726831
-1247.9560688709626
-1249.5076282238447
-1250.6819633352984
-1251.8359434480474
-1253.4125150487866
-1248.667081417507
-1250.1964121373628
-1251.738838897379
-1253.3124672190017
-1254.5078630766998
-1255.6958988745812
-1257.2381080118862
-1258.7743462803298
-1260.3287083200896
-1261.8874914016747
-1263.0764979313076
-1264.248856604984
-1265.8423117445425
-1267.4217335773749
-1262.7092611642256
-1264.258115236989
-1271.5440738247275
-1266.5923152447704
-1268.1804296038958
-1269.8371128886517
-1271.4279236050054
-1272.5714623000695
-1273.741230031276
-1275.316807781518
-1276.9260010658015
-1278.5153875015583
-1280.1169948369175
-1281.3354238149102
-1282.544126048351
-1284.123471507647
-1285.68452119167
-1287.263141970887
-1288.483999683289
-1283.432307455095
-1285.066715468047
-1286.6597700039993
-1288.2420534439411
-1289.4456997956543
-1290.6528851242394
-1292.2704965444502
-1293.887286442191
-1295.512166099251
-1297.143128359842
-1298.3932796973284
-1299.5483359486957
-1301.151408502414
-1302.7773859247786
-1304.4215867102034
-1305.6651519757395
-1306.895031577209
-1308.5012931237416
-1310.1102619471296
-1305.4652765407077
-1306.6805298141974
-1307.9231974832182
-1309.5699999392705
-1311.2209717459086
-1312.8491223153087
-1314.0766134219214
-1315.3011028229987
-1316.9398559203198
-1318.58508134791
-1319.8480214758317
-1321.1156779753799
-1322.7673417485541
-1324.3730231304282
-1326.048982557788
-1327.2809583902824
-1328.1911473734604
-1330.2091910842296
-1325.5829671764732
-1333.5888803630628
-1328.4677645621146
-1336.0837995766788
-1331.3954357596365
-1333.0084395719743
-1334.2536661398904
-1335.5413498751075
-1337.290942891353
-1338.930376631623
-1340.5703066671408
-1341.8404301047078
-1343.096745228618
-1344.8213716249688
-1346.5310663073417
-1347.774434052412
-1349.0278643419201
-1350.7352354047403
-1346.143791979466
-1347.8103208758364
-1349.0451082935456
-1350.3722014666805
-1352.1038378048422
-1353.7792285225746
-1355.0297145860297
-1356.2960891294626
-1358.033416576557
-1359.765253194504
-1361.0493277982498
-1362.3026881962955
-1364.0223269163716
-1365.7511543826681
-1367.0485646248605
-1368.3089598812915
-1370.01285751345
-1365.4654929796209
-1367.218196622558
-1368.5026507929615
-1369.7812939468806
-1371.4738433887246
-1373.2103668850643
-1374.3011220527947
-1375.867951965146
-1377.606888474003
-1379.2985295544822
-1380.5901967684856
-1381.8837816558373
-1383.6502068181721
-1385.3757227827757
-1386.706283768537
-1381.7460553316866
-1383.5036995222636
-1385.2333101830816
-1386.5477948110897
-1387.846768166738
-1389.6344000368665
-1391.4118662563167
-1392.6974162701674
-1394.020621751024
-1395.7452789347842
-1397.0762590602544
-1398.4105495453878
-1400.2109613061125
-1401.970443916859
-1403.2992964709058
-1404.6015403378367
-1406.3817269769602
-1401.8529380877142
-1403.211482545433
-1404.5564992757438
-1406.3421872851168
-1408.1240979732574
-1409.448378956068
-1410.7757969690067
-1412.557528413292
-1413.933532641062
-1415.2940757053955
-1417.0925705866268
-1418.8450392844939
-1420.1872274768743
-1421.524779357061
-1417.066323745996
-1418.8890746928755
-1420.2377779425324
-1421.5766305948837
-1423.385695841624
-1424.7258270026648
-1426.0840358658243
-1427.8712653546297
-1429.7050857136314
-1431.0913070921451
-1432.4661003107944
-1434.2548334800654
-1435.591073156526
-1430.677937968591
-1432.518465512035
-1434.3594474219058
-1435.7100060090097
-1437.0895038129258
-1438.911332190608
-1440.3331609886295
-1441.6499227944817
-1443.477765345218
-1445.3252624136344
-1446.7899080001027
-1448.075734110023
-1443.8903735767735
-1445.0402182482799
-1446.3663612687424
-1448.2245248623522
-1450.1021895811652
-1451.5296987340198
-1453.1397165208646
-1454.6833639022927
-1456.0494634690876
-1457.472709628481
-1459.3394857022984
-1460.7710862655713
-1462.1222742537163
-1464.0399892458963
-1465.9019203319688
-1467.2148301276688
-1462.3558372586367
-1464.2288165984867
-1465.7043731762153
-1467.05025017467
-1468.9050144235987
-1470.277351719546
-1471.6951488663472
-1473.5828343505939
-1475.3538204856513
-1476.415576434218
-1478.2968478367254
-1480.1630504468744
-1481.607669459184
-1482.9667859175938
-1484.864988788999
-1480.0068949624203
-1481.4420761018218
-1483.2945492638771
-1484.7393134778467
-1486.4388747378382
-1488.037309586352
-1489.4681652872716
-1490.8933012070863
-1492.749646671887
-1494.2363313529065
-1495.610453735245
-1497.5400426348237
-1498.9401335099747
-1500.3786607068082
-1496.3441249757382
-1498.2490605427508
-1499.3141670159173
-1500.7583804258816
-1502.6845352576927
-1504.2012036828528
-1505.865338573209
-1507.4908701606503
-1508.9021970827566
-1510.339140813759
-1512.3081919866288
-1513.8147120431343
-1515.204550833949
-1517.1085077083665
-1518.386585978368
-1513.7180923739056
-1515.8396934958048
-1517.1170270526243
-1518.5460555503075
-1520.5167782129517
-1522.0448014162187
-1523.6221344916096
-1525.3227463690794
-1526.8562220940603
-1528.268568874298
-1530.2400760383675
-1531.7335594701083
-1533.1383809901015
-1528.3356528737756
-1529.8369190268415
-1531.8138727539413
-1533.2444451918948
-1534.8575040445787
-1536.7771715272017
-1538.1253291225419
-1539.6232947961769
-1541.546886740031
-1543.0744827872604
-1544.5002654927393
-1546.4764169979107
-1547.9522942420679
-1549.437437588986
-1551.3996034378408
-1552.926113241026
-1554.3628690530654
-1556.4304650666363
-1557.891623904678
-1559.3821159224303
-1555.0102572217766
-1556.4773179287024
-1558.0203688260658
-1559.5475443574187
-1561.1158181382702
-1563.0518626198048
-1564.4808164215472
-1565.9426471684333
-1568.0400205848186
-1569.5283677358989
-1571.0049863125694
-1572.9765881281687
-1574.481276220775
-1575.9752835092552
-1577.5271901602318
-1579.0346906218529
-1574.7543643656816
-1576.2433719222568
-1577.7308372668742
-1579.7889785318819
-1581.30783058124
-1582.8528283733265
-1584.81347943924
-1586.3191536864604
-1587.834964446168
-1589.3748710115415
-1590.897940524155
-1586.6415710651813
-1588.1688896021199
-1589.6846218709825
-1591.7321543815099
-1593.2540718854116
-1594.7509536623195
-1596.2926260348895
-1597.8147012482627
-1599.8773694143117
-1601.4181714234724
-1602.9662504397913
-1604.9908288580082
-1606.5260563730553
-1608.0623334725208
-1603.365681173734
-1604.9099696355086
-1606.956704571135
-1608.4989678735035
-1610.031591776159
-1611.5858157294476
-1613.1394214322806
-1615.2056447459424
-1616.7594803744012
-1618.2960079242046
-1620.3654177442102
-1621.9163287750935
-1623.4893413763411
-1618.7871629571684
-1620.3602770292487
-1622.4128358172022
-1623.9471862986443
-1625.480406326371
-1627.0925902547497
-1628.6648591840196
-1630.7704300726984
-1632.3306790792358
-1633.8748330428693
-1635.4571439467768
-1637.0169354227253
-1639.138839895575
-1640.7122535430797
-1642.2765691471495
-1638.0992944004715
-1639.107419131889
-1641.263391823797
-1642.8436561744913
-1644.461923098915
-1645.9872433160954
-1647.5840021340223
-1649.6855939855288
-1651.2890649903304
-1652.9337437593329
-1654.5265617419327
-1656.1086313376074
-1651.921255096426
-1653.5234650697787
-1655.1368179897022
-1656.7642866537024
-1658.349702160446
-1660.450257844651
-1662.0534725622028
-1663.632321712617
-1665.295115877301
-1666.9092463872987
-1669.0450029845038
-1670.6139040610121
-1672.1584677795124
-1673.8392504757865
-1669.1701551283486
-1670.7788335555827
-1672.4214446815097
-1674.5738271156713
-1676.1662977698882
-1677.8270405783426
-1679.4174861240053
-1681.069314513552
-1683.226938563004
-1684.844767196872
-1686.4685533389247
-1688.1016869529524
-1689.7307750851433
-1691.3859448536425
-1686.732422243537
-1688.9078566721546
-1690.5460718659117
-1692.1924802929448
-1693.815896666161
-1695.4542301478232
-1697.10994861713
-1698.7466302486216
-1700.8704379063925
-1702.5934125435017
-1704.2443689552094
-1705.8478632969375
-1707.536443911446
-1709.1999050812353
-1704.5991820981405
-1706.7912284365812
-1708.4308944057548
-1710.086107354099
-1711.7213294392968
-1713.428704777011
-1715.09074523779
-1716.7405820838178
-1718.923474590606
-1720.5999382094794
-1722.2839153677148
-1723.9794183231722
-1719.3822787904444
-1721.085928206179
-1722.723764887966
-1724.9451094803908
-1726.6203786599797
-1728.321158576598
-1729.9644045874147
-1731.7072963229762
-1733.3449818084982
-1735.0372560133349
-1736.7576562360969
-1738.4517421483042
-1734.4267055688965
-1736.0973888528365
-1737.7591087156716
-1739.4265155556127
-1741.1247398224984
-1742.8500301257202
-1744.5875784023306
-1746.2228436026871
-1747.9439369699378
-1749.6975685325563
-1751.3978926345033
-1753.6693589055976
-1749.135030599726
-1750.818013092562
-1752.552131901225
-1754.2549571951101
-1755.9457174475385
-1757.7090164487322
-1759.275842458426
-1761.1166604841949
-1762.8255711357872
-1764.594485068001
-1766.9010914702815
-1762.3507990699716
-1764.116994968807
-1765.768371140854
-1767.5109533999296
-1769.2487917334197
-1771.0064336004623
-1772.7710825049844
-1774.4718392720297
-1776.176171682714
-1777.8308882019737
-1780.2881743779446
-1781.9897834151402
-1783.8022662386156
-1779.2251132797044
-1781.034137173981
-1782.7907942596728
-1784.5178139734137
-1786.2471753373677
-1787.9502387684781
-1789.6552877016761
-1791.4192563407796
-1793.2524444307953
-1795.1526443824384
-1796.8886113095734
-1798.6741511287928
-1800.4152915037453
-1802.156019364055
-1798.2529216277671
-1800.0495857999676
-1801.789148149618
-1803.5256839286005
-1805.3680405839584
-1807.103234583573
-1808.787226165623
-1810.7903485506702
-1812.5467717676743
-1814.367979260936
-1816.1643315284891
-1811.6615972464429
-1813.4800395978225
-1815.1795373769055
-1817.0331745322694
-1818.7876150425027
-1820.4743084238808
-1822.47454617158
-1824.2794638891003
-1826.0716242319859
-1827.8670277048059
-1829.7172541796092
-1831.5122678153255
-1833.354138906636
-1835.1941368540686
-1831.310848554085
-1833.157059851251
-1834.9843395403675
-1836.8200703198108
-1838.6587324833902
-1840.4769364575645
-1842.2875804033981
-1840.5937891771719
-1839.7224025278033
-1841.5747032449706
-1843.415204771076
-1845.2367764192882
-1847.0551664944621
-1848.8927960074013
-1850.7518967974272
-1852.6332850094625
-1854.476795454526
-1856.2762125431716
-1858.0630516207816
-1853.6427953226362
-1855.496342219865
-1857.492067605374
-1859.3895741497724
-1861.236232772847
-1863.0020405782125
-1864.884017156096
-1866.6831306091003
-1868.5935957559102
-1864.221620923041
-1866.0183393476564
-1867.8334621613742
-1869.853081570322
-1871.5877171131287
-1873.613556905071
-1875.454733417723
-1877.2592902678161
-1879.0923224033527
-1880.952052680682
-1882.8632990717895
-1878.4084943546454
-1880.3524270569405
-1882.243011213562
-1884.0313609008133
-1885.8930501362784
-1887.8618190638654
-1889.7269504238188
-1891.647381879302
-1893.6460914978281
-1895.45620082027
-1897.2668060920662
-1898.5090485097662
-1894.092579716146
-1895.983459323834
-1897.9057771997423
-1899.8575178412707
-1901.7185017710362
-1903.6959180333727
-1905.5179967413123
-1907.7057998307137
-1909.3014961413005
-1911.2325420350328
-1913.1647269188866
-1908.8239301773233
-1910.588071574366
-1912.5245995332004
-1914.3929523753677
-1916.3230685857386
-1918.2766494702225
-1920.124787856237
-1922.0107407206522
-1924.0817463293895
-1919.6200006569816
-1921.5946961901927
-1923.41563831831
-1925.3096788878806
-1926.535568509102
-1928.4540011653323
-1930.4812456649192
-1932.6190783939976
-1934.4020612441964
-1936.2343620131305
-1938.1153670858378
-1940.028556346038
-1941.9871997940113
-1937.5991191145217
-1939.5102330237066
-1941.4175731518658
-1943.367665928948
-1945.3543021833464
-1947.3326069781538
-1948.8047814564595
-1950.4457148088197
-1952.3858761722393
-1954.351926819088
-1956.3478441487032
-1958.3717203472402
-1953.898641102939
-1955.859981810037
-1957.7198892623514
-1959.6647260386137
-1961.623025830093
-1963.559929556819
-1965.5857777410347
-1966.8819643762354
-1968.8732984430412
-1970.7133836469134
-1972.6597774143988
-1968.265828183038
-1970.2466230194739
-1972.2499650046962
-1974.2163459831606
-1976.1518081301622
-1978.139289241155
-1980.0596603817435
-1981.4750660989976
-1983.352572767853
-1985.3628463534221
-1987.2965912488196
-1989.2553002661487
-1984.981744348515
-1986.9097579433644
-1988.8711178037097
-1990.8276419190406
-1992.8506694844932
-1994.8018257036708
-1996.1261787951441
-1998.130073158899
-2000.0602271877972
-2002.0608556111374
-1997.756507695991
-1999.7583817975735
-2001.7103238475602
-2003.7110783391238
-2005.728030625606
-2007.0432751360179
-2009.0357641297642
-2010.9939669688274
-2013.0011042531896
-2014.9990984362098
-2017.0023559930808
-2018.9949757720483
-2014.7019646076558
-2016.689616287847
-2018.0199539381858
-2020.028429481761
-2022.0111071576787
-2024.0199595126824
-2026.0523200870587
-2028.079488788926
-2030.0893904683765
-2031.4174904575425
-2033.3963748201218
-2029.1151227931953
-2031.1209654377087
-2033.164813511558
-2035.223874847174
-2037.2517051441541
-2039.2863240207296
-2041.2952735410954
-2042.6188681776828
-2044.6162925574424
-2046.6118838466753
-2048.598671010121
-2044.3894529429094
-2046.4678520851892
-2048.5410293543237
-2049.892665077579
-2051.92209125795
-2053.8852145094083
-2055.8968049642285
-2057.9323534676464
-2059.2928523424366
-2061.3503079480915
-2057.1368925102743
-2059.2321737653724
-2061.3136381874897
-2063.361583245342
-2065.3684805962193
-2066.706695126104
-2068.7284677065345
-2070.7865217791373
-2072.848739501352
-2074.9276628958214
-2070.757403635315
-2072.8137941819514
-2074.1987339471907
-2076.2488049892545
-2078.3102188993666
-2080.336963283602
-2082.3826870002695
-2083.779498582713
-2085.8726995232355
-2087.9613675246105
-2090.0320231470373
-2092.126006325997
-2087.9070306611243
-2089.9703411706173
-2091.365794506751
-2093.4747255527195
-2095.544360529603
-2097.5987553440045
-2099.669000642387
-2101.06815047772
-2103.1915919373773
-2105.3203186818546
-2107.4629365296228
-2109.570268371554
-2104.6599967680377
-2106.7431928383944
-2108.799191591585
-2110.853370928536
-2112.956750585322
-2114.358989486649
-2116.4939130179528
-2118.6607066676615
-2120.8155801164085
-2116.618463136504
-2118.7264562469213
-2120.8209098932866
-2122.217149153188
-2124.257130922714
-2126.436904982991
-2128.5288705491607
-2130.7008587218643
-2132.091706446214
-2128.031540950455
-2130.1344644455653
-2138.558077081635
-2134.36010645155
-2135.8007757007863
-2137.9084438012273
-2140.0014757652893
-2141.383638988312
-2143.503367912532
-2145.732662957599
-2147.943413503877
-2150.10655106541
-2145.28334656105
-2147.4118027430377
-2149.523570803882
-2151.6261181221757
-2153.7508225003817
-2155.1673792984393
-2157.3430154795356
-2159.5100965837714
-2155.483229961796
-2157.694041176542
-2159.128325318987
-2161.284530223597
-2163.3730301079895
-2165.546570182891
-2167.6674521285317
-2169.1037049847832
-2171.279568071364
-2173.46282721469
-2174.9318038343686
-2177.2233049193956
-2173.106315045645
-2175.2858359531365
-2177.4276522113364
-2178.86573029975
-2181.0356911884774
-2183.1747746999713
-2185.3307849073453
-2187.573448611871
-2189.0604096457055
-2191.3234667829665
-2187.259435373155
-2188.7583279513638
-2197.217821667827
-2193.041277675732
-2195.2437797328284
-2197.420745084679
-2198.895995549636
-2201.116756459287
-2203.3430751857377
-2204.858852962789
-2207.171825346348
-2203.0795790403913
-2205.2668054573674
-2207.4427031936866
-2208.8891875846602
-2211.0782210422312
-2213.304862518118
-2214.8088218726493
-2217.069389301611
-2219.3576989475046
-2215.3342757238706
-2217.5648051946278
-2219.026353135186
-2221.204289477703
-2223.3983518798464
-2224.879211393438
-2227.081671481272
-2229.3916910545354
-2225.427052925907
-2227.719246890288
-2229.241880651227
-2231.509783358307
-2233.687295103429
-2235.141543017319
-2237.3189039947365
-2239.557812908122
-2241.07123087685
-2237.0754407640734
-2245.6871219246723
-2241.7678146543217
-2244.036798449041
-2245.523553725356
-2247.730369080685
-2249.9170430249123
-2251.302747186988
-2253.646676346468
-2255.9975373361112
-2257.5550430197104
-2253.6467514208416
-2255.9744948914245
-2257.4791629223264
-2259.725361769352
-2261.905621248293
-2264.092524939386
-2266.3743653274087
-2267.9207464673646
-2270.2821481965957
-2266.391739033547
-2267.963400727387
-2270.3054626710814
-2272.582947704904
-2274.028314720849
-2276.2969502984442
-2278.5386256848683
-2280.071495931525
-2282.3755602761216
-2278.476378056896
-2286.3516130183903
-2282.4323093270705
-2284.7079712803106
-2286.9750483126845
-2289.2418435666054
-2290.7776735174493
-2293.006658083366
-2295.379724246589
-2296.9621745247423
-2299.370341991627
-2295.4127889435345
-2296.9734921677905
-2299.3260952198534
-2301.6481495838766
-2303.14266208491
-2305.4488954708513
-2307.7607415810103
-2309.309238867409
-2305.3006554973613
-2307.679709970044
-2309.3163876139747
-2311.6456879105153
-2313.9529413918863
-2315.534495078646
-2317.855061057451
-2320.2387611106255
-2321.845742962944
-2317.8792112252704
-2320.3056379287937
-2321.889146385355
-2324.2231582352356
-2326.555132661982
-2328.101013431487
-2330.4434840877566
-2332.8202369163223
-2334.387646317314
-2336.749258590182
-2339.1134699291247
-2334.4286813055073
-2336.855348672356
-2339.2412272846036
-2340.804118732806
-2343.16272986325
-2345.5405569877653
-2347.2258103703866
-2349.4898804119634
-2345.58823355362
-2347.205361736895
-2355.899791363931
-2352.1193236309955
-2353.6131727131756
-2355.971430929783
-2358.42034656573
-2359.9431087565868
-2362.343146639867
-2358.468799018788
-2366.346045264854
-2362.489291540675
-2364.8781222073853
-2366.5017345375004
-2368.922438381233
-2371.2538664769145
-2372.875908678829
-2375.257371716905
-2377.671733997104
-2379.276126234235
-2375.422151481723
-2377.891684775988
-2379.5370880494474
-2381.989917674968
-2384.3899926971003
-2385.993006586037
-2388.403880237138
-2390.8230025646176
-2386.1161715859066
-2394.042712141252
-2396.435889574343
-2392.615787471313
-2394.2143108467417
-2396.698305879048
-2399.1535110023583
-2400.7714351594745
-2396.9097480076516
-2405.6681445292793
-2407.307145674298
-2403.49889162349
-2405.973665908481
-2407.571474396182
-2410.0906893486876
-2412.565769159539
-2414.2112163987395
-2416.652328824144
-2419.0724466407873
-2414.433394340263
-2416.065865442844
-2424.7602261440124
-2420.9224461426174
-2422.5757223058067
-2425.0674028303097
-2427.581595666074
-2429.2133299193715
-2425.421124317952
-2427.9444734213475
-2435.908808005476
-2432.0667621007537
-2434.5370587571324
-2436.177168919338
-2437.8473680552256
-2440.354406857801
-2442.836830052648
-2444.4972452857455
-2446.977000192939
-2443.192272625644
-2444.832261208386
-2447.322886971042
-2449.8194429602845
-2451.4783413122686
-2453.1427662772107
-2455.6611122489207
-2458.177481244135
-2459.831262043906
-2456.0857466847733
-2458.6206792820467
-2460.316009219322
-2462.8493334596374
-2465.3401743441896
-2467.0300162558797
-2468.7209275335117
-2464.9769490512454
-2467.476548948795
-2475.44108517905
-2471.6600277596667
-2474.2542098336216
-2475.890947634699
-2478.424863996072
-2480.941438149868
-2476.33652896077
-2484.322420578659
-2486.8614757753926
-2483.0960746242845
-2484.803806281874
-2493.602127130488
-2489.9006895772195
-2491.632502685188
-2493.3618675229122
-2495.9547527139393
-2492.2847005111075
-2494.0172554215083
-2496.62173818906
-2499.161058989692
-2500.8282119169126
-2502.5526949751306
-2505.095505037546
-2507.607527135797
-2503.012746306675
-2505.534801244954
-2508.1245876456837
-2509.8257266831897
-2511.499625072278
-2514.0737407410347
-2516.729061130141
-2518.3926901710233
-2514.714241536551
-2517.3023587729595
-2525.3280384138766
-2520.818952094824
-2523.3792071589965
-2525.987717399105
-2527.739619820152
-2530.297103977476
-2526.6022291100912
-2528.317386164621
-2536.2994027132004
-2532.605441087975
-2535.224421656264
-2536.9720090292803
-2539.5581455932943
-2542.188294609021
-2537.591151178322
-2545.6287756583065
-2541.9519663536375
-2544.5613568240665
-2546.310892456865
-2548.07639565001
-2550.7616260248756
-2553.400868582262
-2555.1339447803753
-2557.7618359802873
-2554.088334321717
-2555.8468452174657
-2563.8750925679956
-2560.205091713881
-2562.843027711832
-2564.5594510173933
-2566.305253713901
-2568.9123360942503
-2565.223476743054
-2566.966753348421
-2575.9045334299194
-2572.288274539033
-2574.0663960050047
-2575.7991354845294
-2578.4937666783985
-2581.1437109370627
-2576.5781925699393
-2584.658445926924
-2587.299976622579
-2583.6235370538952
-2585.397003804784
-2587.171193489931
-2589.820669469233
-2592.432070148153
-2594.222078274731
-2596.8173150928747
-2593.221523503876
-2594.9466492812344
-2603.0188916776356
-2599.4159669151977
-2602.102006414378
-2603.871305658551
-2605.604817168108
-2608.26138023584
-2604.584984125371
-2606.341559781629
-2614.3936928062544
-2610.7481661352185
-2613.39185192143
-2615.0996198933876
-2616.8609876190994
-2619.4848480425394
-2615.7853937080936
-2623.865388671363
