0.35944940706604517
-0.355297462808233
-0.49006846437035556
-0.03218153999616886
-0.07951261279010903
-0.21017329642096017
-0.2433294899607582
-0.2936921431225523
-0.339009091685784
-0.3622103580650591
-0.3978624584182593
-0.172623660786086
-0.23627386755099575
-0.2397500338512233
-0.2587342113315412
-0.2952105177303404
-0.3351928481461078
-0.29015489223273117
-0.6745004349403679
-0.7112284541345121
-0.7627296310263526
-0.7975072028234267
-0.8091154615495129
-0.8032687797088252
-0.5036329493431241
-0.5146382573311827
-0.5347753529647871
-0.5519293465972255
-0.5820531627479075
-0.6357656006354605
-0.997892389834804
-1.0320295512921436
-1.0659993951351312
-1.1006792853982963
-1.135262575988178
-1.1698335466455299
-1.189952592274759
-0.8477516914656799
-0.8541427336518709
-0.8759971452566301
-0.9097373644143977
-0.9572911290701193
-1.0145225337518096
-1.4410861642419655
-1.4784577532477134
-1.5298501445998527
-1.5660095094277269
-1.5787492723019942
-1.5852362826408242
-1.6025267577059732
-1.2412443656110685
-1.2423067476329501
-1.2786841223093035
-1.3302610018272316
-1.368977919080301
-1.3912909911199023
-1.7744281128760235
-1.830240804950413
-1.8872731268880054
-1.923527620460138
-1.9321412239791187
-1.9280031320055655
-1.9555884515521607
-1.6758552252435357
-1.7102847699797632
-1.7322354379755227
-1.7697427026245058
-1.8222045707516035
-1.8837320519331444
-2.2711747600326206
-2.302769011602497
-2.330154467031603
-2.3528536932891737
-2.399010407758011
-2.443157012291535
-2.0680580477845347
-2.210477175327866
-2.2283112288635634
-2.255303995827291
-2.3165197253177623
-2.3800283286127466
-2.3062255851103255
-2.73935533724186
-2.7887124422371716
-2.8284844690815505
-2.857004436552777
-2.8937223115597597
-2.934311634988133
-2.608780427710566
-2.7827461841134316
-2.8255505013357167
-2.8777060829398216
-2.9181017907204887
-2.8551213483691216
-2.890816292186874
-3.254576756487996
-3.3005670796827746
-3.35397333657214
-3.4168834206045626
-3.4781319146726717
-3.521812069311472
-3.57532334541844
-3.6263647206816296
-3.6668797356256153
-3.6994484776981005
-3.7496470255534224
-3.812222865604143
-3.5841256712254275
-3.723324757486712
-3.7638181799872243
-3.8196213303458775
-3.8771987881297756
-3.954995842823258
-3.913769914372647
-4.202999481783053
-4.242209749897683
-4.324666615789536
-4.403682420886337
-4.4451954873638
-4.482408563837481
-4.3046230850734055
-4.405671881374016
-4.461802953316238
-4.515398516607153
-4.591429550820212
-4.636866155478423
-4.649985689414276
-4.905174936181211
-4.95835281429882
-5.010332750880199
-5.073982707150344
-5.137391336921507
-5.186341392706756
-5.053851825811924
-5.168611596673078
-5.232222644539943
-5.303655649776743
-5.3794658604200905
-5.455499300635927
-5.455402366811631
-5.672446099046524
-5.730236944194864
-5.78954804495658
-5.852754827137756
-5.9186937283541265
-5.987234375368312
-5.91952658986632
-5.988827900885415
-6.192658921211612
-6.250220958529937
-6.3067395844519
-6.373789977489359
-6.305380690475533
-6.414020047985293
-6.49148092313805
-6.574813334925391
-6.643427431308985
-6.714948070322878
-6.7449481713903525
-6.911792472149449
-6.985266347630878
-7.074327076912643
-7.154193946207576
-7.215683294900944
-7.268977156712265
-7.282605250072619
-7.353099382219918
-7.416643388198073
-7.475799529831225
-7.547266808793086
-7.640679058740322
-7.707529930598745
-7.857358035756459
-7.929411220338632
-8.003572626345095
-8.088272177904773
-8.174177595133425
-8.261215747757975
-8.305308521758096
-8.377996114523478
-8.448721027355093
-8.533472240755827
-8.61245547110706
-8.679832732757152
-8.754913636380243
-8.839166211091156
-8.938702782521876
-9.022144767090447
-9.08924287534914
-9.166559591300754
-9.264422569294315
-9.393587421698053
-9.477112058733178
-9.550867183780644
-9.623726137310161
-9.707311734869597
-9.790117922694074
-9.864024519330231
-9.94668045976118
-10.032668726198777
-10.118501014044188
-10.201950122504993
-10.294675495813602
-10.400247708774447
-10.49415751329562
-10.58742622908287
-10.67533610610086
-10.75934598734488
-10.844523225276403
-10.931691183349072
-11.002390156108115
-11.116244247303612
-11.21454276514615
-11.318449218375761
-11.423109395736612
-11.517261911618622
-11.606961869273748
-11.698578710690017
-11.79633699673294
-11.901574676526328
-12.002243830088855
-12.096309855744718
-12.19909225748036
-12.275995706443304
-12.411626348116604
-12.511988756902513
-12.605215704270327
-12.701164679646137
-12.799374767424506
-12.905863278343588
-12.963985065489545
-13.081508034928623
-13.193333114243917
-13.282540671021332
-13.362075125159123
-13.457576596059319
-13.68995494999427
-13.736492800154414
-13.850055848684113
-13.958114613910181
-14.046853343875066
-14.144356078142152
-14.245809123924015
-14.351545372163859
-14.466891704117415
-14.585188872225155
-14.712042515537997
-14.810544762782973
-14.912168695341828
-14.952461295998093
-15.051452108246346
-15.16798138387633
-15.281537767884998
-15.39623521499435
-15.504072124268562
-15.613411310566415
-15.797623804663717
-15.929033214465193
-16.050369139467218
-16.156134143373823
-16.26308837668113
-16.374721577876326
-16.393398182268985
-16.5138673324252
-16.633515244104835
-16.74901617719372
-16.97077425181129
-17.07563169024698
-17.11128332451417
-17.20934044045731
-17.311423784091637
-17.43869748491512
-17.562348938686036
-17.689155422466833
-17.802965264056866
-18.028210999446234
-18.15868619906135
-18.285493462079735
-18.394227787148427
-18.526084945736088
-18.661879534130094
-18.787687179251904
-18.81052769374988
-18.9177215627312
-19.027835896982747
-19.154897473405125
-19.28313668506521
-19.412566298789812
-19.5257395277108
-19.667072042807238
-19.820965072009116
-19.953736619432394
-20.06942764671204
-20.182830130608934
-20.463229810098476
-20.580983599269956
-20.726820822949453
-20.876089190597884
-21.016564184009454
-21.14864135724069
-21.27566831395572
-21.26025773049197
-21.385282701643156
-21.51599424511294
-21.642632240242328
-21.772240226829155
-21.9023236285222
-22.05454663749959
-22.212533480698582
-22.346985592394095
-22.47566318754514
-22.593143999395625
-22.740085408766735
-22.88386186617832
-23.19546937453008
-23.38749538267464
-23.55533697302339
-23.715109956763985
-23.86844133675984
-23.983044626370873
-23.89688813901605
-24.02387979644954
-24.167209378600752
-24.311156792396943
-24.444625162081206
-24.55843704562
-24.707577755151583
-24.875335588036943
-25.04231438470578
-25.196449714491436
-25.32969724351279
-25.489352651049536
-25.658829728582315
-26.199193172417363
-26.43952910819448
-26.5788265168313
-26.84420742953926
-26.950843999992394
-27.15898179655604
-27.265748303056338
-26.7816122274645
-26.95801870746709
-27.087995710436353
-27.207465672473838
-27.3570920128773
-29.00031122436789
-27.742122303332394
-27.942537045063595
-28.104854756436513
-28.214017569428982
-28.343109881070678
-28.534505853808266
-28.896113776597836
-29.342175694972646
-30.027696897970593
-30.312473893207187
-30.397563598983442
-30.5089668916255
-30.385387210037244
-30.6283279798708
-32.03050678130484
-32.31266964170658
-33.11473872066593
-33.616297454098685
-33.61182200501634
-33.77795352426258
-33.36643817760586
-33.48086694074385
-33.627437753452384
-33.96286406451837
-34.45074683145447
-34.84421093997691
-34.995563732260855
-36.51504593831025
-36.81208520536818
-36.93569496465723
-37.11809508813779
-37.30510227290625
-37.51699427113095
-37.71633101383843
-37.887169100916296
-38.033539826522116
-38.20011125692759
-38.40415027158842
-38.60898770232614
-38.77019698633682
-38.14647345668566
-38.376504269360574
-38.569125138668205
-38.792083416618404
-39.024150182512955
-39.03383915882492
-39.31758089183737
-39.53055759236135
-39.743350389672685
-39.9909143614256
-40.12678546458394
-40.41354111682379
-40.995669533136954
-41.18727368780161
-41.335136956974075
-41.53822024412232
-41.703665488166855
-41.86108878569425
-42.04066849061635
-41.12600437517591
-42.0430674788949
-42.30114991262853
-42.41036567977642
-42.95023335581029
-43.13098740337193
-43.0414237944945
-43.19832399408392
-43.352457495126515
-43.520188809406385
-43.70584807607002
-43.90319924733704
-44.106195808706595
-44.568077969364104
-44.762792466169195
-44.95958271606876
-45.14571936806541
-45.32207258889692
-45.50178890776741
-45.68603997662503
-45.851160101269926
-46.03727144787928
-46.230662795054435
-46.42493347954636
-46.62492013722419
-46.8008436956782
-46.798741996175906
-46.994436407558254
-47.142898449893806
-47.356750427358605
-47.56566217284416
-47.74790797502373
-47.98016739292443
-48.176916668399606
-48.39609283180227
-48.53909884685164
-48.74579991814418
-48.93796083725317
-49.183925762643405
-49.3563296558621
-49.74058581180127
-49.92481716984522
-50.11655265264997
-50.33445215288196
-50.54037419284922
-50.72095990043894
-50.89214748224996
-51.091307396042126
-51.15493610401972
-51.362009175030664
-51.56475410221936
-51.78945572197567
-51.980120926542355
-52.183781171443606
-52.39073989635234
-52.595778385580395
-52.796400480002205
-53.152975585227985
-53.35532281112616
-53.57254003414052
-53.77554577044078
-53.95757386981548
-54.150982197716985
-54.370293575306036
-54.60787719289615
-54.83723864407846
-54.94000841235436
-55.138450888254226
-55.328450131392216
-55.56106842389638
-55.80315363137234
-56.03427407091664
-56.251792698817475
-56.44671531306551
-56.68737105995167
-56.941487268960294
-57.193819222972714
-57.398811913501646
-57.60552345062494
-57.90189564058669
-58.10970354985661
-58.36315835786317
-58.61142661228454
-58.868266760780394
-59.11447027392042
-59.35810578274028
-59.58860205102003
-59.83137058106866
-60.059411421309925
-60.30745501919087
-60.5545044345201
-60.818065404065955
-60.93915219284459
-61.228405726725654
-61.52008628149804
-61.79104102556436
-62.05898786138454
-62.37890837801763
-62.51756793775676
-62.785085685717554
-63.11386569333274
-63.414937563837775
-63.67459970814894
-63.95532505166178
-64.224308149511
-64.47010492111919
-64.54721708253975
-64.8742942781779
-65.28608827003386
-65.59609720461559
-65.87247450681197
-66.13291767407428
-66.2892471399482
-66.51477082906622
-66.74141727326288
-66.98206148262902
-67.26845295384727
-67.59441121248942
-67.91266243290605
-68.16111968928091
-68.44134211236221
-68.70289907296221
-68.95794007191476
-69.2199296976475
-69.50626059576948
-69.79343301778385
-70.17464743382897
-70.46874689864674
-70.70402861246919
-70.95649829762452
-71.22729633740985
-71.48823979585934
-71.73698710249364
-71.97541241146992
-72.26153623016103
-72.54860866688765
-72.8112679013145
-73.0230360915214
-73.28406701362525
-73.56196766560228
-73.83704958209995
-74.0903277864884
-74.32149677264808
-74.56901779120363
-74.83598920142585
-75.07187304809017
-75.32597222626643
-75.57097454228716
-75.84497765677204
-76.13153878929167
-76.40235654893371
-76.63585910651717
-76.86180177700723
-77.11947038339613
-77.41353813943161
-77.69070269678676
-77.94299539727845
-78.18018837735883
-78.44044843013123
-78.80476781095827
-79.0590360785444
-79.3277140333759
-79.63662504594222
-79.85315045152151
-80.16309667564806
-80.36280955102063
-80.62492711851449
-80.95027021651191
-81.16868937679017
-81.42119219834993
-81.62411205404361
-82.01200231910796
-82.22027735214415
-82.47751188269906
-82.7713359318334
-83.13779501549884
-83.29839552081242
-83.55103053657655
-83.79837756302106
-84.09043074416066
-84.31213841624158
-84.64312981839015
-84.87744514107148
-85.1391371457228
-85.39816734817934
-85.75572266237717
-85.95202212565113
-86.24553536747244
-86.5072351024815
-86.75850055773789
-87.04486686507356
-87.3553546082986
-87.74929828533408
-87.91620829036174
-88.17165604065634
-88.46798406308957
-88.76163800110557
-89.05055930799301
-89.32998735920303
-89.60339721693758
-89.91567330154756
-90.22209548022305
-90.52741458320295
-90.80431286008445
-91.07777045226754
-91.4011335712517
-91.70055779440622
-92.00482167431433
-92.26776975406325
-92.54702499515737
-92.85883495779744
-93.1968395049809
-93.44187681942529
-93.72207488697603
-94.05084931478443
-94.4056883403838
-94.72268711260115
-95.03854589896682
-95.33010414962152
-95.56195549739626
-95.90423278922867
-96.24651258830478
-96.5410321933125
-96.86695989389608
-97.21265667449545
-97.69852744302986
-97.89660944510953
-98.23190894910441
-98.56373854977764
-98.87050337608467
-99.15893289157003
-99.5175172880183
-99.85243904985315
-100.31195038096952
-100.56039655650075
-100.95239370899937
-101.26622536295828
-101.59683218639098
-101.9265257009241
-102.28345699967939
-102.61841462289713
-102.94523195053159
-103.24782005186756
-103.5490533945844
-103.92043707316653
-104.23227505161834
-104.51873244742653
-104.8627239308264
-105.1788926612598
-105.5267156943138
-105.82395421934068
-106.10326548282892
-106.44986142088175
-106.74273861013714
-107.03944521836145
-107.40782814767873
-107.70136069703858
-107.99776085933104
-108.27999996981633
-108.59059849629999
-108.87309454212607
-109.19238931919905
-109.55842242306785
-109.87584699408978
-110.18985999106206
-110.50644862812315
-110.8184762350385
-111.16904720123668
-111.45291152104227
-111.75654547473357
-112.20777289460554
-112.39908074459524
-112.67549022626639
-113.07197765129146
-113.37204889681377
-113.70005644797472
-114.12343833214588
-114.34979945443223
-114.66969700108064
-115.017068957346
-115.33763582965588
-115.62701368222058
-115.94420299350773
-116.30439565597085
-116.63912362815975
-117.03159068943572
-117.26661125731539
-117.62433753772868
-117.98180506462633
-118.30612375066373
-118.64352898018042
-119.00557016962402
-119.35420103172723
-119.65604156075146
-119.98477045891312
-120.22429585216273
-120.59709880070659
-121.05065973675764
-121.36224584864672
-121.70792481149812
-121.99959618739382
-122.2904922740255
-122.67763617097148
-123.0668559587746
-123.42547984117306
-123.75353577928601
-124.1052095509863
-124.48708947912354
-124.87105355924719
-125.22757937849548
-125.55839248948116
-125.96821948767719
-126.32976273819291
-126.66043620293533
-127.01883430241102
-127.39724366290511
-127.77017259702167
-128.20570951131037
-128.50649560446135
-128.88269166040033
-129.24395119269343
-129.5363527579304
-129.96005165966713
-130.3469914735169
-130.70307334247335
-131.14005125764888
-131.40021815372697
-131.7334858954348
-132.06550460816717
-132.3615361533746
-132.73137238481223
-133.12932375212893
-133.48911205143517
-133.86657394297504
-134.1998284030107
-134.4970781448283
-135.02833170852497
-135.3021796294248
-135.7271170610996
-135.95244171096786
-136.3435389822125
-136.68054115795127
-137.12023170214778
-137.56213251053455
-137.9228357381504
-138.1519505233666
-138.6715912926582
-138.90291005686277
-139.1282042001849
-139.6178112685353
-140.1150759148719
-140.27632135514042
-140.78107055135547
-140.99994779308494
-141.51302179977188
-141.88998923411097
-142.0974519213106
-142.61956183409282
-142.87936593471383
-143.2000306191509
-143.6922663207892
-143.87945505949713
-144.38831048227277
-144.69102275996448
-145.19897694704204
-145.40447637678244
-145.9078945966355
-146.18039446038844
-146.5469837844277
-147.04605122610724
-147.30017560625487
-147.84382087377705
-148.14261651860485
-148.4813281537334
-149.00695902155093
-149.26428989174707
-149.63728620676892
-150.16966723427257
-150.3893012672681
-150.91024538252785
-151.16223933390825
-151.50281466570638
-151.84376107369272
-152.39823381802918
-152.73271832074704
-153.1039192376302
-153.5877366060906
-153.82904490513155
-154.18486382801115
-154.67799262623458
-154.9840556031317
-155.38734193297014
-155.77957933779248
-156.28202295555258
-156.60166101926583
-156.96949344141277
-157.34498068145973
-157.7424114154974
-158.16643771609182
-158.6088018678868
-159.0003771463309
-159.36620547997668
-159.72705691513644
-160.13283526600873
-160.5850999518787
-161.02565397668778
-161.43812351376982
-161.81812856530388
-162.1891212339277
-162.62709848032884
-163.01440667128676
-163.40717565458922
-163.82565736538518
-164.24282374063222
-164.68422019736795
-165.0837840814614
-165.41828570411928
-165.7656612722205
-166.14841103925914
-166.65739131499146
-167.05766994211513
-167.44057102607434
-167.82859989797234
-168.2307357582711
-168.55724919266558
-168.90226804596497
-169.34710779142753
-169.75122292281236
-170.16769699538133
-170.58360939089178
-170.9897893179302
-171.313624183173
-171.70734037076753
-172.1759810347686
-172.56229060325097
-172.97537068509757
-173.40185937405528
-173.85845574551962
-174.28562151932056
-174.5707085920608
-175.0469284087054
-175.39939561892106
-175.80587920541504
-176.23790513281116
-176.6775626588381
-177.08747802862072
-177.42972187410788
-177.8374747881475
-178.19311997198153
-178.6315784995559
-179.08349805255713
-179.57827777440568
-180.00254956768651
-180.29930101393026
-180.8640220469817
-181.22469375004573
-181.6571473675814
-182.1401312852378
-182.6336332278955
-183.1737898241563
-183.53877083313975
-184.0829033255734
-184.465441374098
-185.02575429712434
-185.5163385296868
-185.97566727943226
-186.4483291221672
-186.7519302777416
-187.14457797962706
-187.7127383823408
-188.15539756208227
-188.52988527987117
-188.86509493785547
-189.16769141106573
-189.62251901868962
-190.07285140165888
-190.53180030721902
-190.95982314955592
-191.41133735945644
-191.86905530202725
-192.19472485851045
-192.51542135059222
-192.9072359894254
-193.4196364274761
-193.83449143857248
-194.32008459504098
-194.73592771332267
-194.88871775241583
-195.29545474901278
-195.73718180580283
-196.55851936229632
-196.76315160828705
-197.26441224734114
-197.58918651780996
-197.93655173747925
-198.4077042479402
-198.91186079205215
-199.68968695312466
-200.3490358599985
-200.77017559310877
-200.76558515593996
-201.3117351420873
-201.7200106396384
-202.21317063977364
-203.14379579040903
-203.59787989204239
-204.09629871304568
-204.1208602845373
-204.59741290118436
-204.9473038224723
-205.4809232648386
-206.43209126747504
-206.85854752763453
-207.30305993007212
-207.17881759079896
-207.74816586331804
-208.00012156433502
-208.48172820550465
-209.53139098299397
-209.946802566892
-209.96726714405042
-210.18276714784713
-210.80748444434843
-211.05511220448537
-211.70372896544308
-211.94038492003003
-213.05365459274802
-212.76163311441573
-213.43565805866496
-213.70757320260597
-214.36556185530142
-214.64575930768166
-215.78473762725255
-216.22231259949805
-216.10923412358665
-216.7291291327201
-217.01046694402842
-217.65432892884337
-218.05553436014065
-219.0254887911894
-219.45910513482272
-219.65578550551933
-220.11512243086105
-220.51168269855495
-221.4658697937097
-221.96562396061978
-222.51329962416762
-222.94221204278998
-223.39260450330772
-223.93745681743428
-224.44353364311866
-225.02915593217344
-225.07978482991402
-225.38563904729696
-226.00926863052985
-226.4447733161777
-227.29687740451695
-227.81064150466264
-227.79258344400284
-228.08740870937922
-228.7831618269488
-229.19592085373182
-229.41831086501668
-230.15165239506146
-230.59008028170248
-230.88907184978794
-231.66190342250246
-232.16968300592106
-232.4588610708428
-233.13320249408974
-233.547329826655
-233.81438133383602
-234.63495554692236
-235.10663151925272
-235.53877336022362
-235.8193724762066
-236.5926197260396
-237.04657404960173
-237.4900648110455
-237.72979748222164
-238.49281360232922
-238.98008857669342
-239.44877900878146
-239.77389054214237
-240.5378418118188
-241.0022384233609
-241.49822000148353
-241.83421963142123
-242.53197548925485
-243.5006818872209
-243.97679831978155
-244.4590023445911
-244.31563344430816
-245.015708652098
-245.48024200389798
-246.46407227060234
-246.92360356825853
-247.4217079197861
-248.05523452117333
-248.54307680448684
-249.00729717596778
-249.45741033155633
-249.9263635194679
-250.4161202055465
-250.93490807605684
-251.5441912589428
-252.02400584393544
-252.47945543964127
-252.96401788981748
-253.42829753236825
-253.92506347769842
-254.53019477869532
-255.12455921294307
-255.5895621226377
-256.0582613053971
-256.49241223422877
-256.95677258436973
-257.4256177636664
-258.01198944364376
-258.556307818018
-258.9389146064469
-259.30287031999023
-260.0523916897391
-260.52798196914284
-261.07983412339087
-261.6555814011955
-262.1925454246977
-262.70096963302757
-263.23578770983653
-263.85602777380734
-264.43720711424845
-265.00161470797775
-265.64035572245604
-266.28619852642464
-266.8191587986727
-267.30935330897745
-267.91828890377354
-268.58632806113707
-269.13393777760916
-269.60375791309565
-270.1029069976425
-270.6704983349672
-271.1658944140109
-271.60631349912643
-272.09968636324936
-272.64789681280706
-273.19978725527784
-273.6648477328737
-274.0882748808748
-274.3100504311091
-274.8032745934767
-275.2970170249
-275.8347069728994
-276.2213660457273
-276.6915686943992
-276.8982902081994
-277.2518200633426
-277.99438747943896
-278.7692135927096
-278.90638540625156
-279.1268790867984
-279.18329604652666
-278.454828367341
-278.56729656458066
-281.15495489790715
-281.88091741329265
-282.19656313983404
-281.4315405251022
-280.61449043662475
-280.71732849584066
-281.9069188323942
-285.1745608969306
-287.1711250356122
-287.83959649559995
-288.30686946561855
-286.9562818365031
-289.44657378137475
-289.86509117033637
-290.2416482477445
-290.6356189081886
-291.0187533742417
-291.46920940858325
-292.00297119552647
-292.5270567892048
-293.01580847806673
-293.476862554588
-293.83694143752246
-294.33528272462064
-294.8189226051238
-295.3332581322612
-295.82576934565367
-296.2875732984657
-296.58259617753106
-296.79051452305816
-297.28925750305297
-297.776826998716
-298.2756256671678
-298.6836380718923
-299.1573607209595
-299.6542675905432
-300.12288601248304
-300.8937219563451
-301.212625782802
-301.77797815461196
-302.4219803728754
-303.07754540201375
-303.3347838273879
-303.87916844134196
-304.50321665319825
-305.5024811755577
-306.3765377528588
-307.2819710923266
-307.38979510131026
-308.1660799586444
-308.08083666295147
-310.0245535826809
-310.5650011417985
-311.12194675220223
-311.52372285279876
-312.12150728038046
-312.7066920606992
-313.2979712291977
-313.7083211564507
-314.2858284184543
-314.7679889899257
-315.0646712705652
-314.7061041089141
-316.01062017568
-316.29920090409166
-316.787665847904
-316.9977540216881
-317.06897533621174
-317.3904649403803
-317.6838052347878
-318.1492375604418
-317.9572823554737
-317.85754241258434
-318.117889026765
-318.61834600428864
-318.9254501566644
-319.46860302519843
-320.0644691954227
-320.56739058660656
-321.1539209560643
-321.64252999242
-322.25724625318605
-322.84018566961527
-323.8386025400225
-324.58197578753726
-325.8150800909906
-325.96718471760335
-326.67739858767953
-327.5885313821856
-328.45321410423094
-328.1592475334795
-329.52267447005426
-329.90171857581885
-330.5438897788378
-330.8952746727154
-331.56129932693125
-331.9581628804085
-332.5915185297853
-333.2311001934888
-333.4106260138055
-334.0641584655498
-334.37034664768663
-335.0575189931832
-335.51429928102914
-336.31265578738686
-336.917097604965
-337.5848228714896
-337.96322492546733
-338.50682211750086
-339.1603698752921
-339.7239821227357
-340.3474872832292
-340.9893763332225
-341.6830032969835
-342.46312829431866
-343.0521884888234
-343.86252375056796
-344.43431976541325
-345.13409607477104
-345.73806744915925
-346.61120028573106
-346.898637718772
-347.61863436713946
-348.34531637241
-348.9774831746303
-349.5465240347243
-350.1890508333237
-350.7314913495314
-351.33480135580066
-351.63234908631006
-352.3800679572988
-352.88170775872516
-353.54117307747043
-354.14212922102377
-354.7927574944563
-355.40104694225585
-356.07159778087043
-356.7282675029917
-357.48924870838596
-358.1855399281251
-358.8849275883583
-359.5031350914753
-360.1779643779551
-360.7262923720678
-361.3835681514906
-362.01194691629684
-362.5878881964143
-363.2771189593516
-363.7618841755578
-364.4728842870428
-364.95869515991194
-365.6897520617832
-366.2197838532249
-366.67299639579227
-367.34833852562366
-367.97893657205867
-368.60489412024384
-369.17210905906126
-369.81443825385986
-370.38479274293167
-371.03180304800645
-371.6525993614169
-372.2314937018969
-372.95987198180893
-373.57060581662313
-374.24479781491505
-374.82146590898196
-375.3855371511708
-376.1120686499224
-376.79988978214124
-377.3367958655253
-378.0253279449258
-378.55555143484617
-379.0745959462306
-379.82706860525343
-380.359364467373
-380.7905857486079
-381.4757443554158
-381.8932437862664
-382.66432383837093
-383.3304773969436
-383.93769999747144
-384.5505615363225
-385.07580208136244
-385.6594587980827
-386.2389530786046
-386.80571008690754
-387.5564878189352
-388.2493462525431
-388.8109756567769
-389.5045362252808
-390.1614133505058
-390.7562702663336
-391.6815983257321
-392.4426500042374
-393.0280978826215
-393.61195575377906
-394.26470374368387
-394.9633681194025
-395.5215973967991
-396.1833253135702
-396.8520872530113
-397.4085125727931
-397.76417545187326
-398.15845000481903
-398.71617175586925
-399.38565078409306
-400.0916208717816
-400.412761705468
-401.2835680096513
-401.47869350543897
-402.22353373279594
-403.13051559208276
-403.8845147477488
-404.65354266641407
-405.4964152504576
-406.1626418239081
-407.44772320692925
-408.32954285341225
-408.675743903725
-408.96271566503447
-409.2856911655313
-410.41215307562334
-410.9228476331233
-411.17655566473127
-410.9439661507696
-410.95469724108847
-410.7716622402782
-411.10172529369646
-411.67254144828723
-413.20983258471426
-412.4999834780225
-413.2509236949932
-413.70237204845427
-414.1558563893842
-415.54112476147094
-418.87682339371025
-419.205826279566
-419.58175623802066
-420.1841364131826
-420.92930889374645
-421.57545200299325
-422.0960307083803
-422.53542665387715
-423.00030994645965
-423.4794771364701
-424.1422520142968
-424.7849355861894
-425.31255298001855
-425.8000185947888
-426.1646372395748
-426.638185562913
-427.5146812802219
-428.13797464606495
-428.75307375710196
-429.3943033382627
-430.0576676724379
-430.8548061011308
-431.94431879965487
-432.96310531346893
-433.68070354000594
-434.35224882367044
-435.0068252577367
-435.6494630725123
-436.2841724873112
-437.0326455175367
-437.5307499852781
-438.09284497155807
-438.8929387814291
-439.52364564207124
-440.1675136236534
-440.79284975805047
-441.505994069189
-442.1005372268706
-442.64182357993906
-443.4464003017736
-444.09733984826136
-444.7682065654918
-445.44114217533456
-445.7299577907937
-446.2799143459429
-447.89337302302584
-448.8148910474124
-449.5509033435777
-450.14245751777196
-450.77821340824175
-450.2587865925285
-451.42809197428284
-452.15416556385304
-452.66735759440803
-453.0814684001912
-454.07955309222393
-454.0355575517308
-453.93206583243466
-454.1338645010301
-454.29464265186806
-454.65744475500134
-455.0879572325674
-456.46780180770656
-457.17093321978086
-457.7355159159804
-458.5771743472898
-459.0148045998296
-459.54149530424917
-460.09437559492534
-460.0407757124109
-462.5773714087255
-461.5514086906182
-462.25670813230073
-462.9473653963431
-463.6404017476524
-464.36610018239656
-465.19629694530175
-465.9857789101968
-467.0160071989322
-467.74958632062373
-468.81978617395436
-469.52829768507684
-470.2626581937859
-470.96514320121446
-471.6230630118282
-472.2879470787422
-472.96032797450596
-473.6550005119358
-474.3863440807071
-474.82993182391164
-475.52047938516677
-476.2601693531049
-477.01257067374473
-477.8077334942237
-478.60015574713265
-479.3874431736506
-480.17350881560355
-480.99704726444776
-482.04636787100486
-482.73237148795585
-483.4992012610884
-484.20686837037755
-484.869207742973
-485.54026367331903
-486.2348873737444
-486.86677179170135
-487.5495312464047
-488.2458491953443
-488.96841141818066
-489.69716772105414
-490.46232956488757
-491.2410384075903
-492.02141143780324
-492.8232688215269
-493.6448393269261
-493.96420128681683
-495.421768063215
-496.2646869310088
-497.0008462970904
-497.7145261269344
-498.4831901041607
-499.18463706320705
-499.79315092298543
-500.0579865150812
-500.444933981004
-501.062244431152
-501.74927962595496
-502.44805643822565
-503.10220403459516
-503.69947187961094
-504.30050039309856
-504.88696713580566
-505.67761699857624
-506.4034017138831
-507.084477641266
-507.6860881328883
-508.2764834765111
-508.7486516527063
-509.5038925007572
-510.1731230435793
-511.12947991298904
-511.72622648192765
-512.3636179497065
-513.0549166446355
-513.8141164001911
-514.5221892046801
-515.0306691418087
-515.7441267790284
-516.5003792159122
-517.1826198018717
-517.9732995248035
-518.7990798209503
-519.6732816122628
-520.2888193848145
-520.9480305513028
-521.7636442106523
-522.5315857969674
-523.450980613124
-524.2567123973344
-525.0519708251286
-525.9223391627258
-526.4027114573504
-527.4111814117451
-528.2958534032857
-529.11624858217
-529.8935765877457
-530.6459060965287
-531.1699268718821
-532.0017158594039
-532.7928749034907
-533.1015469338666
-533.7381169197705
-535.0103748269601
-535.2363242005904
-536.1382965068693
-536.7038914581174
-537.6150108319036
-539.3068195420645
-540.5339935293091
-541.0535647357332
-541.8928345529459
-542.762839898933
-543.5813697752313
-544.3896034345663
-545.2418194097829
-545.5075038865547
-544.7167800796167
-545.5475111015069
-543.2931971474263
-544.0164861566511
-546.5973927255026
-546.0039251000151
-546.1132843483675
-548.0960234182363
-548.5210325597104
-552.2787436424683
-553.3920164592301
-550.7177371242925
-551.2587821045596
-551.9921906598623
-553.3820132421966
-554.1478375213235
-554.7369914467644
-555.3168263788998
-555.9604862291355
-556.7391041571435
-557.6203687579107
-558.5833041129238
-559.5271098276852
-560.0517838750428
-560.940299845685
-561.9385540056438
-562.6221126350434
-563.2787012870757
-563.9859304945325
-564.9619248209957
-565.4921746210231
-566.2703063270628
-567.1134964233747
-567.9466773271001
-568.6154397948767
-569.3563831909754
-570.0471746436201
-571.0234784709712
-571.7598987677669
-572.4657285048299
-573.1978069275018
-574.020820619962
-574.6238623128248
-575.2248814876185
-575.9944229426904
-576.2455804729893
-576.6673730645253
-577.0094770974699
-577.6405842181427
-578.7025268274331
-579.1947923666862
-580.0050245074999
-580.7149404518807
-581.6345320177157
-582.1863515088522
-583.1067819099084
-583.7088734459203
-584.5195138417296
-585.3869762197606
-586.291457676693
-587.0346527825598
-587.9304552251897
-588.9647355614536
-589.708872858979
-590.5424788713024
-591.5161841038064
-592.3067660480009
-593.0018132837866
-593.8497870594492
-594.5579918176865
-595.3736591600895
-596.2735701809736
-597.0911718051317
-597.9494573661337
-598.8915452910674
-599.6811210675606
-600.6648588614712
-601.6737146311373
-602.4382363489484
-603.2875923588648
-604.2483176430134
-604.9121614969183
-605.7891932334768
-606.3848205468952
-607.0068510411553
-607.826034812448
-608.7901481385103
-609.4405922678602
-610.537859569932
-611.6717921909168
-611.3091617584873
-613.993268562106
-614.8955585201811
-615.5172673510823
-616.3201222184024
-617.321965818829
-617.0098668912212
-617.8680365773922
-618.1543214660419
-618.6927308776558
-618.9834586508169
-619.3813234179203
-620.0707941171084
-620.0819896959254
-620.7992339873654
-621.1579925636174
-622.0025646750722
-622.6194201840292
-623.5627425631653
-625.0117032160251
-625.6160167317214
-626.6203504441414
-627.5713413260361
-628.4949492322419
-629.1529103826007
-629.9095220654954
-630.843559010163
-631.6782171194742
-632.4076439548234
-633.1913517500648
-633.9711329068913
-634.9266812005225
-635.6525789331189
-636.502883599122
-637.2929448816138
-638.2643690937443
-639.2833308131931
-640.0879203597428
-640.6485462311226
-642.157031902726
-642.9860288935921
-643.7388498799857
-644.6033860328158
-645.5133885841111
-645.9571938976436
-646.4607564658497
-646.2311938984532
-646.4830973135145
-645.9948687984037
-646.6624075266814
-648.5011097090508
-652.8639270896414
-653.7702847363089
-652.578136352754
-653.1038800178292
-653.0216330515574
-654.0932468141518
-653.5182382876278
-654.3739949125082
-655.1320353396823
-656.0125002644205
-657.0118205597765
-658.3217250407326
-659.0056515112182
-659.9850459610801
-660.6596795265849
-661.4707890248736
-662.2443947949936
-663.5617303896954
-664.0090940620297
-664.7747522682317
-665.3341873627828
-666.2979042377457
-667.8970501450374
-668.7569826492917
-669.3484464145191
-670.2130609251304
-671.0397500061212
-671.8649042909046
-672.4962594487366
-673.0256522619898
-673.3969338660135
-673.6534805086853
-674.415158060992
-674.9150539208323
-676.7099020148196
-677.4283556494802
-678.754123790363
-680.9273116750418
-680.5218810945007
-680.6985874242419
-681.0247300227921
-681.7409579957033
-682.4541994583963
-683.3027412276449
-684.2272427670366
-685.0462940992459
-685.871052189293
-686.808669659399
-687.6276704072347
-688.5075007825071
-689.538460416304
-690.3931572722373
-691.307242498948
-692.4002786511261
-693.1902650185094
-694.281931667661
-694.9470720505144
-695.7623439999908
-696.6517439121615
-697.5718032058429
-698.458137216012
-699.3446970576488
-700.2066730820419
-701.1613446787063
-702.1286034288077
-703.073489890542
-703.9078645799661
-704.8608907887743
-705.7749330169454
-706.612372564226
-707.5055843514173
-708.1937763970643
-708.9376387652937
-709.4090840068544
-710.4122395326211
-711.2177512334907
-712.1031039955611
-712.5458687449519
-714.4234786372137
-715.5661826397667
-716.3888525494632
-717.062552503237
-717.2570304106238
-717.8462137069167
-718.373880968284
-719.2693544440257
-720.064581829225
-720.8137381358866
-721.6896371810216
-722.4000541043972
-723.9325706260513
-724.9698059150642
-725.7691315905682
-726.5967484144015
-727.7101333583331
-728.1888569543603
-728.8935617301349
-729.961532577317
-730.2681892706905
-730.8441831741256
-732.2297889902004
-733.5594774169232
-734.2705887518658
-734.2165635599173
-734.4688078588764
-735.5689281231032
-736.2751963800301
-737.212083656317
-737.6800229858848
-738.6839026152657
-739.788436433472
-740.8633008168053
-741.9535309699078
-742.6460773092439
-743.5188238899156
-744.5044399196404
-745.4256115041243
-746.191379916883
-746.8237609687429
-747.9474485411384
-748.2699795893727
-749.1731835938757
-750.4265997447392
-751.3483496244473
-753.5278390983151
-753.0936190822447
-755.215630589946
-754.4926645501408
-755.3077551745688
-754.2733148845675
-754.7597215611611
-755.3909508768313
-756.7561511877292
-757.7719579795446
-758.4295337524985
-759.0253581946533
-760.0845194571112
-762.1309005218684
-761.7182684263295
-763.0003362615422
-764.0830077297995
-765.3233159263411
-766.3978227766588
-767.2868045033798
-768.1328183467455
-768.7484783645685
-769.5370204759415
-770.4466753963386
-771.3572336811401
-772.480784666988
-773.2356847686616
-773.7851539626838
-774.9035411314293
-776.9753818374343
-777.6986102642335
-778.5647425884359
-778.9164628518015
-779.7174173546977
-780.5394821667667
-780.877366552311
-781.1746329660016
-781.688735722155
-782.2209711226096
-783.7864885942333
-784.9209539328857
-786.1238377313875
-787.3111042306399
-788.577325129033
-789.3129888164185
-789.9658436068855
-790.6361886937403
-791.5183141750551
-792.2183810299756
-793.0411158595183
-793.824584871592
-794.6637415478154
-795.7817971802363
-797.4820706992307
-798.5545964971795
-799.5535276487498
-800.4627332407005
-801.1764894724066
-801.9891740794501
-803.1212837535636
-803.930536883369
-804.9595978803812
-805.940960423389
-806.3987633548156
-807.270410106027
-808.7989910072063
-809.6501046900811
-810.5280617632108
-812.6226684113415
-813.5378631171927
-814.2772652716878
-814.7526231904742
-814.0246011786704
-814.1159428501265
-813.7113213190822
-814.4186832867593
-815.6513242763169
-816.5514967669602
-817.9187793783015
-818.9013092386858
-820.0204574487959
-821.0889409441874
-822.4603202998782
-823.4601497292433
-824.2909058851747
-825.1473510013856
-826.2110843387193
-827.2416622746878
-827.9847538643678
-829.11255640288
-830.4685653552186
-831.7685330980423
-832.4172518649553
-833.7589119763177
-835.1451764220654
-835.845101167572
-836.9946424680774
-838.3019288191206
-839.4358136382405
-840.5185984476344
-841.0216581134714
-838.2065241851797
-837.6852023345956
-838.6218212248574
-839.5004236376576
-840.3739921860315
-841.6074993324452
-842.9357260149283
-843.8462800863746
-845.229880793397
-846.6253664909652
-847.3575761411711
-848.3132684336707
-849.4710107497585
-850.5987485549426
-851.3748946329237
-852.5377673594047
-853.8686567778061
-855.3214896677524
-856.0621090506419
-857.1566419899193
-858.1466648649629
-859.4159455592777
-860.1756567502645
-860.865567899503
-861.5810383002812
-862.447154121614
-862.1421310515524
-862.9260518582346
-861.7209717014664
-862.6907876724055
-863.9466000003482
-865.0386069967151
-866.6812880819109
-867.5399388696827
-868.6310886644228
-870.020373317838
-871.2158887236349
-872.0167745720183
-872.9309384224879
-874.7302601157227
-875.4280435858949
-876.0776633019505
-877.0408990893677
-878.0081479476004
-879.4374333456803
-880.6213487999022
-881.5705284041417
-882.4801851573893
-883.8470235549645
-884.8250688815069
-886.3725913721071
-887.4155174476762
-888.5116139769667
-887.9684832923992
-889.1198270629155
-889.6038166128515
-890.235327539753
-888.691219812888
-890.9275621071571
-890.5933042865172
-891.9805863308351
-893.4012973974658
-894.487903533353
-895.3926233915529
-896.3640437247044
-897.8846846866896
-899.0256818894502
-899.9989238672354
-901.1594961781475
-902.2707832408114
-903.3526058649369
-904.8279743471169
-905.6469462193993
-906.6138467513948
-907.7324137486333
-908.8268766611551
-910.2016379748724
-911.8020090856056
-912.9555679784646
-913.9907687594812
-914.2127263927874
-915.2955289283356
-915.4567379665461
-912.0491619875869
-915.1066579350153
-917.5803234893734
-915.8195475469039
-917.4758661082533
-917.9590864543534
-919.4261946898949
-920.6301494133033
-921.80995898633
-922.984222563354
-924.0555846119511
-925.3173518051419
-926.4670709700006
-928.1808299609415
-928.6827796366621
-929.6267997952874
-930.6720900156071
-931.7173795440641
-933.2468828026861
-934.3287416946047
-934.6645715339101
-934.1970246553464
-934.6172620115026
-933.0391619745235
-934.2166100733809
-935.3439800918046
-936.4390311131898
-937.848672457824
-938.9996617340599
-940.3868176187134
-941.5456543547583
-942.6332718404784
-943.7230929686182
-944.8037768813634
-945.9319883650143
-946.7446290286113
-948.1438866270336
-949.5193791703232
-950.5778461569641
-951.8305060243829
-952.987206199714
-954.2841154761625
-955.4938612227637
-955.6742096208136
-956.4314861123205
-956.909455075361
-958.0060104908606
-958.7715839861823
-957.3247098812776
-958.4441043068539
-959.5374710146297
-961.145088120758
-962.3962507384505
-963.3046498342188
-964.2353004071
-965.695021503698
-966.9576851258562
-968.1086967475579
-969.1879762931952
-970.261897355258
-971.4130135193174
-972.599707503059
-973.7681991061062
-974.8142183814906
-975.8883408008754
-977.03159549723
-978.5309265638471
-979.9696369197693
-981.0373992044218
-982.230657737344
-983.485180275616
-984.6765922492157
-984.004541358754
-983.3105847688674
-982.1211071454684
-984.266496812558
-984.343681276304
-985.7528134826302
-987.6571263396518
-989.0334454311802
-990.1069382435463
-991.2418081682813
-992.3775444435662
-993.4575563111323
-994.5093614866711
-995.7734591859938
-996.9870301075339
-998.1497568142057
-999.3045782182987
-1000.472347242506
-1001.6626332774791
-1002.7986457964902
-1003.913603467161
-1005.4359765749016
-1007.3091555852361
-1002.1567963068406
-1003.3756727286979
-1004.6341344167199
-1005.7799436872797
-1007.0599256542299
-1008.2359986912663
-1009.3332870403068
-1010.7595616159707
-1011.8167178290211
-1013.00280228329
-1014.2300622945056
-1015.6093149985004
-1016.7318617702118
-1017.8782438104118
-1019.0454725252873
-1020.4223580972975
-1021.7535192213364
-1022.8642586468314
-1024.1896631063662
-1021.402627032903
-1027.2375041688033
-1028.4304066686118
-1025.9648065039496
-1026.8485752811062
-1026.0496565789545
-1027.3480027075225
-1028.6143862211663
-1029.7429947995302
-1030.8627526266291
-1032.0602145244352
-1033.3589510774943
-1034.8239641760392
-1036.0162247911835
-1037.1881936675147
-1038.3528317290159
-1039.6042763549297
-1040.8533179681958
-1041.7687235221879
-1043.2942516477037
-1044.6506262491555
-1045.9170706258967
-1047.0638322491427
-1047.1373230619968
-1047.8615789352
-1050.801644208288
-1049.588542381247
-1049.8692796694677
-1048.9445553729581
-1050.2718727297752
-1051.4657893753567
-1052.7904825915177
-1053.997678262065
-1055.1471296430916
-1056.3183717915085
-1057.784810342792
-1058.8914579617178
-1060.0633544529903
-1061.1127492841604
-1062.8409773139363
-1064.1713643689668
-1065.3516417414703
-1066.1274099153907
-1067.1891431080767
-1069.155305618605
-1069.7371034510552
-1071.65982870722
-1073.0593917493013
-1070.881524601921
-1071.2700642858283
-1072.5365035480083
-1072.5877233391288
-1073.4678196084133
-1074.8544603436899
-1076.1235534868938
-1077.403679949954
-1078.59534003517
-1079.9938815264743
-1081.358943507312
-1082.5051148936193
-1084.1006957584125
-1085.319918296442
-1086.6565686203558
-1087.9923387305662
-1088.8231051565995
-1090.0012153058638
-1091.2445662002128
-1092.2175544453917
-1094.4781685681187
-1095.7521212268211
-1097.1930860697632
-1093.3650376239348
-1093.5502702171711
-1094.7857505494248
-1096.1654319952052
-1097.3016098611247
-1098.579603355676
-1099.8462636651855
-1100.916960930452
-1102.265351599079
-1103.6215212305726
-1104.8883514100353
-1105.850995582394
-1107.6599795336836
-1108.9957047797268
-1110.2044149367437
-1110.9698929866063
-1113.159758712777
-1107.9881260033576
-1112.4945443674399
-1111.5332559033247
-1112.4418280349635
-1113.59158258963
-1115.0905849852982
-1116.472747456366
-1117.7482269817367
-1118.7866091833414
-1120.148120879401
-1121.5817750312742
-1122.9323655982803
-1124.0065387362547
-1125.1309834756626
-1126.5335538864877
-1127.8347945308906
-1128.724439052786
-1129.8907123431609
-1130.4019000006938
-1133.2012387890454
-1129.2400517469878
-1130.0357883335876
-1132.206761724356
-1133.3477221191686
-1134.5290267369803
-1135.8671312824524
-1137.29576579652
-1138.4040062340769
-1139.3917326334742
-1140.6272712565647
-1141.7373940001378
-1143.0756165391394
-1144.746931745542
-1145.8917344784795
-1147.2734391281394
-1148.5573604831666
-1150.330468987909
-1151.7682500212918
-1153.1467829754297
-1154.465021791873
-1153.9512001592464
-1153.4809455545671
-1151.853522247505
-1153.2932652994523
-1154.6938359845753
-1156.0789938831313
-1157.5021598199662
-1158.9660993985158
-1160.3936895563256
-1161.8369368055967
-1163.3985467255407
-1164.8647524577914
-1165.7937109620082
-1166.9544102635045
-1168.205604277655
-1169.578091110223
-1171.014737627236
-1172.7091801826205
-1174.1178183494944
-1175.455673825577
-1176.8735198700367
-1171.9556947344677
-1173.0387950910879
-1174.1674080127777
-1175.885162902885
-1177.2730573344015
-1178.5791017734934
-1180.119748543311
-1181.565456162186
-1182.8930385141666
-1184.2767584194933
-1185.525319204643
-1186.7533703829386
-1187.7330176082341
-1189.1715000535758
-1190.3330974238086
-1191.8564209046506
-1191.1223588892112
-1190.213761815814
-1191.404488435325
-1192.34896738103
-1193.2825484335376
-1194.3732560962098
-1195.873205197906
-1197.3019418782346
-1198.7610976003289
-1200.1852443580715
-1201.5618277612757
-1203.050038532518
-1204.3032384058702
-1205.3016956772276
-1206.6497290323684
-1208.4796261290905
-1209.1076839404448
-1210.1348053605777
-1209.271696450147
-1208.1865353185847
-1210.25963235145
-1211.5898737178072
-1213.2759747374225
-1214.0091521385375
-1215.0088820049705
-1216.5039617184595
-1218.0007417092793
-1219.2650347188423
-1220.3258163598148
-1221.8203973321793
-1223.3595763777805
-1224.899498290075
-1226.3947706604172
-1227.9675466518877
-1229.4352951524047
-1230.485922160187
-1231.7007101441359
-1232.8724537006678
-1230.1208064344494
-1230.0509774936818
-1231.51415423532
-1233.4124839874655
-1233.9765558314716
-1235.3281144881123
-1236.9675389705349
-1238.4516438252238
-1239.9560978870516
-1241.4882939724066
-1242.557004448954
-1243.6462756358208
-1245.2212306375286
-1246.7459842299802
-1248.301285633366
-1250.0140970284235
-1251.0776412343432
-1252.37157871724
-1252.263512723769
-1249.0754906148754
-1250.6810526271308
-1252.2035084042107
-1253.9070028475398
-1255.3278369270872
-1256.2347721022097
-1257.6709156496242
-1259.2337843388927
-1260.6790087738752
-1262.2885673381597
-1263.3681229541353
-1264.6590895546901
-1265.9900230583141
-1267.2550460185337
-1263.7199396332308
-1267.2598582984087
-1269.065263506328
-1269.8839746969081
-1269.790230582799
-1270.2663602708467
-1271.8432505813944
-1272.9825606377428
-1274.169013573192
-1275.779590511323
-1277.3521212388089
-1278.9472254100867
-1280.4348267678615
-1281.5359912982808
-1282.9324686015764
-1284.440922137836
-1285.9425203919225
-1286.4844308216032
-1287.0534306873417
-1285.025487735493
-1287.4658823298444
-1288.0539809058753
-1289.3240721981736
-1290.2463759883944
-1291.1207962479439
-1293.3341038901522
-1294.836440525247
-1296.0300942424037
-1297.4875550414624
-1298.518558447162
-1299.571223774517
-1300.9926092249298
-1302.227840252534
-1304.0775819377793
-1304.903079291
-1305.6665148536656
-1307.7188145592916
-1307.9237308874967
-1308.320812392125
-1309.1399082628204
-1310.382355758223
-1311.225299083618
-1312.1978940659824
-1313.3417291510193
-1314.2901952744614
-1315.4928151720796
-1316.8076106136384
-1318.3253998995915
-1319.527336101573
-1320.8040663157162
-1322.43970442585
-1323.4152064584878
-1325.6785133235899
-1326.6559679158836
-1326.3522072340072
-1327.640097413779
-1327.4758562048205
-1331.4344372457595
-1330.9175898788285
-1335.5645281994812
-1333.343290901787
-1333.0824392111538
-1334.4543141789602
-1335.4990239626002
-1336.9493699240531
-1338.5559087984132
-1340.182026613707
-1341.2753921679625
-1342.6981040753356
-1343.773331853033
-1345.9289594950774
-1347.0934536208251
-1348.4032221750526
-1348.729242423945
-1345.5596771916514
-1347.2412065842384
-1349.6988814839299
-1350.1825783473391
-1351.4450911087008
-1353.1281834583563
-1354.3119272838373
-1355.6629498208836
-1357.1882006615754
-1358.9149304054918
-1360.2544293458393
-1361.3790078113898
-1362.964487681758
-1364.5645887001108
-1366.0371043642035
-1366.8299568479097
-1366.5992744865157
-1364.707043191015
-1366.4212158741238
-1367.7245805291116
-1369.085828468632
-1370.784151628743
-1372.4484327259981
-1373.7665461419651
-1374.989790098565
-1376.6759690476997
-1378.648913559799
-1379.7357974268807
-1380.568093375617
-1381.8673050142288
-1382.2702696351105
-1383.5543769068297
-1383.4395980048414
-1384.1447652839245
-1385.1686008877018
-1386.1091008553153
-1387.4638548511805
-1389.2803750961189
-1390.91372776643
-1392.080380905154
-1393.4079610841375
-1395.0198817155717
-1396.0418260589593
-1397.5866582688896
-1399.8956936163565
-1401.6233684277722
-1402.8004051926707
-1403.521028383784
-1403.0445456528716
-1402.7549962014848
-1403.9616012917054
-1404.7180241134388
-1406.344186061069
-1407.9664580607266
-1409.3365049416857
-1410.4225446729802
-1412.482621940008
-1413.7145769937692
-1414.9165719396565
-1416.6177647663596
-1418.202907296097
-1419.8664738198368
-1421.3968182973558
-1416.944775669396
-1418.9653063284297
-1420.4645096464794
-1421.7671738544582
-1423.6293348225274
-1424.921570634551
-1426.2896515763698
-1428.0930495586836
-1429.8465324482931
-1431.0237021831863
-1432.667126886476
-1434.5869222195206
-1433.8398102693302
-1431.0535101394473
-1432.9295631204197
-1434.939897972138
-1436.457521077166
-1437.5693590168682
-1439.2632252251608
-1440.600990029573
-1442.0260522280614
-1443.8364336443317
-1445.7708570052284
-1446.4357883342864
-1448.6307672402136
-1445.3364136200425
-1446.565346097695
-1447.9519886163616
-1449.447324712905
-1451.2091621601116
-1452.3960070313926
-1453.7724620413767
-1455.5211509655937
-1456.9098571414818
-1458.340695213709
-1460.158166597553
-1461.418451292343
-1462.8594345385516
-1463.6537876348748
-1464.7164404217015
-1465.0662670808622
-1463.249027883071
-1465.104947511275
-1466.661302038345
-1468.3465577600862
-1470.18477227262
-1471.4077693340737
-1472.9523198734094
-1474.7458440316427
-1476.0085834788258
-1477.2627940933035
-1479.0998605819607
-1480.959278704732
-1481.6965172325217
-1483.177895749864
-1485.9294474697747
-1482.6151241837365
-1482.3056607356525
-1484.2489213471445
-1486.5907835986732
-1487.1779911506017
-1489.1343899544809
-1490.5936457752177
-1492.1295230587261
-1493.9263744326618
-1495.2207313847468
-1496.7745497041442
-1498.5978870830843
-1500.0299484748086
-1501.0457573977285
-1497.0519492233304
-1498.8889331252992
-1501.5269402483798
-1502.2607173819329
-1504.1009434204825
-1505.4064376045562
-1506.8528851148453
-1508.5767397515192
-1509.961179470564
-1511.422058620217
-1513.3308306884512
-1514.132405039051
-1515.7823461596247
-1516.2706898029871
-1516.2516026346207
-1515.9123678712385
-1517.032631766426
-1518.574546904547
-1520.2094104505154
-1522.0071651784153
-1523.5415681720826
-1524.8242345360432
-1526.692858576701
-1528.205778005823
-1529.7050426568799
-1531.548255973601
-1531.4635399700317
-1532.2086812671334
-1531.5296684329655
-1533.0735528493246
-1534.2567864885139
-1535.9823692555408
-1536.7439242361577
-1538.754508278992
-1540.1600077107157
-1541.4803617842376
-1543.159287811862
-1544.2618091062486
-1545.5237935332261
-1547.0519455614753
-1548.3178027308863
-1549.9016102781584
-1551.043324860883
-1551.3191696807685
-1552.563792987717
-1553.6531613548552
-1555.2713533581652
-1557.0401739533374
-1557.3933433712946
-1558.0383460543085
-1559.1981583402435
-1560.4362325347129
-1561.6139299438719
-1562.700486086972
-1563.8144395947168
-1565.2081515713678
-1566.928950777683
-1568.6536915435788
-1570.21700619503
-1571.5009555031506
-1572.1049166340838
-1573.143417996326
-1576.1209933709083
-1578.0314077732469
-1574.0986011781745
-1575.6176483897402
-1577.1679058278758
-1579.0865743266654
-1580.5950993139982
-1582.0963307475402
-1584.0840168390075
-1585.4725320012017
-1587.3065402402603
-1588.8085565210333
-1590.3733552742917
-1586.3619267282818
-1587.696727657036
-1589.3342217686575
-1591.2696845212593
-1592.9312850453582
-1594.503348852343
-1595.78976265279
-1597.45623679976
-1599.5239329628273
-1600.999933789249
-1602.4784505569532
-1604.4199776635337
-1604.7618753895063
-1607.6493544199147
-1606.2301411219153
-1605.45249420023
-1606.8477272901912
-1608.3252756527024
-1609.942738570893
-1611.6495633534494
-1613.1001842417731
-1615.1628826417973
-1616.5509598073752
-1618.200775806982
-1620.3014143782937
-1621.8411918551349
-1622.2741518914997
-1619.21479368995
-1620.3839403715097
-1622.7946824949108
-1624.67251457987
-1626.261052411435
-1627.16703824027
-1628.7612777653242
-1630.694714854936
-1632.1814396721568
-1633.7715826480094
-1634.7554317759664
-1636.7418791443595
-1637.791845651522
-1639.974916938087
-1642.0719150887578
-1640.4057119787476
-1641.3583118367628
-1641.3184521130222
-1643.1346073722407
-1644.3148729049913
-1646.1441627899978
-1647.468819713871
-1649.5874864621028
-1651.0689330661842
-1652.7274311625201
-1653.3356992301638
-1654.4639190501734
-1651.7054117887512
-1655.7005309602066
-1655.4003831277298
-1657.9981102673992
-1658.7337969331547
-1660.5093567028127
-1662.1573028375585
-1663.6569391416367
-1665.0508257341016
-1666.7878806287272
-1668.886720510991
-1669.3216991864692
-1672.120269883388
-1671.6163034082151
-1671.7831453238382
-1670.8832734192492
-1672.1377705902412
-1674.68261195541
-1676.6846900047617
-1677.6193216290683
-1679.1371893990145
-1680.56220482218
-1682.6228904673744
-1684.3658789490191
-1685.6352938862558
-1686.6375953238075
-1689.2947818226035
-1690.8056115411925
-1689.3917584923286
-1688.6968029405466
-1690.3031406253965
-1691.9882835456792
-1693.6504666056042
-1695.0595643604913
-1696.7238182294332
-1698.5023439191195
-1700.6472141106813
-1702.1296077346885
-1703.4081825842566
-1704.101657756925
-1704.9137477762986
-1706.2418083073273
-1704.3534642792622
-1706.9096102309197
-1708.2653478220502
-1709.8429547314029
-1711.520018896861
-1713.1553141225609
-1714.685922639036
-1716.371669154266
-1718.4911187570347
-1720.3839331928425
-1722.098618060122
-1722.5320531828193
-1719.2866349429635
-1721.0209376712246
-1722.8558811757637
-1724.8780437470925
-1726.6502058601125
-1728.1918623284407
-1729.971140469759
-1731.6629169991038
-1733.3115519582984
-1734.9205476481006
-1735.6278109676468
-1736.4867012094517
-1734.749214725115
-1736.7913450074057
-1738.4733794555968
-1739.6024462016292
-1741.330296676735
-1742.9332415202232
-1744.5899002417061
-1746.2404601540995
-1747.9012771751206
-1749.3090122811948
-1751.252046596926
-1753.6421061126946
-1749.0391025078757
-1750.8500785674057
-1752.4634427134
-1754.1891690088216
-1756.016862966175
-1757.646812965125
-1759.3230995912102
-1760.9614422199209
-1762.778637955603
-1764.4413688964505
-1765.7161215501933
-1762.366812899592
-1764.141032693292
-1766.738302776822
-1767.9081908052688
-1769.3296884788151
-1771.005909105857
-1773.2281955471012
-1774.4374334107035
-1776.1765523937177
-1777.829224517358
-1779.9876490821239
-1780.065580274446
-1781.4209752218176
-1781.7441687327948
-1780.772175911084
-1782.8230536038939
-1784.9651328895754
-1786.3913410689431
-1788.2590060819307
-1789.894026068733
-1791.520228727498
-1793.1739950357044
-1794.8894208119732
-1795.8152525826665
-1797.2327157686354
-1798.0493941977768
-1801.9290780309022
-1798.0458659748763
-1799.9569222601574
-1801.5641435919636
-1803.776952475524
-1805.0218018002636
-1806.8546256159939
-1808.3981548371669
-1809.6158418546229
-1810.8178687753702
-1813.765989330341
-1815.8659005170514
-1811.4410044540919
-1812.8648830381997
-1815.2851725402606
-1816.4904257856015
-1818.8335228427782
-1820.2105557373145
-1821.8896423534202
-1823.6728513295084
-1825.2645340238234
-1826.4088031703727
-1827.8369402700357
-1828.0081234488664
-1830.413927401265
-1833.2982987786636
-1830.644618675281
-1832.4055655685288
-1834.1171316738853
-1835.9431645581506
-1837.2464127374699
-1838.5033218568283
-1839.9520607389118
-1840.7141994115018
-1842.0412851679741
-1843.021396553965
-1843.4938130533926
-1845.370093707946
-1847.255250993834
-1848.7119641907411
-1850.1727692605534
-1851.6839606827525
-1853.4619461802217
-1854.6368718660806
-1855.1657103026173
-1855.718574487857
-1856.5681437939475
-1858.6886804924757
-1860.3605985759345
-1862.122861032645
-1863.6634170411496
-1864.8011500956177
-1867.150800346473
-1867.484223200261
-1867.7089562118604
-1868.0026745508617
-1869.4094405835708
-1871.4708581295406
-1873.1449656572465
-1874.8713570685204
-1876.4996256332324
-1878.4606506061825
-1880.3633166782163
-1882.0541176071129
-1880.8037187905488
-1880.1161989298448
-1881.5559633809132
-1883.423670215504
-1885.0539573099372
-1886.9652772342404
-1888.8440519649566
-1890.6859303822603
-1892.5084303198764
-1893.835148862784
-1895.6254130222835
-1898.0237342682499
-1899.3174733164446
-1897.9157111103543
-1896.9607521952314
-1898.7625608066874
-1901.1983709979156
-1902.7386812631735
-1904.5394097335823
-1906.4293869076162
-1907.4974099440406
-1910.1560857860923
-1912.027755078561
-1912.2295408045075
-1911.7058704530443
-1911.7675525178154
-1913.750064762083
-1915.1536841906461
-1917.1007590115653
-1918.9564395216123
-1920.8391481148176
-1922.7458731970228
-1924.7188618639043
-1920.3553495687452
-1925.3074820907864
-1925.2910618418944
-1926.7098530085837
-1927.3231513507956
-1929.17407095702
-1931.307417601196
-1932.9951082919201
-1934.8562262434477
-1936.7799275125215
-1938.7941800672381
-1940.6816599864678
-1942.6426957114304
-1938.4389753861399
-1940.2604008573148
-1942.3729650655039
-1944.397891536362
-1946.0876946764222
-1947.9109359437962
-1949.144863232803
-1951.0398048932375
-1952.9530305368112
-1954.8635798551727
-1956.1785277421582
-1958.6788747146609
-1956.6540672642623
-1956.2107757522267
-1958.196145557367
-1960.2037997387135
-1962.1246935306524
-1963.9984478439337
-1965.7135206406772
-1967.057077102052
-1969.1375232160867
-1971.0353300069557
-1972.5933925409915
-1968.8001350553648
-1971.1127791029644
-1973.3224999001886
-1974.6231234817012
-1976.4380379477907
-1978.298010119864
-1980.2913977950093
-1981.5885135054539
-1983.558642106459
-1985.2494307271154
-1987.50376574526
-1989.5053404020734
-1985.6792306120233
-1987.2071585244753
-1989.207567772217
-1991.08371345976
-1992.9524725387178
-1994.823828665234
-1996.22161163705
-1998.3283226859223
-2000.234066310081
-2001.5635826073767
-1997.9067394752515
-2000.0427293331168
-2002.3641030568904
-2004.048932131354
-2005.9806729347476
-2007.205802763871
-2009.1965277941943
-2011.0521442318295
-2012.835947175479
-2014.886543607556
-2015.5701615373703
-2018.0082601798906
-2014.836973376298
-2016.952482232351
-2018.2648280377373
-2020.357676448734
-2022.119984321435
-2023.9117055324011
-2025.9025944073712
-2027.9154374259915
-2029.86642585237
-2031.1531394756641
-2032.1051483878873
-2029.4601788004527
-2031.2938272793826
-2033.4221095544142
-2035.3363784487192
-2037.2418070513083
-2039.1839175633997
-2041.1357753420698
-2042.16061467683
-2044.22740478521
-2045.4441063941426
-2048.4249349672905
-2045.884417444508
-2046.3149512890975
-2048.3569239927633
-2050.109878042444
-2051.709530805845
-2053.874834149978
-2055.60020714165
-2056.610460218481
-2059.0789161103394
-2060.5331679188926
-2057.4837895922897
-2059.1761281698055
-2062.1724733901397
-2063.2895619498913
-2065.546494628181
-2066.6439463815223
-2068.564127890169
-2070.5773237164794
-2072.5608691652014
-2072.5987518534134
-2073.2083042409467
-2075.054187186469
-2076.3293881016552
-2076.040702553476
-2078.083158085125
-2080.2141892814166
-2082.0257517844925
-2083.342591054274
-2085.236106689011
-2087.3061644284085
-2089.464355994016
-2089.1988867395935
-2087.4831156115006
-2089.65562386886
-2091.0251039258023
-2093.1043757312664
-2095.078527048689
-2097.0373538874346
-2099.158483192064
-2100.495015033257
-2102.5683961765417
-2104.634572054816
-2106.7558834633755
-2108.1638992960266
-2104.0634758466435
-2106.2309321542593
-2108.4829904845496
-2110.236946222294
-2112.26200333814
-2113.727556476261
-2115.2134048167386
-2117.9576669346015
-2120.081418641506
-2116.7326911391674
-2118.1318225616888
-2120.2715497690083
-2121.740126615743
-2123.9018029221606
-2125.913713085853
-2127.9313179436886
-2130.0712343118457
-2130.93380845001
-2128.1915298247095
-2132.3958248139847
-2137.7974895662323
-2134.7773071614906
-2135.38297681657
-2137.561271548411
-2139.493625414638
-2140.830204494069
-2142.7260024342004
-2145.0086288969665
-2147.261581302681
-2147.2376185613134
-2147.408488863254
-2146.99350450824
-2149.2866219244047
-2151.2250665031825
-2153.322759574165
-2154.6278055784956
-2156.6722534295154
-2158.763072483738
-2156.2999746970645
-2157.4410872168173
-2160.9409054448065
-2161.210469859069
-2162.910375111726
-2165.0552784873844
-2167.1569165412893
-2168.5850225261306
-2170.2525503457236
-2172.5354008081886
-2173.9827340922507
-2176.303731648115
-2175.08092117075
-2174.5959092535604
-2176.745976120241
-2179.9474135977925
-2180.1671152118847
-2182.213758919753
-2184.348254602611
-2186.411939662036
-2187.752640173418
-2188.650938281406
-2187.815495887373
-2190.6215522818547
-2195.019320592278
-2193.1811053003908
-2194.558082034139
-2196.6233070229378
-2198.189298398822
-2200.092154824809
-2201.30101451648
-2202.7884942236783
-2206.2678016370905
-2203.7295064686664
-2204.545906705958
-2206.6200885768335
-2208.0545643797627
-2210.180095047279
-2212.3044164018675
-2213.7485252407705
-2216.0481154712134
-2218.2694069623503
-2217.0239611224697
-2217.0540330845647
-2219.4225416922454
-2220.586886271554
-2222.7081607458917
-2224.1752295805572
-2226.4180765510678
-2228.71546914306
-2227.9466484921877
-2229.394028225639
-2230.636487752737
-2231.319093775834
-2233.4959095683075
-2235.029616011091
-2237.0478786552026
-2239.449946416004
-2239.133292234975
-2237.788418826661
-2242.4773532197964
-2243.506702504754
-2244.434796604022
-2245.839569990927
-2247.7695802667317
-2249.980992662538
-2250.914084978083
-2251.9750513783497
-2253.090318913325
-2256.2485657583647
-2256.4057449265893
-2257.524905447722
-2258.569297484674
-2260.715328821045
-2261.9863444177768
-2263.823975890491
-2265.4114619668585
-2267.653048688008
-2269.640090818224
-2267.5931972781746
-2268.4814541096844
-2270.815283191955
-2272.776892257147
-2274.3797229277025
-2276.374902995565
-2278.5555656268625
-2280.0746758938135
-2282.0457585720233
-2281.192863809172
-2286.2611642471056
-2282.3058424108403
-2284.76951951793
-2287.1634944603097
-2289.4064276895983
-2290.86456135113
-2293.11872583984
-2294.795750956327
-2297.0557827914786
-2299.5595689137676
-2295.5972433416205
-2297.2662229665398
-2299.75349556762
-2302.021214475797
-2303.5524258502182
-2305.922321499535
-2308.2195807510325
-2309.7325567079997
-2305.7988182993213
-2308.237118515362
-2310.3233586431083
-2312.234535413439
-2314.432872023029
-2316.116904397802
-2318.3735090640207
-2320.7246791563116
-2322.3337865210683
-2318.3997870786584
-2321.5053511761885
-2322.906408769043
-2324.6716323527503
-2327.0790016236724
-2328.6230341337528
-2330.883639763909
-2333.2363935740514
-2334.8050535774787
-2337.2016720294505
-2339.5836505264997
-2334.8605898739147
-2337.2772034994355
-2339.9004984193034
-2341.2455874872394
-2343.565354251292
-2345.765279331572
-2347.485023295067
-2349.7942485814124
-2345.9565619529085
-2347.5628189976787
-2354.0895524302814
-2352.242141119478
-2353.790857601503
-2356.137164682902
-2358.5472750423587
-2360.126253573631
-2360.4665924757855
-2360.2792697377536
-2366.5534073348845
-2363.6836955660733
-2365.2214496472166
-2367.2780550696766
-2369.20171603106
-2371.322649134646
-2373.0602621202765
-2374.329956656676
-2377.817561649356
-2377.0615511594397
-2375.484788975511
-2378.436642672752
-2379.6787603410585
-2382.1132208542817
-2384.344283532879
-2385.962973661098
-2388.3055137390816
-2388.9368657955642
-2386.1174525488236
-2393.680394589697
-2396.1535749957566
-2392.306234347782
-2393.9158065720894
-2396.3712040588725
-2398.8998121213435
-2400.28603724159
-2399.477197959515
-2405.3618425124014
-2406.94185829131
-2403.085433321997
-2405.566994252689
-2407.1510391230936
-2409.5630480219497
-2411.9614627418273
-2413.583311242475
-2416.075281694429
-2418.4642559901376
-2413.9739066369316
-2415.577050606545
-2424.2657008847573
-2420.9030182075203
-2421.975719359348
-2424.48747068982
-2426.9881126541154
-2428.628846493874
-2424.9933864268987
-2429.4836139552226
-2433.826950118366
-2432.2710039479775
-2434.179360504376
-2435.899618496678
-2437.3972294790397
-2439.4509551446745
-2441.0517882892896
-2443.897291944167
-2446.369358865106
-2442.5977614194458
-2444.210648784812
-2448.7124403465887
-2449.2220056585725
-2450.823164626194
-2452.5324883953317
-2455.1279443840554
-2457.492516868793
-2457.3667719435116
-2455.4656423213314
-2461.2657110716978
-2459.92347430094
-2461.948222413479
-2464.267902491057
-2466.5120902783287
-2467.569541686745
-2465.9616984235195
-2469.448822912954
-2474.835677191994
-2472.0005811068622
-2473.8179153610117
-2475.684945472586
-2478.2275150069145
-2479.309546666326
-2477.876344516121
-2483.8141759743353
-2486.436257517411
-2482.8388512163583
-2484.2984433202278
-2491.753168157809
-2489.602717236989
-2491.127736830983
-2491.0816391548337
-2495.912213117047
-2494.1484627179366
-2494.112946447288
-2496.887574401369
-2499.1903587377114
-2500.873098936157
-2502.589433748693
-2505.168176239824
-2507.7341512940598
-2503.8068913946536
-2505.6660241353916
-2508.3311064639884
-2510.024058455291
-2511.786595224824
-2514.310585908228
-2516.9583102492197
-2518.684979144849
-2515.0071476011053
-2517.6503068725506
-2524.1016499703783
-2521.3026547220215
-2523.60011447569
-2525.9991595705915
-2527.9010987160577
-2530.1134253979913
-2527.0103509922224
-2531.413563747586
-2535.6019898962327
-2533.5855302322125
-2535.7037591018607
-2537.640058193591
-2540.113274250427
-2540.9947893618632
-2538.3480240060567
-2546.238203179063
-2542.9430871259524
-2545.1246687859916
-2547.21450996756
-2548.6875614910314
-2551.352167459548
-2553.136996676325
-2555.5695491121523
-2558.1303004374017
-2554.566755019641
-2556.2396693628875
-2564.227684585678
-2560.5501752104806
-2563.124366241675
-2564.872225972984
-2566.6488938744196
-2569.2261291588484
-2565.6154149826802
-2567.330486774143
-2576.207949898412
-2573.204174240722
-2574.284844987041
-2576.0610608167817
-2578.632482606635
-2580.0721643694633
-2576.8343800087055
-2584.8482128825935
-2587.4756794046925
-2583.9291461354046
-2585.6310856435102
-2587.865175474799
-2590.0374743908824
-2592.142487072716
-2593.31622401712
-2597.1615922308574
-2595.0891384294773
-2595.3964547089754
-2601.678262285993
-2600.778762631975
-2602.0754727416947
-2603.8371055123125
-2606.106381611212
-2608.7328422358287
-2605.3992200357497
-2607.02272389304
-2614.4679165825023
-2611.9849532473822
-2614.0060048102664
-2615.9190290748247
-2617.7188443129576
-2619.1722231647354
-2616.990109962983
-2624.35131532767
