0.10846205409029624
0.6275636646941639
2.6555305280229984
0.03515461200863407
-0.11703133149899961
0.21640139480899437
2.0468417157857415
3.6672085852515792
-1.924853649883831
-0.3185269415431917
-0.2448089774384565
-4.247671367434461
-3.88852544741023
-2.177498071819155
-2.3875356460135175
-2.4330066816243536
-3.0900051454920723
-2.997029221225044
-0.3091219908843653
0.24801203224185314
-3.0360100067337705
-2.4005920556234743
-3.036385487086461
-3.375581980166377
-2.451315330750953
-2.105330763338658
-2.22037434153576
-2.4754952970412525
-2.4659956599151767
-2.1817182314678836
-2.128936194738459
-2.2237084738654507
-2.1143854879398285
-2.290728993452736
-2.062308639162277
-2.2641676375703765
-2.562764351862789
-2.4271910609928344
-2.2482775411919276
-2.3084793128821994
-2.525937619004607
-2.5243316352274148
-2.3646848309809707
-2.285955364679853
-2.391493765999929
-2.4806008917059286
-2.3758455169303443
-2.2595249684040333
-2.348148070083651
-2.470632320977712
-2.407072659088564
-2.2851522005502347
-2.30245993687658
-2.410660990733176
-2.3896562775193337
-2.3116681750163544
-2.3456205363635947
-2.4844182228800267
-2.439892140259112
-2.3151670502450887
-2.3778270060049884
-2.4461991343907443
-2.426223550103
-2.2384372545457984
-2.2262368965836634
-2.4756325834378545
-2.5290554748797955
-2.362175847406508
-2.133826181252318
-2.304661243762032
-2.4744586838839613
-2.383791120274387
-2.0724358718955758
-2.3894341817613056
-2.494205635963052
-2.5412312818325935
-2.4425776764650857
-2.3589832491573364
-2.5322340119686335
-2.6515845260649273
-2.5200228855317466
-2.395332091768641
-2.425171508553156
-2.471997617459668
-2.4633175532046483
-2.3353421951710898
-2.340258341373427
-2.4245224531465226
-2.487266852856992
-2.5017569393433794
-2.3893493659345215
-2.4781835652245707
-2.4466437835200443
-2.4471773341869896
-2.5218912443148733
-2.7308771723651675
-2.6000596656203983
-2.599188191239602
-2.639102038689692
-2.7543710140149873
-2.7403540200198107
-2.47208794248963
-2.693825628321838
-2.922922309283373
-2.6719459853973277
-3.033976348148954
-3.1863631756641224
-2.5480301127495695
-3.218627387322081
-2.7746511887019745
-2.7521944254408806
-2.8586457139158843
-2.9564957989618064
-2.7745132686248763
-2.743300026796324
-2.8035288044725473
-2.787878319696434
-2.832636028772864
-2.873361875328702
-2.9209875153845695
-2.789624320499756
-2.8312371594566184
-2.940792202180165
-2.9755043979663904
-2.9407300731630257
-2.9524580193451158
-2.951577193553218
-2.975211900239592
-3.030004418804374
-3.100205833222314
-3.0930018873400975
-3.1267870523232717
-3.2405290131168893
-3.2958178402564835
-3.2744133123243513
-3.2391199201001597
-3.267820692691629
-3.31766853182176
-3.305445105874635
-3.230628856428978
-3.2273232772021387
-3.2468578724362933
-3.176971276765009
-3.2860810181625943
-3.348374537899909
-3.3821862670393714
-3.4263971736841246
-3.4480901549610845
-3.459648386617685
-3.586194350404633
-3.5908234496930276
-3.424374370956415
-3.4250652540384308
-3.4778288917696005
-3.5090937871651287
-3.486924260214358
-3.5071768909257113
-3.6955895556085108
-3.7376347086199293
-3.7042864474987063
-3.7119264013649897
-3.84911803779775
-3.9442142804625973
-3.8867122201905313
-3.812907347831347
-4.10216934814681
-4.212210039505833
-10.483025735636406
-10.19499981074256
-3.998109876836246
-4.165399507668415
-4.132582089958004
-4.0823574255707475
-4.305386765456746
-4.295505152486033
-4.521853901214968
-4.289642151192295
-4.229353811523242
-4.460922115349047
-4.6888812644381215
-4.634364137529521
-10.658637587838797
-10.752878459857012
-10.867916730300578
-12.529986288190493
-4.759719248668742
-4.857131625685241
-4.975021674995572
-11.172622269637055
-11.104914297309989
-11.218430077564534
-11.13025218471164
-4.948494104552123
-4.434524068682252
-4.457057972013358
-11.192402010188971
-11.249174059524659
-11.147356178923896
-10.950372575121765
-4.831471747445961
-4.98763539408401
-4.899281209108205
-4.796928435556817
-4.929443709919989
-11.790489129485428
-11.332936303020476
-11.253166203025458
-11.33769682345402
-11.482850998957982
-11.852318419101943
-11.625316476515158
-11.651506632359391
-12.14917512495534
-12.025041409350452
-11.986785148341523
-11.71197811218298
-11.81742187594794
-11.938647497002929
-11.968208227190933
-12.0083217848615
-12.049261426033386
-12.120459779914983
-12.182086623894385
-12.189590296637778
-12.10691989575876
-12.083124528829167
-12.127324514684702
-12.127946445063495
-12.26244074726336
-12.443414558499116
-12.651706493114508
-12.962422110835876
-12.93864844749335
-12.37618933808385
-12.004911596844506
-12.184193714532956
-12.3616334007157
-12.351594215143214
-12.58426611047322
-12.885789877271332
-13.205671180186494
-13.586428774193148
-14.04983230043822
-13.988702956979091
-15.075980073346248
-16.990443905838426
-11.394655747453669
-11.962044601085784
-12.418639839451973
-12.7435412152784
-13.098161275778049
-13.571677801186189
-14.108985200810089
-14.630542703151471
-15.078654520279944
-15.687358023767466
-10.17012918926336
-11.237107186445664
-11.899530797112455
-13.02203714452748
-12.889235945518118
-13.419757832961567
-13.917215724888221
-14.373848873243459
-14.799132842022933
-14.939147666994671
-15.296197070430464
-16.0276948107563
-17.614082979689332
-18.675784360225784
-19.059765063128715
-19.592021853837245
-19.707320741201073
-20.152429291656244
-19.343825502516832
-19.47171809361798
-19.71857089907025
-20.08388882468804
-20.50014275050622
-20.93561223212783
-21.30665692980753
-21.69086917717941
-22.155049009293684
-22.782794002393697
-23.591775373694226
-24.23111895671194
-18.63966794742298
-19.74222176375867
-20.180350609465705
-20.505911036994473
-20.65160479520758
-20.556345841512588
-20.272133888610874
-20.56793850081787
-20.784901324740357
-21.10392756204234
-21.49262652185282
-22.018355628242237
-22.397965638927978
-22.916090882801484
-23.357229523104216
-23.780116500796137
-24.302421082701233
-19.15082484580411
-21.541619015604958
-22.27520877147433
-23.114319194502265
-25.400294881596338
-26.183945117812037
-20.45922309568793
-20.87991327613708
-21.24900729419344
-21.710865716918107
-22.16332274754392
-22.68583301568675
-23.088794887949717
-23.339516015599475
-23.329977630626438
-23.17556002527611
-23.220015902628894
-23.361415077658226
-23.675919979735507
-24.156091183919052
-24.717927483316842
-24.572406969812217
-26.371854080548633
-27.071649967193125
-27.607312290563957
-28.261804527697723
-28.555547174029204
-28.715586562989643
-29.305714598348967
-28.19323457268251
-28.65383765736249
-29.012291842084313
-29.37223501466795
-29.75000714562464
-30.087290012681265
-30.446724635714894
-30.86225023363423
-31.35448884768842
-31.065898953861975
-30.76056303468424
-30.972503170838515
-31.432755842524813
-32.07474056023471
-32.50043976779537
-32.8633607983056
-33.5709389122992
-28.054363169261045
-28.783843816404726
-29.223769122187463
-31.799659007270737
-34.92421396759415
-28.973175739069926
-29.227936355027605
-29.511208834748157
-29.901500087008223
-30.510937240943097
-31.04360976121993
-31.447489810918945
-31.57802010765138
-31.60854835541804
-31.448310257975194
-31.567238032552606
-31.836339901561583
-32.353861576517716
-32.69879924589772
-33.13307954420148
-33.828689429850655
-31.043518552993714
-32.96804066752143
-33.55448938430268
-33.80556052667301
-34.43979045150593
-34.80277932557554
-35.21916935773341
-35.81048674201547
-36.4351238790848
-36.8791924154988
-37.192354135340196
-39.5335153701151
-36.973797764497945
-36.9568963066853
-37.34742979095946
-37.79686652202849
-38.181657564582345
-38.54157207790049
-38.91045282549137
-39.044021331356426
-38.895332381160664
-38.85253553797319
-39.083030819058976
-39.55776374760795
-40.168221445072966
-40.77624048247417
-41.29295071115323
-41.66011562258866
-41.67324644279598
-41.325007668696706
-41.49332187836146
-41.89592362466311
-42.93341398513123
-42.65928632686193
-43.02111438784176
-43.50072079396166
-43.19137336249413
-43.32672780101047
-43.23776030202262
-43.5953516814157
-43.84793778853809
-44.18612087688385
-44.62994078682752
-44.99984751033335
-45.25906355738936
-45.17379371651478
-45.099072875453956
-45.23820060420744
-45.64428590979939
-46.11723489337967
-46.65124260083236
-47.06817589192339
-47.32734062687336
-47.03124632844022
-46.891509710678
-47.141623360674664
-47.58048990091876
-48.597474424956935
-49.37463249360611
-49.8377616285689
-50.98804019182343
-51.143223091091244
-51.203213518320126
-49.93586470838914
-50.475719151001854
-50.17319743545323
-50.4741563483352
-50.79195599160391
-50.397500276458224
-50.815685786475115
-51.07821257487464
-51.05567194642587
-51.36043860299178
-51.73586579718881
-52.03585747856678
-52.25528071408173
-52.29557285954068
-52.28717238330769
-52.33278408264835
-52.519803444339175
-52.90841499721803
-53.209359347951285
-53.46576665660759
-53.49840966290721
-53.35986850152956
-53.41424836541606
-53.63518356266537
-54.01410431464629
-54.455062263449
-54.966707862604764
-55.271748953887055
-54.973642386770344
-54.759553090251764
-54.96974080052419
-55.399892338227566
-56.578621828321175
-56.67118896082129
-60.626591303672356
-58.37229603795998
-57.535010092386116
-56.685026723998305
-57.456070977434955
-58.30709448326525
-58.88428340147081
-59.297455628379
-60.442264988008915
-59.40028033529746
-59.362413110175844
-59.33236378315121
-59.44324251171851
-59.597919757222854
-59.802248161363586
-60.027146104909505
-60.04110704163133
-59.827551279373616
-59.97226075176829
-60.23598171338312
-60.65453033816192
-60.86458555399315
-60.850946172050335
-61.043175911458185
-60.88250063898901
-61.09276953449503
-61.364366456597566
-61.67601028529729
-61.86523819979839
-61.768381610431035
-61.68761398878136
-61.81798342668949
-62.03922615830027
-62.26237682601611
-62.54300842120303
-62.692238551173816
-62.63773521517552
-62.584902724556486
-62.81417238837086
-63.2404670617769
-63.82533825247155
-64.27099001102646
-64.2112258086336
-64.02221948117713
-64.0660431812649
-64.34054315225156
-64.49489986941613
-64.80163305871352
-65.36367100478955
-64.63041688325568
-64.77926611762454
-65.18212194352233
-65.71473253531028
-66.39613165318691
-68.30513049732578
-68.60810047646247
-68.7317604096326
-68.43875107413528
-67.1224842065284
-68.20271788741579
-68.43074478896175
-68.18314850008272
-75.34240220955314
-74.30639968947914
-74.68539769747572
-75.04248158043379
-74.73563994414516
-74.98142118039907
-75.55081105961531
-75.35001833425356
-75.55192715511106
-75.62390682772022
-75.7056591327981
-75.60350907925505
-75.91589966247959
-75.36119252873162
-75.44725469642161
-75.865646305292
-76.08751048410376
-76.26929277216072
-76.41463251039445
-76.42140897396284
-76.29559506010564
-76.30812552200425
-76.52313271110535
-76.79736586201385
-76.90716459957335
-76.78297080636864
-76.76528407534126
-76.91331059661371
-77.12905034715659
-77.38299133398002
-77.60431790461345
-77.73557829680665
-77.64590258473382
-77.70894906894709
-78.0296938876149
-78.30099854886143
-78.47789728182546
-78.27600580159324
-76.79571163907536
-78.29555642536519
-78.55826979735166
-78.74691211021275
-78.83796151982354
-78.82110516964181
-78.80182890336143
-78.94929466103886
-79.19446235435866
-79.4535970159378
-79.66465059512501
-85.85728785307757
-85.81797340524524
-86.00121413768217
-86.33921130259239
-86.58164870885517
-86.73545733185784
-86.66680130762917
-86.5520583412718
-86.72395045844682
-87.11998301888016
-87.43020623986314
-87.5392528986389
-87.23335382413977
-87.09234576765097
-87.31941574195388
-87.62329743748558
-87.93826571811219
-88.00848611173191
-87.67371785498067
-87.6559674326359
-88.07525738274781
-88.58090952269922
-88.98596441466552
-88.93386744622494
-88.7976103449052
-88.9896647223734
-89.26370716843799
-89.61541491557098
-89.82524449343228
-89.90782134155566
-89.81487906950878
-89.95344817939213
-90.168621930056
-90.56243380554022
-90.85750222736117
-90.86364776666484
-90.65411651979163
-90.78057775069666
-90.8814150405302
-91.1187603138983
-91.32673842217223
-97.5245461693657
-97.48866269205227
-97.59734220906611
-97.7799737709566
-97.9421054222104
-97.95972640524245
-97.89983373964935
-97.90578402781138
-98.01712825166847
-98.28862440389312
-98.40332367486917
-98.43676276962128
-98.44560944678486
-98.58287055133111
-98.79369250360155
-99.06406571146614
-99.16335230929788
-99.11270717184865
-99.06765615262671
-99.19719941081762
-99.37770471653762
-99.53636248550335
-99.50024825561984
-99.41504932755379
-99.46819253662761
-99.68631688900194
-99.84787921616156
-99.88297970367033
-99.79305829041888
-99.82838211890542
-99.99219203416737
-100.153150030878
-100.25597463584388
-106.5003817372546
-106.57013732157012
-106.68911683716875
-106.87583232165582
-106.77865444770194
-106.80023281953368
-106.79150899167631
-106.9934598501722
-107.03046415947469
-107.15067892983468
-107.1738681939688
-107.20680248482462
-107.19603700006918
-107.30233704793316
-107.40965908862307
-106.32045237592055
-107.0686525894317
-107.55236511289718
-107.6527221498441
-107.83075038816118
-107.95457549500807
-107.94040476030003
-107.88466059270748
-107.93275877198535
-108.12206904066613
-108.29909806243708
-107.44225938126822
-108.1702692768447
-114.24441741278827
-114.58561200851472
-114.37432118527545
-114.81348194790105
-114.1333540372708
-114.24248390211987
-114.35076747127461
-114.53370046597436
-114.72860577288746
-114.66489082437532
-114.40779771259145
-114.78877268986372
-115.10189794343435
-115.47845791807588
-115.35660462601254
-115.3318626732557
-115.46361913080226
-115.62337376703105
-115.63086133913878
-115.55502477300263
-115.60754046041288
-115.6843946926538
-115.75730394667968
-115.83115743122498
-115.79059234154455
-122.1018240155434
-121.6332955877819
-121.83183972167723
-122.09823030604802
-122.06434597741604
-121.87727833648705
-121.83939077028323
-122.13717837029267
-122.18938239994799
-122.14601269016336
-122.58314831448266
-122.58650788421974
-122.6850774110403
-122.8990178624896
-122.89003323160232
-122.89884892761953
-122.90569341759581
-123.05114591379173
-123.18651590064904
-123.19442968226856
-129.44792643166198
-129.44539998619786
-129.59716576597094
-129.7157357592846
-129.10003525394458
-129.61733788870924
-135.28767155041064
-136.10650937300497
-135.70292874678873
-135.6152829891573
-135.670803746542
-135.9267244461795
-136.53642923061352
-136.6008571000342
-136.15886331832388
-136.47782870634364
-136.47862847813053
-136.62631726767208
-136.668512184766
-136.67498895567297
-136.67956990931256
-136.736476579236
-136.92414328890868
-137.17340339719524
-136.99331017897498
-136.9880821229656
-137.20512299961888
-137.2756143390605
-143.57086953860946
-143.16264694272343
-143.48715496667666
-142.99072369583587
-143.6846976709347
-143.15477103417078
-143.51905827406466
-143.55966123625495
-143.46295591778366
-143.83449267063006
-143.90168502892976
-143.86432893795262
-143.870004277582
-144.0245949601359
-144.08530691283775
-144.0746083854425
-143.99306746530468
-144.07874225778994
-144.32957472239036
-144.2349908671521
-143.96048952695998
-150.53658437680676
-150.55883955119114
-150.6670253524914
-150.29338097512684
-150.2048847809104
-150.66189927314207
-150.11242601569793
-150.89018638299459
-150.81260245275965
-150.8141718031163
-151.0613511445175
-150.97874317243605
-151.05637028366246
-151.06462061672855
-151.24375533294597
-151.26313650161313
-151.12163684634564
-151.15600106529058
-151.10980238146513
-156.67805629204761
-157.51710609731668
-157.6701595789671
-157.2466152428196
-157.37650479176475
-157.70538393649352
-157.79471172004548
-157.93299331828126
-157.88502578727818
-157.82966173666378
-157.8295464279303
-157.94538106746532
-158.00494777295864
-157.98111564588007
-157.97875581060242
-158.01091913204732
-158.12480277092314
-158.20408928575964
-158.0378297066003
-164.4609788067731
-164.51253306795803
-164.6343808875048
-164.1518944953821
-164.18601753651672
-164.6494335299092
-164.72632983506807
-164.83795651711023
-164.82960461252878
-164.7762181396164
-164.7744882996228
-164.87453399645935
-164.9494561335062
-164.90424064450025
-164.8523071965824
-164.92824466646894
-165.09428072197477
-171.40672672999264
-171.34843237072047
-171.34338099625484
-171.44666581387497
-171.5443698085293
-171.55641280518952
-171.49957853469448
-171.50378193183155
-171.57896533099677
-171.62702598420452
-171.6272789169244
-171.63622865051903
-171.73725200216816
-171.77828854200078
-171.7761318557882
-171.69972544832603
-171.73442457427697
-178.11579459736677
-178.18822170735822
-178.1504684130809
-178.09835344565795
-178.16109838858316
-178.26990147642167
-178.30544217013423
-178.23464062802128
-178.23393300825427
-178.32701301722162
-178.41990793821705
-178.37923418021794
-178.3716294984808
-178.48981588854247
-178.5243320641651
-178.52413822238947
-184.7412762544882
-184.74273390236462
-184.80247168734013
-184.85500127733593
-184.8692746951759
-184.80043246870218
-184.84005966144477
-184.94605562574253
-184.99719718383386
-185.0379923222604
-184.96497466388757
-185.0823321628179
-185.2425485225462
-185.1860442518174
-185.06666548883112
-185.1276091026091
-191.4542334953425
-191.46890491749892
-191.39707587166063
-191.3871629852312
-191.46762050303042
-191.49872858546883
-191.4896316596036
-191.50769652667583
-191.64081806389194
-191.66286721230802
-191.6586600817949
-191.70261094732496
-191.69006311813484
-191.7331994629328
-191.811032960724
-198.02532234741943
-197.89352721510855
-197.94695626629127
-198.03102939346198
-198.02875149638
-198.00031148740248
-197.9908003771019
-198.07137817373592
-198.1361317757306
-198.149792167049
-198.13753514359547
-198.14756952223593
-198.19559446859958
-198.23877929125183
-198.25129462410678
-198.21376194088597
-203.89632271445146
-204.533905985864
-204.48503486574435
-204.4363982418576
-204.48946015900765
-204.57113720499868
-204.55856776198215
-204.55529543961984
-204.62215957948112
-204.65960190580003
-204.64930391114578
-204.62884434032165
-204.56880633907426
-204.62537946381994
-210.97525871204323
-210.92143035230632
-210.885366333059
-210.93195794058104
-210.9911990042753
-210.95544997498004
-210.89481360468326
-210.96506202663187
-211.0576321273578
-211.02534030754498
-210.98673259146824
-211.0001687787149
-211.03127913399376
-211.07655347959263
-217.3356439947842
-217.27558075579086
-217.30861835873208
-217.3915720651243
-217.37262332282617
-217.29736948847818
-217.3355264826517
-217.33337749364088
-217.40351894198963
-217.27414418796891
-217.37927856659076
-217.28536752511454
-217.39839379467813
-217.4155424954894
-223.66838767011905
-223.69996107262799
-223.75359524513848
-223.7353276763435
-223.66624119311714
-223.69953259329847
-223.7882117615647
-223.63437849052062
-223.62821580067867
-223.71156379394884
-223.5916560482161
-223.69622404602737
-223.67403232802846
-229.9949096531651
-230.09237634550607
-230.10092508987557
-230.04859706851468
-230.03884373862104
-230.0990012475487
-230.10139994293635
-229.97550708512642
-229.98461193806133
-229.92733826238134
-229.94381405984893
-229.97095502894476
-229.77872805596198
-229.89380118735718
-236.37897208535534
-236.3891800636355
-236.30338386418276
-236.3399628967251
-236.40724247752962
-236.42850324603552
-236.06741601656188
-236.3940295270307
-236.4390057139871
-236.4648286841003
-236.10716766548717
-236.3622181472011
-242.64590208225184
-242.6716286356171
-242.61819098141166
-242.57494773938424
-242.62014875384565
-242.6719921115458
-242.65865535771275
-242.38280585006814
-242.66748071838944
-242.7282838019019
-242.5353562525152
-242.45234790768836
-242.4459916523806
-248.96494853203785
-248.9441685858343
-248.89838114167702
-248.90826011152774
-248.92903054220133
-248.94993754679626
-248.89945164977226
-248.82000010183108
-248.94415013779624
-248.9116573842893
-248.83271335296246
-248.747122198718
-255.16300988205418
-255.22923990122052
-255.15825325655757
-255.1098558491926
-255.1399311716862
-255.19202622166162
-255.16623011342094
-255.12089474249592
-255.1421678922125
-255.19053468831922
-255.18109508722873
-255.03497354961252
-255.06588593142376
-261.43229440758006
-261.4165738643206
-261.34523459559335
-261.35442859951456
-261.39712014640577
-261.3869495278371
-261.31688402220806
-261.3107947010614
-261.3159726240045
-261.34160782282237
-261.3028964553702
-267.5791072344742
-267.62850883771745
-267.643361565391
-267.5714315658543
-267.54560007199416
-267.60427730106375
-267.6861354040048
-267.5354568387373
-267.5232073988247
-267.58849066360654
-267.63069803840193
-267.47322338904434
-273.7275062790318
-273.79084205544973
-273.78984727534845
-273.7431419136765
-273.71684587919225
-273.74984285440735
-273.79741052559365
-273.69345540460563
-273.76173060789677
-273.75096831317893
-273.74449934169303
-273.6363797921503
-279.8834173097828
-279.8893079064375
-279.92053748152983
-279.85079069610015
-279.81440599794945
-279.9210874214906
-279.96549719327425
-279.8332188253573
-279.8378125258355
-279.92374492005
-279.93143686124984
-286.0428994681797
-286.01689213119465
-286.0463853859332
-286.0140758006803
-286.01092218747647
-286.09644755454144
-286.0477106724483
-286.06031416997024
-286.0870060333487
-285.99773258010094
-285.9935943555294
-292.2264222981352
-292.1670942593821
-292.1107073731596
-292.1395323598078
-292.15077174788456
-292.05457654525236
-292.03983040860163
-292.15406987514075
-292.09183571964763
-291.9801299916512
-291.9675994638823
-298.2618031914803
-298.2561665141334
-298.20117510659156
-298.166559844897
-298.19094707844744
-298.18344757693217
-298.08785814844185
-298.06642145300805
-298.0331243860663
-298.11578140082236
-297.94269825409845
-304.24150935970727
-304.27044396250494
-304.28099885743507
-304.17659040037864
-304.1752949496652
-304.16999733438666
-304.1555641200798
-304.08445140735535
-304.05622390089513
-304.0940624532766
-304.07276537303625
-310.2949442208179
-310.2861008104296
-310.2969248213283
-310.2774002540784
-310.18208367301116
-310.1851536884155
-310.12506181572155
-310.12245451467373
-309.98621113875936
-310.13792848005124
-316.42354314927974
-316.3241545744039
-316.276320716214
-316.27927972851074
-316.29675354517127
-316.1339500018743
-315.9108564802984
-315.9691614410767
-315.94758323560126
-316.05856056349836
-316.0725833367076
-322.36176267614786
-322.3467251416899
-322.29322658464196
-322.24831150950683
-322.24494143291565
-322.0440911019471
-321.9301186002495
-322.1556987405484
-322.1857578884346
-322.1450662533426
-328.33618301769314
-328.3200446241083
-328.37397380247376
-328.28432565928574
-328.2080064023708
-328.26648016130764
-328.2764534323402
-328.00809423860267
-328.12616422149523
-328.1386226804816
-334.3975323018865
-334.30215719993566
-334.2405569526517
-334.2830940921689
-334.27982549189693
-334.19688532301234
-334.1543997370247
-334.20771911996843
-334.0036990490566
-334.05870063105533
-340.3103754473833
-340.32953215486367
-340.24902718627794
-340.1755908720713
-340.1835925345008
-340.24822451794705
-340.1229924139844
-339.8837324486424
-340.1175288151647
-340.1070293542088
-352.5628858368031
-339.97376731353074
-339.9796993095136
-339.9103850118545
-339.92190155417217
-339.82221162731474
-339.8560922737693
-339.80621219605183
-339.7282194380232
-345.9235249879412
-345.99015201881946
-345.9118360465955
-345.809941755748
-345.8418157030942
-345.88948728848095
-345.75619723995106
-345.6143557929292
-345.7153527045564
-345.597046540934
-351.8366673677937
-351.8183619286164
-351.8601975792552
-351.7748752162207
-351.70897909603775
-351.5232760451347
-351.6916798523973
-351.5533789916335
-351.54484634332783
-357.8394143365271
-357.84406693993424
-357.7094750325475
-357.6904605903908
-357.6631333420949
-357.5818968565026
-357.5636316772931
-357.52474986841503
-357.50938965602677
-357.4779242702187
-363.7004365918028
-363.6426085941475
-363.6528454611288
-363.601054269618
-363.4625164986979
-363.44966824164663
-363.47743206141337
-363.3517817275805
-363.28346882742767
-369.62372918114204
-369.57345556005765
-369.4294403957253
-369.45746840253463
-369.43939826555135
-369.3018089974339
-369.27153548649386
-369.27166694642995
-369.19720698638815
-375.4197683620541
-375.4103398272373
-375.3591059863391
-375.28805149115243
-375.2472619260817
-375.1802330350051
-375.13565975308296
-375.1102771717606
-375.03301011392364
-374.96927734595596
-381.2591392509389
-381.18100815347987
-381.07328701153597
-381.0735254335201
-381.0452569956496
-380.90481328379167
-380.8718470222618
-380.894104703483
-380.8003977679784
-386.9720687069014
-386.9806017253178
-386.94702432470905
-386.81982897167984
-386.76445814327514
-386.7541658227731
-386.6877704530086
-386.5755736086374
-386.5491198964017
-392.81633013935755
-392.71480323765326
-392.654821826139
-392.63961730168467
-392.5700389284901
-392.4750774075856
-392.44245016470853
-392.3960812131039
-392.29633809316454
-398.53649469648275
-398.4981843434472
-398.4218200546947
-398.3560061426102
-398.26401811701834
-398.20192859330905
-398.1669874081727
-398.07764160390195
-404.2589903672967
-404.2366608763206
-404.17569569290407
-404.0202353822411
-404.00332579617765
-403.970273427332
-403.88223914591737
-403.8081084337941
-403.8179802605624
-410.02879538910463
-409.8871645510958
-409.896827945857
-409.8222544374753
-409.6616956872421
-409.6758919242343
-409.6465147617423
-409.49152032861605
-409.4053956232293
-415.6488669589105
-415.5685119036958
-415.4682578296805
-415.40413418520757
-415.3860290286667
-415.28637359992786
-415.16446564324934
-415.2057639102794
-421.3253886954641
-421.2288227069819
-421.16607749429613
-421.10408789515674
-421.0225977899021
-420.9285900744788
-420.8576612232961
-420.80710351394924
-420.717329950027
-426.8834247705697
-426.84486950418807
-426.7559256037668
-426.64362099062384
-426.6035386499106
-426.60993810401663
-426.45177723989883
-426.3633376343287
-432.5757526090771
-432.51718565569485
-432.38648001337776
-432.3188989499857
-432.2965677759186
-432.14488189111796
-432.02910622799334
-432.03013361908216
-431.9218342545287
-438.12289437219295
-438.0510642945548
-438.2309157120243
-438.1073582436797
-437.8140731754165
-437.80006881639935
-437.6484693075287
-437.5853895434925
-443.97301092631415
-437.408621480134
-443.71376655271575
-443.6361863679999
-443.4197623428891
-443.31819776023985
-443.2520097338291
-443.13211226475744
-449.52769268197255
-449.449812218221
-449.15057198440064
-449.18775939707757
-449.0200123270627
-448.8577162561007
-448.82570530220863
-448.8300251190044
-448.94557845658653
-454.9199342360107
-455.0256860452937
-454.8592875069899
-454.75620435363305
-454.662985466578
-454.60229851716673
-454.34896949785093
-454.3539070823874
-460.6383784023038
-460.4522491018196
-460.443612668374
-460.22092281132257
-460.0855082689193
-459.9937640015099
-459.91681016820735
-459.8124981197464
-466.1731690918874
-466.13319882672494
-465.9354457268132
-465.98543056633605
-465.61534265237384
-465.52567237809257
-465.47266087863096
-465.36507871606403
-472.17499973194026
-471.42122388525473
-471.3198660871927
-471.483028288477
-471.2094619326723
-471.1161570485673
-470.9805375903669
-470.89957932591403
-477.39363612979594
-477.16489260836835
-476.7256809992429
-476.6803188367208
-476.6293927637917
-476.46987695124005
-476.45018262761243
-476.31816094972555
-482.8732989321969
-482.45506658614227
-482.7337292848188
-482.3013428216677
-481.9849246004362
-481.92481377828364
-481.7495516569795
-481.67271620140093
-488.2324161968747
-488.0770126703156
-487.97069009284695
-487.54730782654667
-487.49017359400034
-487.4185050367374
-487.30274817932064
-493.45059119718314
-493.5927382295889
-493.5008492451198
-493.54543317310475
-493.2005388795866
-493.03366655404034
-492.9760732491274
-492.9525346195325
-499.3862409743843
-499.45096191374876
-499.511074530173
-499.1877476058079
-498.63465528346865
-498.6066521007423
-498.46117840620997
-498.30000571791936
-504.29194451887054
-504.3842556129698
-504.89100174929996
-504.83850296161324
-504.0887487989117
-503.91228953809116
-503.7729689701028
-503.6883841252835
-509.61297888780894
-509.4589175311601
-509.3575289985096
-509.4449294466599
-509.2512941191705
-516.4618553055456
-509.05859923894286
-515.0194841392819
-514.865489046372
-514.780562114108
-514.6509613192404
-514.615168169287
-514.5004613848557
-514.4051206802777
-514.183818360146
-520.3535408230238
-520.2664220452762
-520.0924233546224
-519.9613242401778
-519.8956381232841
-519.72464346161
-519.4496615219574
-525.7001614168846
-525.6218543313106
-525.485546133238
-525.3747353324164
-525.2198485504965
-525.1411384709536
-525.0350335549585
-524.9046375803513
-530.9575924484386
-530.9258869234192
-530.8315575003137
-530.6556703529245
-530.5434394935597
-530.4536934301464
-530.3064110076947
-536.4579335307317
-536.3381043660713
-536.2121273829396
-536.0453353269801
-535.8512685569688
-535.8269419928633
-535.6169801052861
-535.4682201917419
-541.7099703780099
-541.5535089520615
-541.3856318730053
-541.5726321709302
-541.2174067256732
-541.0391689255006
-540.8052762139353
-546.9898857630822
-546.8130547165526
-546.6202602865584
-546.6114560387448
-546.3516784045431
-546.2280390480703
-546.086962398011
-545.9735142732859
-552.1387792961126
-552.032866047923
-551.8432123175527
-551.6349829710184
-551.4963369760799
-551.3875046283299
-551.2306709934375
-557.4362301303306
-557.2879025202157
-557.1453896523915
-556.9560023771464
-556.7961982546326
-556.619348925248
-556.4948019894858
-562.6940072119502
-562.5376380515464
-562.3489328176819
-562.2720273701111
-562.1006444412994
-561.8817871485655
-561.7813139630483
-567.9728511795502
-567.7623216602464
-567.6500683083109
-567.5055532093289
-567.2506877707596
-567.2179809227114
-567.0578466440481
-566.8391385624279
-573.0912557333961
-572.9253572903535
-572.710020716493
-572.5758596044218
-572.3924307792904
-572.2497307581007
-572.1192516060854
-578.2779977553547
-578.1507304764857
-578.0096361357133
-577.7869543946815
-577.6207535224263
-577.4391078303547
-577.3186314548539
-583.5202465470236
-583.3429858633799
-583.2315674604988
-583.0627567535437
-582.7520929261179
-582.6251767821798
-582.5058909920479
-588.6194338846203
-588.4815516350053
-588.3472308602566
-588.109989097971
-587.9085109430898
-587.7247965714372
-587.5630179774957
-593.7345474391848
-593.61768685031
-593.4243820720261
-593.2379199679677
-593.057463535887
-592.9041984160062
-592.7611089594806
-598.9659645910252
-598.7794115531628
-598.6151441791001
-598.5045782765128
-598.26581072504
-598.1172915052655
-597.9431914813106
-604.1141688438245
-603.9025416179327
-603.776796900947
-603.5864851257619
-603.3679875641617
-603.2215433796275
-602.965389580397
-609.1347160056283
-608.9970638270635
-608.8120116032923
-608.6082872156909
-608.3890725731974
-608.1924763342237
-608.0173463492027
-614.2257215097407
-614.0979703349745
-613.8812102789065
-613.7291477943746
-613.5918293025804
-613.342450409429
-613.1741192704418
-619.3529076828322
-619.1266874213953
-618.9634207374206
-618.7780994993357
-618.5566641712419
-618.4174336632938
-624.5322820753996
-624.281743645268
-624.10438050181
-623.9832393061849
-623.7666243889257
-623.5632377621944
-629.665987279465
-629.3993217019342
-629.2420715942227
-629.1367538347511
-628.9815648444768
-628.8136635251267
-634.947110408032
-634.6824844296299
-634.4712159725003
-634.3931001975234
-634.0866571110769
-633.9750337305571
-640.0780747617987
-639.8565237124305
-639.6881363177786
-639.4962916999407
-639.2555367587663
-639.1056702505408
-645.089013127385
-645.0295172514861
-644.7619010385562
-644.6754470571219
-644.5061860768733
-644.3378380549481
-644.0898562961189
-650.096286761094
-649.9494291366321
-649.7480141931733
-649.6296235310064
-649.3111403638076
-649.1679899492135
-648.9271873051731
-655.0076336623565
-654.9186452983122
-654.6425627488807
-654.4134956560126
-654.3030063583996
-654.1280525321662
-660.1872825300833
-660.1188711229076
-659.7897696047016
-659.6812962780955
-659.4857646638108
-659.2265917420671
-659.076147172213
-665.2232054011318
-664.7789402254239
-664.6593314645563
-664.5403238308005
-664.2761038002895
-664.0776517003349
-663.8778781956544
-669.8972024231306
-669.7550745174086
-669.577679202984
-669.3063155250404
-669.1142240479334
-668.917827002945
-674.9282143372114
-674.7913264757381
-674.6447445851047
-674.3739106836395
-674.1378691357385
-673.9339041450139
-673.7207166554695
-679.8598211298511
-679.6198005475383
-679.4014948797499
-679.2062278193696
-678.9915890387904
-678.7488316009013
-684.8422866962708
-684.6028319250996
-684.3582844413706
-684.1990618340227
-683.9669704985018
-683.7926249678839
-683.5812056238314
-689.6434745052609
-689.3597291755026
-689.2383452201706
-689.0335805948187
-688.777419707159
-688.5923190226952
-688.3333862724405
-694.363464760148
-694.2167472210591
-693.9593790790906
-693.7493924019396
-693.5780375920566
-693.297486801669
-699.375734257247
-699.160916784722
-698.8894299899943
-698.6945970053083
-698.4031239069332
-698.1986457188821
-697.9349699741081
-704.0639523361172
-703.8205098180587
-703.6243039272983
-703.4882339925405
-703.2482321461378
-702.97923881399
-709.0216473055735
-708.7475348829629
-708.5447066546265
-708.3216267803015
-708.0584025648517
-707.8382752029759
-713.9032462843218
-713.645492442888
-713.4900160533965
-713.2302531782182
-712.9978412854974
-712.7312607812362
-718.7542589484668
-718.5131416194872
-718.3197288457419
-718.0109021489751
-717.796983735988
-723.910942266139
-723.6395271590794
-723.4260470583131
-723.1640855999059
-722.8976386051581
-728.965071215896
-728.7035410669731
-728.4955420642221
-728.2720689092739
-728.0079918412038
-727.755071210769
-733.814094499099
-733.5965111856132
-733.3592622404817
-733.1398349861755
-732.8746457781275
-732.6214448877553
-732.3902547701867
-738.3612468222202
-738.1851351082871
-737.9352569131836
-737.6513820671735
-737.4209243599367
-737.1380827867201
-743.2220424101887
-742.97387489605
-742.7116402871818
-742.4308470795936
-742.1989642913961
-741.9448551267046
-747.9626715091678
-747.6877233845368
-747.4467362151461
-747.2398129192161
-746.9946748411832
-746.7203830337814
-746.4842936014601
-752.5598697209887
-752.2613893534808
-758.3001129432291
-758.0210165540307
-757.7055189027558
-757.5581114084935
-763.6056394986721
-763.2700221529457
-763.0832309501089
-762.4475051412769
-762.2709097103243
-762.3091430127417
-768.3113963499744
-768.034542979069
-767.8051461605208
-767.4151783781792
-767.2403524503841
-766.917801292845
-772.9475616511304
-772.7719645784738
-772.4466898315989
-772.2030901385382
-771.9958390676961
-771.6513361777227
-777.7048460386782
-777.393797719047
-777.0163003577954
-776.7258980370297
-776.5216343943262
-776.3430180663686
-775.7795330120078
-782.0499167386574
-781.7711623753751
-781.5390044859479
-781.1873212079227
-780.9273864150723
-780.7104094774356
-786.7054983684044
-786.4448870788093
-786.2289481908115
-785.9068641466183
-785.6102046024083
-785.3748531092451
-791.3735713351958
-791.107052447037
-790.8257705791202
-790.2781440719615
-790.2921417802108
-789.9397114110537
-796.0551127339729
-795.6699037745127
-795.37970041707
-794.8991287956468
-794.8140100342583
-794.5320986972911
-800.6101446739478
-800.2489612517743
-799.9782029034926
-799.7181769373282
-799.3607548307235
-805.2251302271281
-805.1213968771631
-804.8449725441666
-804.5160017237977
-803.4627872887202
-803.3032401979576
-809.963515600445
-809.3101202916098
-809.1642375958714
-809.2015038133582
-815.0512922745676
-814.8495121183947
-814.5178802266048
-813.4544930003459
-813.9075377634762
-813.6057424680478
-819.6607476331451
-819.3171315517666
-819.0686999511707
-818.8999589276251
-818.433159657959
-818.3843619351344
-824.2449728631467
-823.9387248762451
-823.6692346367487
-823.2387169300563
-822.9372028041057
-822.7126438704688
-828.5850623475894
-828.4086037271691
-828.134131078326
-827.0998759207077
-827.8273700546932
-827.4030388093164
-833.1627040668166
-832.7260139414635
-832.481899852384
-831.9584198184929
-831.9254404201748
-831.508471441778
-837.5326108436713
-843.5466388604586
-843.2743904551675
-842.354270282349
-842.5010608285318
-842.1912860083206
-848.2772214521336
-847.8443689974279
-846.842656771322
-846.5267565181389
-846.9518382383526
-852.8827846160366
-852.5391973027512
-852.2472500392328
-851.7112718645959
-849.7435368070717
-851.3308117590747
-857.3582340008697
-857.0578188762947
-856.7766593450395
-856.6279393652233
-856.0628087419163
-855.6372254724039
-861.7023846198041
-861.2897143881075
-861.0394984381094
-860.6917689493251
-860.5702216193637
-860.6845292773047
-866.3155734776844
-865.8439884478169
-865.5567446333266
-866.4852491236602
-865.7072954104935
-872.1476465001314
-870.5334970249417
-870.1918938370867
-869.8954735687637
-870.0866703594364
-869.8885814559267
-875.8476311589488
-874.7577692462835
-874.3752448877185
-880.6084421337883
-880.668371375018
-880.8254080657456
-880.5738929214231
-880.4150737203855
-880.165297238275
-884.5402291343198
-884.2168140496298
-883.9207533262536
-884.6711493144895
-883.1721852979647
-883.3076918658323
-888.7747369341456
-888.4736783946457
-888.17242848261
-887.6627305427703
-887.3912910584179
-886.7578259345779
-893.0337158759095
-892.7316462759566
-892.3781586527401
-891.9353011190108
-897.9632387787922
-897.5936654915046
-903.5596253571302
-903.2173722275128
-903.7995348225742
-902.3939552893271
-902.7153569694667
-908.0736633178843
-907.6969142396692
-907.404729882295
-907.382212253856
-906.5364060231511
-906.2727940483541
-912.0614841157015
-911.7572227023281
-911.3950934653989
-910.8363054261531
-910.6572092309991
-916.1798830431974
-916.2256778658665
-915.8858265230218
-915.6022789533514
-915.5369312513886
-914.7860659065242
-920.742890193078
-920.413564069119
-920.0808422153444
-920.4680332571106
-920.2230278158547
-920.1784825375422
-925.0979727320549
-930.8040793104594
-930.4958064738247
-931.5076108825876
-931.4346837762625
-930.7511866829198
-935.3494966897164
-935.0876545056236
-934.544747324138
-934.2169373166365
-933.8566492843746
-939.6170579294476
-939.2678599625757
-938.884247813936
-938.731061860622
-938.0597759708836
-937.7956836382209
-943.526135592011
-943.1432509977252
-942.2889581923325
-941.6846062786911
-942.1058583502032
-947.9590670133034
-947.3803521261046
-947.0416424432983
-946.7575762829114
-952.5856115081149
-952.2224190516171
-951.8792816709722
-951.5714617212169
-951.1840799711255
-957.0760913719308
-956.5360144132969
-956.4629375732798
-956.0715157247591
-955.7385488796264
-961.4130102569711
-961.0735889164356
-960.7042038145465
-960.5087091666687
-960.2181602191349
-959.78094254476
-965.4990433323676
-965.0030427070081
-964.65865831056
-964.4661267097101
-963.835830418746
-969.8565220780582
-969.4398047108831
-975.3643312180083
-974.912338808658
-974.5256629104094
-974.1411754243878
-980.0882574373046
-979.5436520585247
-979.2012771913024
-978.7190419557934
-978.568675708489
-984.3129645574276
-983.9349834317205
-983.5698465476652
-983.2693943570608
-982.8665036324307
-982.508064383024
-988.2218135901646
-987.7118204379974
-987.3529415007088
-987.0443776038658
-986.3966103278291
-992.3821451230166
-991.9751286372901
-991.5641490610867
-991.1346693403722
-991.7581052663085
-990.4996892711613
-996.2728553438003
-995.8211772755258
-1001.7463397504996
-1002.1321520676363
-1001.0662697071659
-1006.6743760346902
-1006.222387690484
-1005.8062267854648
-1005.5269808442946
-1005.9277944582354
-1005.3779340255004
-1010.4403833595484
-1010.0651059832853
-1009.575428232377
-1009.1919768153858
-1008.7777444942415
-1014.654861159935
-1014.3360167898597
-1014.0032044867729
-1013.6109532842006
-1013.1737884835097
-1018.9021546093586
-1019.6824112902683
-1018.1624428586614
-1017.805315765731
-1023.50373895186
-1022.9871890996994
-1023.9979653245905
-1022.2018669537701
-1021.6209777924832
-1027.4955614979706
-1027.0859308947106
-1026.6125171176138
-1027.6970840747244
-1027.047439761781
-1031.6083886685801
-1031.2057090193432
-1030.825361284467
-1030.3178220699751
-1029.880744577043
-1035.7960341827613
-1035.3427697766406
-1034.8832351356457
-1040.2421090224057
-1040.2381188581423
-1039.7774188827655
-1045.6284103024384
-1045.1304106967448
-1044.7631536548874
-1044.3040417867714
-1043.8749804048264
-1049.6687825756476
-1049.2213827839225
-1048.8167618543207
-1047.429438408195
-1047.0253969784283
-1053.7428895989688
-1053.3248954382589
-1052.902409892342
-1052.4152211199437
-1051.9913157369226
-1057.8164331447697
-1057.4558308881155
-1056.9901305282124
-1062.7282411168599
-1062.3015093728352
-1061.7790460035972
-1067.6715865359931
-1067.1533269243996
-1066.7260490680726
-1066.2348224958598
-1065.7830106378954
-1071.6248029009055
-1071.1491702719304
-1070.682936336109
-1070.1905810534317
-1069.691869548618
-1075.5600251902263
-1075.0954074287295
-1074.6280254340602
-1080.4221137350332
-1079.990860203206
-1079.492664023837
-1079.0177166111753
-1078.5401467223187
-1084.3248067054649
-1083.8663472723301
-1083.357291118408
-1082.8926902035676
-1088.6741397354494
-1088.2041353390855
-1094.0017373273538
-1093.5075841539465
-1093.0338543116968
-1092.5341404811452
-1092.0464858659618
-1097.8418190306868
-1097.3453234970334
-1096.8823934781567
-1096.3359962940488
-1095.9393893479285
-1101.6885967996652
-1101.2350493825793
-1100.700021142672
-1100.3675422387532
-1100.022561161974
-1105.7643922194661
-1105.250831614463
-1104.7221785571855
-1104.1832181116363
-1109.9624408137026
-1109.473601704105
-1115.3024032031285
-1114.7983644252336
-1114.314660411811
-1113.8387312207485
-1113.3259158369924
-1119.0704034334237
-1118.5647233143097
-1118.1326095709062
-1117.5871032125935
-1117.1139663852507
-1122.7961698363715
-1122.3002817786466
-1121.720734073669
-1121.2386543578639
-1120.8403973974741
-1126.7255987392175
-1126.2638077434508
-1125.7010646205017
-1125.2971490031491
-1124.7475443706414
-1130.478467279752
-1129.9475523837432
-1129.421502973605
-1128.9437659270345
-1134.6234125736191
-1140.409081533167
-1139.8397891512325
-1139.3188538008162
-1138.7979179971476
-1138.3165450209162
-1144.1141680932183
-1143.8284998445015
-1143.3420534637978
-1142.7086282153698
-1148.4880789607441
-1147.9420517948531
-1147.4527010084876
-1146.9346915470078
-1146.3278689101983
-1152.0745813924
-1151.5206460134777
-1150.9974229997053
-1150.3796565048906
-1150.0419589556607
-1155.9371604053879
-1155.390318079636
-1154.9636342799106
-1154.364443060714
-1160.1462373448796
-1159.485955171676
-1158.9372164803676
-1158.3055308258126
-1164.1132749624812
-1163.5007359907763
-1169.360249257665
-1169.0628589269859
-1168.533123776492
-1167.876473332259
-1167.4527557409417
-1173.1149331959118
-1172.5422009119122
-1171.9853369820369
-1171.360576478554
-1170.798437893032
-1176.698413068129
-1176.287416917602
-1175.8129531304533
-1175.2518607748054
-1174.7595742845376
-1180.3523830922636
-1179.7949529586629
-1179.2153924918805
-1184.8635336877653
-1184.3409880437928
-1190.1485298705343
-1189.8127755864914
-1189.2534639286312
-1188.7634884744673
-1188.1626106632289
-1193.7953397997053
-1193.2199271765228
-1192.6519857961016
-1192.014378529743
-1197.8590944500932
-1197.4939244004745
-1196.8968970316512
-1196.426301846118
-1202.034203774981
-1201.4322805907816
-1200.8305981649935
-1200.2955214149288
-1206.147238401071
-1205.6284426849525
-1205.1299790078365
-1204.4989289062219
-1203.955748826902
-1209.6927235304734
-1215.3517456031952
-1214.730792058224
-1214.3066246025332
-1213.8336547595395
-1213.210298487257
-1218.959692328884
-1218.3419127320292
-1217.779682011562
-1217.2067606690055
-1216.7200237558886
-1222.568194035409
-1221.919844359563
-1221.3666992245426
-1220.7524378077248
-1226.4374998178616
-1225.8126035751209
-1225.2178881482532
-1224.7517070565643
-1224.3120167254756
-1229.9852979956804
-1235.6603336881471
-1235.0713252948733
-1234.467107997043
-1234.0176359014204
-1233.5454133207504
-1239.2348275927045
-1238.6057381480741
-1238.0012989410789
-1237.3828921101697
-1243.0620310542445
-1242.5872571576742
-1242.1499927548277
-1241.5200376478756
-1240.918814645446
-1246.5560304801434
-1245.9653039243624
-1251.7635442552605
-1251.2892257162664
-1250.7075503068354
-1256.3197583528768
-1255.7452405191348
-1255.0730855898323
-1254.486333074635
-1253.9908576805299
-1259.8198008828685
-1259.18310363601
-1258.5509212495149
-1257.927641134664
-1263.5662299363137
-1263.1385294021213
-1262.619565018388
-1261.9990683415674
-1267.6197535755334
-1266.9975271414755
-1266.3463090941666
-1265.8806030561875
-1271.6860965375583
-1271.0527711503762
-1270.400123603754
-1269.7665939589235
-1275.5575425502152
-1275.0671318856482
-1280.7342829143442
-1280.0579895403275
-1279.4289703438678
-1278.7653316551534
-1278.3266451839675
-1284.057378810379
-1283.4406097428093
-1282.7689463532454
-1282.1415321744178
-1287.9170341080155
-1287.4161307947168
-1286.7793263926299
-1286.0864717283962
-1291.7223015795446
-1291.2240628246386
-1297.0186948197986
-1296.3568243119387
-1295.7134134971934
-1295.0200482039747
-1300.654917790044
-1300.1352907723403
-1299.6437596117926
-1298.9665494729493
-1298.3238213474363
-1303.9087713772028
-1303.4186150616501
-1302.9267316194514
-1302.2090558984141
-1307.8441937930252
-1307.1633982767842
-1312.9660722585468
-1312.4334828775834
-1311.7682225489305
-1317.3529254312302
-1316.6905115831928
-1316.1566003532646
-1315.6671066548538
-1314.9732491408445
-1320.5908240682077
-1320.0602999939988
-1319.5388806034707
-1325.1477243298627
-1324.4325030289922
-1323.7483758593178
-1323.230633954608
-1322.7503334198857
-1328.30117593494
-1327.6503771125565
-1326.908877935064
-1326.4099202253026
-1332.1609922768089
-1331.4779566459479
-1330.7572005841726
-1336.5493830151343
-1336.0078914886653
-1335.3173980267666
-1340.8710488857923
-1340.1886098663585
-1339.6607001289585
-1339.1126338519175
-1344.7252181958543
-1344.015194868247
-1343.4533454277573
-1342.9265400914444
-1342.2146498539798
-1347.7797931377097
-1347.0936560118148
-1352.8443777355672
-1352.290382198521
-1351.5603003321562
-1357.1501106421126
-1356.574620919305
-1356.0541310757512
-1355.3498707536162
-1360.914686674537
-1360.3570360939584
-1359.8260268634094
-1359.0591923438697
-1364.7198261366639
-1364.1406475294177
-1363.5532863935084
-1369.1132843879
-1368.3909083481653
-1367.6274573239912
-1373.3847586195789
-1372.851623105406
-1372.0665443172938
-1371.3653464034448
-1377.102028082983
-1376.5891388661444
-1375.7952949324167
-1375.073490449208
-1380.8013960837634
-1380.257431230583
-1379.4930944567286
-1378.776688359311
-1384.4864748352459
-1383.9504527839717
-1383.1786572288966
-1382.4272011825838
-1388.1748935892842
-1387.628767305098
-1393.1426230396808
-1392.3797981381144
-1391.8206051797404
-1391.2495025821754
-1396.7890386528618
-1396.2259337869712
-1395.6469374820974
-1394.9006069827942
-1400.430134091828
-1399.841505699312
-1399.3033191214238
-1398.4937937427944
-1404.0354200891616
-1403.4631046014613
-1409.2036109307912
-1408.469659020432
-1407.655535988939
-1407.0341946839733
-1412.7829296111422
-1411.9830984993905
-1411.4396991458123
-1410.8949525689188
-1416.3619333095107
-1415.5571461260968
-1415.020659122188
-1414.4192249133228
-1419.9396720092807
-1425.4124791788095
-1424.8631663804256
-1424.2573624698553
-1423.4800333811713
-1422.8582557064685
-1428.5928957018853
-1427.7893887439468
-1427.025831535786
-1432.7035257121152
-1432.1209588226316
-1431.3092843074824
-1430.7181053677698
-1436.4261565702009
-1435.6560752088426
-1434.832947275069
-1440.5142066179728
-1439.9265285060817
-1439.1365783761407
-1438.5351637049873
-1444.2144417195234
-1443.418879875743
-1448.8827963785689
-1448.276631570382
-1447.6895597589635
-1446.8955799080304
-1446.2665429449967
-1451.9624431356312
-1451.1504514022806
-1450.329994939621
-1456.017393461367
-1455.426282724645
-1460.8733898629766
-1460.288958402253
-1459.6595753499564
-1458.8376475136206
-1464.4966661573965
-1463.9024668075717
-1463.0640322040335
-1462.2728953484866
-1467.9054068455473
-1467.3119746963018
-1466.4597425865525
-1465.879550747596
-1471.5215232675803
-1470.720414518425
-1476.3436680070495
-1475.7559439708823
-1474.9053172000022
-1474.3002911442952
-1479.9417294333164
-1479.1397741056492
-1478.27477576993
-1477.6693746891954
-1483.2970067405577
-1482.479196661991
-1481.840821331792
-1487.522456854213
-1486.6470777701693
-1486.0459288612274
-1491.6698759258613
-1490.8381297648414
-1490.1933855257973
-1495.863226825994
-1494.993914730508
-1494.379918296158
-1493.7105735475652
-1499.1693897546709
-1498.5221317816524
-1497.8992997310388
-1497.017771555328
-1502.4651360793082
-1501.7906074293276
-1501.1851832436735
-1500.307970343639
-1505.9682796144455
-1505.291100257401
-1504.448293842993
-1510.0518492104595
-1509.446215356466
-1514.84473058287
-1514.214330376814
-1513.5280410444475
-1512.6855049806231
-1518.2801938430505
-1517.6642837465208
-1516.7909005813613
-1516.1523889481884
-1515.4576302925177
-1520.8760387558646
-1526.5188197421876
-1525.8527045448027
-1524.970234288466
-1524.342880792245
-1529.932290170242
-1529.0576878016343
-1528.447327704204
-1527.7593808058032
-1533.3448597921379
-1532.7106752206469
-1531.8216390993914
-1537.4596023709787
-1536.767552667357
-1535.903633166398
-1541.5093284720904
-1540.8220920793333
-1539.9374646300312
-1545.550935757918
-1544.890750299696
-1544.0082392467898
-1549.5993799974087
-1548.925919143486
-1548.0315267210142
-1547.375278113329
-1552.9660528750012
-1552.058549547243
-1551.380673084758
-1557.059431192434
-1556.0525918838548
-1561.677391523808
-1561.0152922719071
-1560.3547225624193
-1559.6051692840351
-1564.9876128085564
-1564.3285988478956
-1563.6388391062226
-1562.706207528881
-1568.3096078460248
-1567.6357361921291
-1572.9823065012708
-1572.3147136955308
-1571.565506912888
-1577.2308344463202
-1576.5117179393005
-1575.5551637462725
-1574.8827207784539
-1580.4484895598748
-1579.5582475635683
-1578.8485291520894
-1584.3995811120026
-1583.5831194288103
-1589.0945707598748
-1588.391929318813
-1587.7041681855487
-1586.9668698794994
-1592.34882683618
-1591.6078774957748
-1590.8784591396957
-1590.0852629208914
-1595.5852070106791
-1601.147848694837
-1600.3998633840338
-1599.6963558558732
-1598.7494418324038
-1604.3191694401069
-1603.643941622395
-1602.76011775922
-1608.2656725182035
-1607.5320118485658
-1606.8209656213935
-1606.0707998479415
-1611.473978448487
-1610.6636102551374
-1610.022421991879
-1615.5569378257933
-1614.828618094587
-1620.163399820766
-1619.4390074481844
-1618.7654446002527
-1617.7217947205015
-1623.2914818325537
-1622.6043642853015
-1621.8238763420334
-1621.1059736963184
-1626.4266100596415
-1631.9654785330558
-1631.2861564051464
-1630.5383208430464
-1629.8935083959182
-1635.1118036585497
-1634.3998008047977
-1633.666814035692
-1632.9241256374487
-1638.428931769342
-1637.4820382543815
-1636.7385965458247
-1642.3824426040792
-1641.5233494984827
-1647.094478982309
-1646.1049775520216
-1645.3461706166263
-1644.5836291777546
-1650.1572825468681
-1649.4119121098126
-1648.4094263089667
-1647.6432324332309
-1653.2036051554162
-1658.7313475102478
-1657.9692193770309
-1656.9746684144113
-1656.2045430951687
-1661.7664386300953
-1661.0035762391824
-1660.2672963785706
-1659.255953624716
-1664.7896355511507
-1664.0192644448941
-1663.3079900399516
-1662.5079646188808
-1667.7825624530665
-1667.0209164557955
-1666.2564987076635
-1671.8118246630038
-1671.021143763761
-1676.5576773340351
-1675.7720706148457
-1674.7495749089026
-1680.292833692084
-1679.5199929808475
-1678.714967781054
-1677.9716110410877
-1683.2106481901403
-1682.4522784596313
-1681.6700190658526
-1680.9019222781951
-1686.4109321340645
-1691.9354744227899
-1691.1424614643006
-1690.112473139599
-1689.3423618602005
-1694.851332473242
-1694.0760598025927
-1693.3046598497235
-1692.512122304066
-1698.017383806148
-1703.2678410662559
-1702.4666275350844
-1701.702937105403
-1700.883884625728
-1706.4013411244848
-1705.5758712914967
-1704.838940577855
-1710.047969945842
-1709.2733634273793
-1708.4602937120114
-1707.6599448190796
-1713.1652152081676
-1718.6615479031523
-1717.8672806833338
-1716.7699117777424
-1716.014258613324
-1721.4788269371825
-1720.7390681095953
-1719.8764520381344
-1725.3986500463216
-1724.5708853925723
-1723.4864507928887
-1722.7319774840482
-1728.1705010078224
-1727.4135889931413
-1732.833633567269
-1732.0773365912692
-1731.219432291671
-1736.7121423128017
-1735.883944294304
-1734.8174806924283
-1734.0144417273252
-1739.5233392405473
-1738.6708331919435
-1737.8286482100664
-1743.3350148366276
-1742.4705985367254
-1747.9866819868173
-1747.1306841065139
-1746.3163477902185
-1745.4884137891604
-1750.680341418191
-1749.850850803549
-1749.0294158082538
-1754.467233600717
-1753.6949780269567
-1752.8323725389607
-1758.2709647826016
-1757.4940698766568
-1762.972179166303
-1762.0918783283391
-1761.2168861190694
-1760.1269192950997
-1765.588581125003
-1764.739494066774
-1763.9041735046812
-1769.3356343610403
-1768.4818278086057
-1773.9904778850903
-1773.0836445820437
-1772.2338849004723
-1777.6909561599948
-1776.9079724961503
-1775.7105620125
-1774.8466393026908
-1780.3763554349753
-1779.453697227642
-1784.8729300938262
-1784.029813885393
-1789.463947048818
-1788.5872738169237
-1787.73544503074
-1786.884358181086
-1792.274141232812
-1791.480424072797
-1790.622633755353
-1796.0192071175536
-1795.1538604025154
-1800.594097510206
-1799.7482317970434
-1798.550707397541
-1803.9719275234065
-1803.1330338272182
-1802.263232509959
-1801.3538864353911
-1806.7604022736205
-1805.9685192163845
-1811.3203012344757
-1810.4360485584334
-1809.5733466350275
-1815.0903038588792
-1814.0869901182714
-1813.2354830189863
-1812.3210491569578
-1817.7815648338214
-1816.8644292022695
-1822.2802932646914
-1821.3848155762125
-1820.505113326638
-1825.9364439114668
-1825.0579318983328
-1824.1377759358652
-1829.5296016489658
-1828.6762673349697
-1827.748407676909
-1826.558781767185
-1831.9558143224745
-1837.4272771908443
-1836.4587280933956
-1835.5319975819502
-1840.9669039877754
-1840.0847098586034
-1839.1251230526682
-1838.2436100646921
-1843.6286327823816
-1842.7267846241803
-1841.7921815784887
-1847.2109492416005
-1846.2640178173244
-1851.6731335584
-1850.7579665156477
-1849.8462448117305
-1855.225409588025
-1854.2811157741687
-1853.4157761905976
-1852.4965583864919
-1857.8770616523893
-1863.2174332449865
-1862.3014633079144
-1861.427919538174
-1866.7185137356917
-1865.8535616134025
-1864.941131758329
-1870.3532211964757
-1869.352892850175
-1874.7318521063291
-1873.9838504204138
-1872.8833067982566
-1871.9188234663466
-1877.3221371618652
-1876.4144481740723
-1881.7460390535853
-1880.7793636503186
-1886.1602406154243
-1885.2611489868336
-1884.3303522242697
-1883.2628788825295
-1888.7163165632967
-1887.7987112215098
-1886.8754364862048
-1892.2099098302963
-1897.5081714285107
-1896.6270896801668
-1895.685355457123
-1894.5983282556956
-1900.408132305707
-1899.4780898855238
-1898.4723010156372
-1903.4485212167406
-1902.9187323674453
-1907.691953579977
-1907.0777194293037
-1906.361629387894
-1911.7227992692845
-1910.3578268661859
-1909.5821062258276
-1915.13054992569
-1914.1971700770978
-1913.1846007646723
-1911.9951774187157
-1917.623457109871
-1922.9433219249333
-1921.4054073724346
-1920.8158049687581
-1920.0734347109928
-1925.4306409890232
-1924.2634139689587
-1923.2534668972976
-1928.8146317462144
-1927.8628164611625
-1933.5023482751744
-1932.5273088240401
-1931.3920749741353
-1936.5928478844196
-1935.9559291163002
-1934.9534088203397
-1940.0612693638727
-1939.229595230474
-1944.6377608633245
-1943.652607296775
-1942.4919500718495
-1947.9539273336932
-1947.035694583676
-1946.0406807913575
-1944.8872318649603
-1950.7435040145474
-1950.1970775183056
-1954.8735009612215
-1953.9948350407287
-1959.3733891392421
-1958.383612357554
-1957.2897654789963
-1956.4162017319925
-1961.7576382158256
-1960.743810645648
-1959.6569298730665
-1967.8175186159435
-1964.0955651504328
-1969.7104220009903
-1968.6974147064473
-1967.642347681023
-1977.160211103109
-1972.0569990061401
-1970.9981903794474
-1976.3366092159001
-1978.5535489063077
-1980.6131119655931
-1979.6075743444142
-1978.566976640475
-1984.2610848093127
-1983.2828061509554
-1982.2483486560238
-1987.5018706625017
-1986.5101694251143
-1989.6126169270037
-1990.7956453510685
-1989.89060725971
-1995.151229406053
-1994.1025363932222
-1993.1150785724087
-1998.6913703786588
-1997.6883917223604
-1996.6776498675968
-1995.739714497303
-2000.9674306543984
-2006.2178996125035
-2005.3152123544971
-2004.2899054420413
-2003.1568022457018
-2008.84582518612
-2007.7582568491412
-2006.7250923004437
-2011.9911237164406
-2011.0837082433977
-2016.2726517393812
-2015.2203517646933
-2020.459944601911
-2019.4297225923426
-2018.7911679073804
-2017.7495287963845
-2023.0053717880214
-2021.9157015862231
-2020.8878655613466
-2026.186232625032
-2025.0867571542542
-2030.7158178848101
-2029.664003870701
-2028.632310334695
-2033.9222915909647
-2032.8451031822033
-2031.8363357362796
-2037.0804770992593
-2042.3210548621048
-2041.315993393498
-2040.6018935831876
-2039.5823530790099
-2044.8079871331713
-2043.7684718994178
-2042.7395077126891
-2047.9753128914494
-2053.2538355531965
-2052.542172864889
-2051.4939751913535
-2050.4346972884423
-2055.645254042367
-2054.6103001771935
-2053.8864089624417
-2052.854598006299
-2058.113302657462
-2063.3109805433114
-2062.264289059055
-2061.1944465879237
-2066.4199929666484
-2065.715971099448
-2064.650843009958
-2069.897269295667
-2068.854124311776
-2074.0707621351767
-2072.992695247527
-2071.9294243552454
-2077.5023599361825
-2076.430196822844
-2075.364312239335
-2080.670034783593
-2079.5478067960403
-2085.0746494221544
-2084.0366121407133
-2083.009286157681
-2088.1782444916926
-2087.1091666338193
-2086.0184269033934
-2091.2337919592183
-2090.5282612716996
-2095.6858336621676
-2094.6341442749463
-2099.9091528558743
-2098.7567787662992
-2098.0480919897045
-2096.9608802284356
-2102.178556310685
-2101.1418625887954
-2099.967268087935
-2105.5361252389216
-2110.811951254319
-2109.66201913901
-2108.5446288474664
-2107.4600663344368
-2113.025792695092
-2111.943943836668
-2110.8381271981298
-2116.016936806727
-2121.207549561558
-2120.2179991978765
-2118.985671299658
-2124.550796678486
-2123.538858084041
-2122.3354747930316
-2127.5049811338567
-2126.407114771115
-2131.970445295401
-2130.8330446259733
-2129.75492321446
-2134.986982848761
-2133.8076531922297
-2139.3712862906077
-2138.2251326522596
-2137.1669723498912
-2142.6958959646668
-2141.538883991359
-2140.450787119921
-2145.673354459501
-2144.5059789784937
-2149.968911661354
-2148.8761933550327
-2154.104130072278
-2153.0184820710215
-2151.81858697819
-2157.370855476362
-2156.3639128712343
-2155.0804342715983
-2160.256882718134
-2159.104177849512
-2164.6230188962954
-2163.568548049909
-2162.395792153728
-2167.533128403024
-2166.3993338744635
-2165.675412145175
-2170.785298894853
-2169.6640665308805
-2175.2253356871734
-2174.0385206821234
-2172.8952902597034
-2177.9913778201662
-2176.903790822565
-2182.451385256023
-2181.2233470038364
-2180.1061502762695
-2185.318281310586
-2184.100515272199
-2189.5620518504024
-2188.487491613503
-2187.3282474081134
-2192.778698920578
-2191.7218401389823
-2196.8103051617295
-2195.6245428189554
-2194.4601910361953
-2199.9591419496833
-2198.950384909995
-2197.6508169973067
-2203.1341283769475
-2202.052569617239
-2207.136162646814
-2205.925465408151
-2204.7798262769916
-2210.2872348581013
-2209.1674845137304
-2207.94733590695
-2213.434469219609
-2218.6063724902565
-2217.368160216104
-2216.195947997034
-2215.016603999618
-2220.4974038410146
-2219.336345703676
-2224.4287634642646
-2223.623990397221
-2228.8226410936977
-2227.587857984461
-2226.374097504204
-2231.4900883834157
-2230.7132821294617
-2229.511124973149
-2234.6027333534616
-2233.7908148987767
-2238.9095582803443
-2237.703867325435
-2236.9141917656048
-2241.9996447495187
-2240.7841112326014
-2239.594774774021
-2244.680711536041
-2243.861927741225
-2248.945763141039
-2247.74238896836
-2246.925540244451
-2252.0176370293498
-2250.7895763251327
-2256.2777762601236
-2255.0687830668685
-2260.1571984315838
-2259.3558158780497
-2258.155508814582
-2263.2500011137063
-2262.021404107833
-2260.8577019017966
-2266.3516396480186
-2271.4007116125235
-2270.242734239325
-2269.413652424357
-2274.5314725614635
-2273.2448243325925
-2272.472832288952
-2277.541717459047
-2276.340810729871
-2281.6948404291197
-2280.5170161962938
-2279.27813184709
-2284.749998687776
-2283.5744459669945
-2288.672027667241
-2287.4631615343164
-2292.50665882253
-2291.187183422908
-2290.1671096956443
-2295.4266387060006
-2294.696110474765
-2299.720444829598
-2298.3997821231355
-2297.6066105472323
-2302.4648867070778
-2300.759261878481
-2300.58327352581
-2305.4198049795536
-2309.909952053562
-2309.84878003
-2308.286836173415
-2312.568125921428
-2311.892410486134
-2311.122452425033
-2316.568948857245
-2315.712608907646
-2320.4695746840503
-2319.500363996595
-2318.6842271667488
-2323.4736192104792
-2321.5406910923202
-2321.6168921162125
-2326.3581103167458
-2330.8862482835493
-2329.903741098643
-2329.3772218542204
-2334.6802545355845
-2333.0286559160313
-2332.4255120717994
-2337.626249710658
-2336.0062554640913
-2341.8136125449905
-2340.229420447704
-2333.728985847601
-2344.8395519083865
-2342.7344916581683
-2346.106473517878
-2347.6480227754237
-2352.400019895126
-2351.503879379522
-2350.7613987711043
-2355.847329635702
-2354.684617081892
-2353.4415214939445
-2357.5998004441067
-2363.936836593049
-2362.071302975288
-2359.9241514699584
-2359.292619846526
-2365.157071322764
-2364.368083560697
-2368.6276405115277
-2368.0071852150136
-2373.6050263932975
-2372.796840616521
-2371.5606176164483
-2376.2589701583006
-2373.06387239783
-2380.464249949045
-2378.7540437813973
-2377.885266982911
-2383.5587471453846
-2380.6673845178207
-2381.0129362579273
-2386.507751505812
-2391.2901566383684
-2390.376450859742
-2389.6022385106808
-2395.1432689514086
-2393.4674097411694
-2392.7549794303636
-2398.164386779331
-2396.829663437288
-2402.537113475021
-2400.2869325052698
-2405.815535177316
-2404.2545454724186
-2403.0413571568242
-2402.902760850304
-2406.633470650777
-2413.7405775393063
-2412.1362573306874
-2411.999595182773
-2414.6690280246044
-2415.2614298453022
-2414.625754280121
-2420.084688051935
-2419.2813301972105
-2422.4087069449756
-2423.4040404482603
-2428.2137382807796
-2427.3903510491637
-2426.500985653914
-2425.527119180219
-2430.359199393969
-2429.477811140253
-2434.503919298969
-2433.5020867606067
-2439.271027435339
-2437.6517391434913
-2437.223222555892
-2442.3544894962565
-2441.5684618543946
-2446.522558487268
-2445.659118817598
-2450.74781855603
-2450.1011015483314
-2448.7623700321296
-2448.3317845283837
-2453.5933652322765
-2452.5679687683837
-2457.9955071601375
-2456.7655015223
-2462.257199000455
-2460.7687938536014
-2460.4688605707574
-2466.234862746134
-2463.8360531305148
-2461.9542947672967
-2468.751840161019
-2473.9129056479865
-2473.5087112753904
-2471.965948571975
-2471.391186743472
-2476.6889531837005
-2475.3076480823424
-2474.5577815617685
-2479.9128132069977
-2478.832479606408
-2478.3390482478226
-2483.546837817225
-2488.64705448254
-2487.5754624912684
-2484.7803997049928
-2493.1746287684473
-2490.988393867737
-2491.7971036573117
-2489.9386508296575
-2494.1598805869307
-2500.986499925352
-2499.199364789945
-2496.579627624395
-2504.279242971366
-2502.774430694161
-2502.4945278957384
-2501.55298015566
-2512.5837757522554
-2511.486648777689
-2510.817471396701
-2510.0711374670745
-2515.6446550480146
-2514.494116368158
-2514.063100909545
-2519.0693243901433
-2517.473696696815
-2517.3281840430304
-2522.768305166067
-2522.4651006426307
-2526.622752584341
-2524.0561924581193
-2526.0250017159847
-2531.5627192475795
-2531.0836731888003
-2529.731392697924
-2535.9951611629326
-2534.415099092175
-2533.4452411402613
-2533.0416883741154
-2544.9582917833295
-2537.996691921718
-2542.644196499448
-2543.4392104029043
-2547.9678709761324
-2547.56122467661
-2547.2511737256195
-2552.058307534296
-2551.9241679846655
-2550.7469358775566
-2552.783507825315
-2556.7374864101407
-2561.3929364720702
-2555.642622141977
-2559.4116649771286
-2560.7590091267652
-2559.100239410288
-2561.0081316601163
-2569.448842432895
-2566.675649793126
-2571.030409809134
-2572.8585822882524
-2576.116802650265
-2574.3830919685192
-2575.248259565556
-2573.4206324389056
-2579.391496524573
-2578.7742533667815
-2578.5888082310025
-2583.93182524024
-2583.1211662436663
-2585.137414883606
-2587.5551039294487
-2593.98665062099
-2592.444266185346
-2591.651411301508
-2591.509323652052
-2596.5442435064124
-2595.811032382472
-2595.400759005043
-2601.1847010692754
-2599.620651477606
-2599.205341723989
-2605.283115820335
-2604.2855083365607
-2610.2837042499946
-2609.3388002501692
-2607.9288308548826
-2614.045230112054
-2613.5647188668986
-2613.270503049802
-2618.4346023245544
-2618.291048349873
-2617.1862618790306
-2615.8524293734863
-2622.4449823662076
