-0.7238739497964123
-0.5349181028577978
0.6813774376362451
0.035505067918803174
-0.0017646771538913435
0.25119152334217537
0.4231391303844067
0.31100368843061943
0.034385752404311534
-0.03756772922431015
-0.02113785124007005
0.0010297414779502911
-0.14309059118371945
-0.6896004370108038
-0.866493041926487
-1.009047180460302
-0.3373208735205278
-0.21146590329245823
0.17793605168366153
0.252006554322894
0.09658070947875508
0.04410662308411262
0.13506227242308852
0.025078150980636874
-0.4330717853554934
-0.724914587508155
-1.7569188177624642
-1.8206195276084154
-1.7034856861289691
-0.7088657709331511
-0.6853213863451297
-0.32480906924620434
-0.19345060055018395
-0.151710966598671
-0.008535804590792645
-0.037731827645968205
-0.3126618410873543
-2.0804525484390615
-1.9644121694486918
-1.9828783842006181
-2.265645786212357
-2.392524197797263
-2.1977657514973665
-2.0523879160987635
-1.0956492189340796
-0.6342921322270446
-0.05062551239865652
-0.22604630967949568
-0.8560726246672288
-1.3130345330821238
-1.466698765909152
-1.4434877492568259
-1.4341345763751583
-2.391187506146605
-2.430951324337029
-2.3760246528162146
-1.6775394773632428
-1.7298294697734877
-1.7302579442773762
-2.3741287888636373
-2.4494156155332494
-2.5688374620285335
-2.5100910143975392
-1.7804241404347536
-1.8383617817215279
-2.0348923659569147
-2.1296589076571566
-2.02191274601316
-1.9515563364471966
-2.1142244618161192
-2.645223519464489
-2.5663259727016494
-2.441783532491656
-2.371793131111287
-2.747593139303041
-2.7654461869915323
-1.733098039156723
-2.117367009464964
-2.2948506700403337
-2.415510095122418
-2.3432740480380287
-2.31172642557896
-2.738504237601286
-2.8746250330479683
-2.8263911342608954
-2.713154347988419
-2.6852343431712216
-2.7883793872724967
-2.807466572428407
-2.802712820636793
-2.8588182719811677
-2.914911490440853
-2.868671550152565
-2.885447213802183
-2.871026390232025
-2.9383091975172713
-2.9179069124541233
-2.7446698311248463
-2.7699067727712507
-2.8612862780027015
-2.8886489846839947
-2.8740259268228057
-2.9043292722815037
-3.051806141334044
-3.2078772459566394
-3.0597002757047402
-2.9743215145174764
-3.1314547231009136
-3.18048443334365
-3.032005466206622
-3.0121717583942345
-2.9691825743083813
-3.052356050823527
-3.2517797627655227
-3.311108027169064
-3.3327489521602374
-3.2903932470754236
-3.313778703525178
-3.36995022746521
-3.463343457348264
-3.5982722451610494
-3.4447914268523467
-3.4409121422670177
-3.47703627199537
-3.5289449397479187
-3.562513131028302
-3.528244044625542
-3.741403099296337
-3.6212634216638664
-3.559464482977024
-3.557135429718791
-3.9106152016975715
-3.6781543583121254
-3.988938787791498
-3.9301105399902854
-3.854328060068949
-3.8617622003523095
-3.9876704810731627
-4.135972031765566
-4.222203053908768
-4.364080545943397
-3.8653900810367636
-3.9972887888821553
-4.0999157540485465
-4.686066456958359
-3.7869544263055612
-4.268934457091077
-4.142707101136556
-3.988221070948997
-4.175366958099327
-4.250768173342986
-5.011729335081717
-4.081415329783884
-4.499006838111009
-4.458476278733893
-4.48171664715234
-4.135374969991985
-4.464847462323574
-4.52011747353353
-4.529071134460096
-5.683885350619104
-4.588583170929788
-4.680760296768462
-4.767883214274676
-4.954531131850583
-4.914712558501248
-5.487619027534675
-11.092357743258765
-11.199045727042806
-5.8045365066708765
-4.898652763991238
-4.634001261238888
-4.545274280219314
-4.946378041619701
-4.954861082153134
-5.351143305142941
-5.35571785807259
-4.636471334685137
-4.7864247947734055
-4.886969261034353
-4.811156178908786
-8.563680792958074
-9.570582838250626
-9.172616343396975
-8.473950614383835
-4.788585113752929
-4.963779669827547
-5.132654391798158
-11.588119342454295
-11.519486205674491
-11.623840916663644
-10.192506346799835
-4.7776626200047785
-4.821204749429495
-4.5806546554866525
-11.830674880767107
-11.915135706871695
-11.746054262471715
-11.647464010921478
-5.378611064005117
-5.70135394723061
-5.5517328393369185
-5.392640032631222
-5.01562707456517
-10.431321129187817
-11.616228637489233
-11.712455857837526
-11.910362611890923
-12.192880521616411
-11.105003977654516
-11.675616702469295
-11.763418887680244
-11.321368755637346
-11.993085382177245
-11.697228386423298
-12.42670428789629
-12.630392595927532
-12.731344482501846
-12.763143783455881
-12.835998732740768
-13.047467875994789
-13.127862715025948
-12.526460834296323
-12.580864935277216
-12.732463083628634
-12.938113656162644
-13.052398481987373
-13.117282455105746
-13.295509073421005
-13.497828768970459
-13.377561536597721
-13.077331165508522
-12.962803011169429
-12.902821760990973
-12.85558308252841
-12.972131412427588
-13.047053200802711
-13.3523068223295
-13.94261150810086
-13.841944614315148
-14.163245424397617
-14.817944318026433
-15.694371488228235
-16.7160720484367
-17.72316168704952
-18.31264583887577
-11.868324589039336
-12.891125350772642
-13.305805499032411
-13.629993031768075
-13.99791844271554
-14.427624617213015
-15.31441162683231
-15.818408433853522
-16.317480022639426
-17.702774699380743
-11.277548595308508
-12.141734366059568
-12.584847685128192
-12.956793267176904
-13.414502842954652
-13.921930696711499
-14.430350672342392
-14.916913794591279
-15.307215494517132
-15.66895063033556
-16.03809707973943
-16.561005060269036
-17.614585689592424
-18.72206627885285
-19.574787858862635
-20.48414833555272
-20.61898271696596
-20.365332030440264
-20.054894975579494
-19.936409650146363
-20.135845781549527
-20.488051950856384
-20.87081911387347
-21.225333380805328
-21.579185960487326
-21.945299543585357
-22.41473462834893
-23.019905159472472
-23.755145277677574
-24.335469447821687
-18.62704719442168
-19.859662399042243
-20.614944677897828
-21.049148384074368
-21.373158552267128
-21.565652184313553
-21.296098757322476
-21.241304341504634
-20.978285524344617
-21.229396824499545
-21.634139156227466
-22.092827649752465
-22.57356823134074
-22.960913587154486
-23.41165226247469
-23.864091001259123
-24.532939041292067
-18.56791955289909
-21.13234930718466
-22.18080660202917
-22.454590124016562
-23.511749595355774
-24.238728429608393
-21.89661805531762
-20.564672339653065
-21.14614377925375
-21.673670944046158
-22.205582784111368
-22.74856372691495
-23.14503263053887
-23.42420434841629
-23.558127792694815
-23.424664439713005
-23.217480323230852
-23.272363337833607
-23.507358133520803
-23.9408628235163
-24.489551085088596
-25.04451552612962
-25.63257465156825
-26.26119482285878
-27.03022179430829
-28.096463877824462
-28.989309213290696
-29.371803190572127
-29.800220515791835
-29.13845683979673
-28.576718270417697
-28.857303006796073
-29.246638841234365
-29.615184524987598
-29.95682988990806
-30.299063212315723
-30.66801206833245
-30.968562323399492
-30.859179095211022
-30.62814486314094
-30.780301170268796
-31.137197890579692
-31.52544087265218
-31.936380482768886
-32.42292705997352
-31.55635822568295
-30.427806013068754
-30.368321950584694
-31.14641081334875
-32.025548078476206
-32.875185499471115
-31.062454768537624
-29.821306074072112
-29.50818349696455
-29.860029820103165
-30.348381893455144
-30.843688593828666
-31.136775665662373
-31.14156470994951
-31.070095202943424
-31.173695675512544
-31.323379091152088
-31.554497463092513
-31.909862345170172
-32.282791431995186
-32.679956906070885
-33.03038894172051
-32.97284989385492
-32.780972685904096
-32.91804854636655
-33.289125551921785
-33.80855963557407
-34.15690354122372
-34.54954576143596
-35.19280449367826
-35.74226723744544
-34.57140816820996
-34.43472260997064
-34.59067530009597
-36.050829218288314
-36.59958793517473
-37.11747184133387
-37.61490384482151
-38.00883937130223
-38.34668561148401
-38.59206299702973
-37.961609247889456
-38.1166845970977
-38.27051635137081
-38.55625459206358
-38.97398772729587
-39.68449532858886
-40.12095894718559
-40.4544443727787
-40.41540368114824
-39.790954815587895
-40.03457830528591
-40.605474165772016
-40.82862576713954
-41.11611900545798
-41.740058928997534
-42.35592859858889
-41.88296345889197
-41.468151179912084
-41.666075281876545
-42.246849375918956
-43.22864136169037
-43.60661745402726
-44.032036447273484
-44.4192785876253
-43.658436076902724
-43.36420272189579
-43.6358562578731
-44.18099790527403
-44.96044524957448
-45.261584189331344
-45.68084561080282
-46.0948510592896
-46.04670664722388
-45.82546912944918
-46.2594928184386
-46.31498254933312
-46.60492729857643
-46.951451836399045
-47.30224639298643
-47.609975178067465
-48.18397165936848
-47.49717389570554
-47.49908048598028
-47.81734395947793
-48.303825260450836
-48.88375175974464
-49.34579165125397
-49.5715799548845
-49.4940909477482
-49.16567141220563
-49.37738235975948
-49.69804064904975
-50.18245463439244
-50.649858809379865
-51.5780320290055
-51.93894345349162
-51.10684601475148
-51.02646980933512
-52.028765503713316
-52.186558252000644
-52.4220766631882
-52.65908223827149
-52.9062466296228
-53.1312747653872
-53.16454645574582
-53.05392074001621
-53.05772037461163
-53.241211749349006
-53.65281458489056
-54.13613717228242
-54.436382564130824
-54.514106326862944
-54.35159980330996
-54.52909304467746
-54.75872550656699
-55.078849003675415
-55.358486256818246
-55.679798767181296
-55.69677488754165
-55.50232744347314
-55.52539951135326
-55.818354206845605
-56.255529433983355
-56.727364602734156
-57.10377496197867
-56.98565034919095
-55.894911282386076
-56.8295631183295
-57.44031047203649
-58.08499059286806
-58.57433681768152
-58.98409303916287
-59.35011650985238
-57.58492978633146
-57.83768477289998
-58.22903646041993
-59.454341983709426
-60.11791514724125
-58.9212560934256
-58.881187764201506
-60.95948532401722
-59.25721266399413
-60.84792068689386
-60.973694590206875
-61.27776588433764
-61.6176689845016
-61.829390932128405
-61.69365944099823
-61.58441420698602
-61.727087636811234
-61.93378190339222
-62.14894084092375
-62.41722501621875
-62.62827342893965
-62.531625440649904
-62.422539887010615
-62.68488864285486
-63.07983595872239
-63.457048265410265
-63.62808907553706
-63.612645020392726
-63.594633361306585
-63.68939041286276
-63.76882779077817
-64.1707187648469
-64.41318564851086
-64.46890064415362
-64.2687239865012
-64.2749052925624
-64.50882180220093
-64.82456531624415
-65.1648009272194
-65.32840417456329
-65.25682361071148
-64.95840706146318
-65.12870569928215
-65.72192604220804
-66.32812444140777
-66.80299880412099
-66.93007798479277
-73.03215951280441
-73.21493018271924
-73.23625602373929
-73.573700783606
-73.78745274959687
-73.95725841674553
-74.24974808244757
-73.59720421065988
-73.78913986125568
-74.17331320967362
-74.67705559543458
-75.3234226870001
-75.82874199687971
-75.51747526194232
-75.26872926685145
-75.55406849608062
-75.87575011618074
-76.13222484431896
-76.29082028308817
-76.22306870799163
-76.13000060798466
-76.23100449236027
-76.4958968953014
-76.73783669826443
-76.89305753808578
-76.80542296037765
-76.76483576539331
-76.89589165609313
-77.1207953626152
-77.39349935268099
-77.68445729094832
-77.77150614831659
-77.64009138934307
-77.70210001513693
-78.00118859478911
-78.3211556467785
-78.51527278884943
-78.47664142754637
-78.37005811012327
-78.4421945873923
-78.59982580806854
-78.7897472717425
-78.86228568360204
-78.77824167675669
-78.73003350144391
-78.8618822946845
-79.08921123494463
-79.3136829881909
-82.03425163257985
-85.76398650993774
-85.80026242637543
-85.9947744558224
-86.1379561480643
-86.52970947035752
-86.64017911616043
-86.57586474634651
-86.50871817785514
-86.68442141990484
-86.96412489663902
-87.20248743366248
-87.27818763244562
-87.18963534956285
-87.16815459924474
-87.33732396136523
-87.6291788488972
-87.90790266646974
-87.9602148502335
-87.68862579240403
-87.64186729420604
-87.96702835137914
-88.4336235286083
-88.59249590981584
-88.58370612392928
-88.28468264318994
-88.44885850593526
-88.78381206948812
-89.10207662123281
-89.33073528524912
-89.31754437517401
-88.85317850133265
-89.06807443473821
-89.4301818033665
-89.89608656856498
-90.483974779889
-90.61216528719797
-89.79815326067587
-90.1228099856849
-90.65788339067454
-91.09530811611457
-91.13930769836742
-97.29352044612065
-97.1819867013279
-97.42995392327626
-97.73975566624355
-97.95529554163382
-97.96260133406446
-97.79576269680463
-97.7977095835109
-98.04307218659527
-98.3427080852205
-98.53641066229194
-98.48954571867702
-98.47157302895708
-98.64699009520722
-98.91511165883881
-99.2081585840986
-99.41116590248149
-99.34536843627205
-99.19761941832117
-99.30396909513969
-99.55631507727635
-99.76937830313209
-99.75663340991792
-99.62104846396065
-99.69290262980599
-99.8817708953807
-100.06781378896642
-100.21424742703404
-100.13948498045127
-100.18076035016404
-100.33815051734085
-100.55958607429362
-100.7756833234219
-107.01804742621043
-106.95115736588635
-107.07510343450778
-107.23245274659986
-107.34125869298481
-107.31561239086226
-107.27205198988192
-107.30079511879346
-107.4238333637913
-107.56609121426837
-107.6544893992649
-107.7390764515802
-107.69713286728404
-107.78731616757767
-107.99430146032721
-108.17325865863059
-108.17259582081562
-108.130344691868
-108.19426379216536
-108.36638311273205
-108.5352442423976
-108.52666546779027
-108.3976959129885
-108.411470435611
-108.58338742677435
-108.80614575814356
-108.82097150676356
-108.71029707073022
-115.0624563628348
-115.09646579250881
-115.30461182808627
-115.34135260968888
-115.28238970534149
-115.27294340322408
-115.36456110165544
-115.53015083917595
-115.6287165068522
-115.55795127539683
-115.48588324269076
-115.63588600155049
-115.84484026863399
-115.97115368989043
-115.9205411879788
-115.87579473795962
-115.97783548223603
-116.11917478501496
-116.18612524285577
-116.16153292997005
-116.14546347552998
-116.23201840413212
-116.33363410937487
-116.4177061466417
-116.42587205009008
-122.65297664347564
-122.7967264774421
-122.84886373601968
-123.00088875302006
-123.04697026230872
-122.99800677010977
-123.04078105785534
-123.2622490557098
-123.32751714176649
-123.32671299038283
-123.26636789178752
-123.28840942629091
-123.36543079139918
-123.19786953198998
-123.53527074276886
-123.50371289519514
-123.49831508470575
-123.62462469531764
-123.78337105449016
-123.85461025200189
-130.10144236523936
-130.03869145623153
-130.1900406081962
-130.37151150046566
-130.57748221185233
-130.3099903861887
-136.6666445367953
-136.79651646015702
-136.8519704897631
-136.84020556679994
-136.74121176538156
-136.79876494932583
-136.99300806451924
-137.1113965870859
-136.9724546067087
-136.89977660696886
-137.01874382592447
-137.17279833810355
-137.26719608503083
-137.28588221618705
-137.27533796840558
-137.30844846754405
-137.42966790241093
-137.5465000348901
-137.55614794623241
-137.4811971070204
-137.5212296157997
-137.72336688227483
-143.92945733695095
-143.90319564710856
-143.94969736292674
-144.0502667003739
-144.163110099636
-144.12553066733022
-144.09883012027868
-144.07180142120262
-144.1668314135479
-144.34156127368283
-144.4391686933036
-144.4395833380372
-144.40760824801927
-144.4869391254737
-144.58252412729016
-144.62563521714213
-144.5929445984622
-144.59831279450222
-144.66495033123735
-144.76140004235265
-144.84211279206346
-151.06193001960864
-151.06531674353724
-151.1688619095492
-151.33793637336234
-151.2149482430485
-151.1309714576307
-151.20247571389194
-151.33408384572883
-151.48829899135964
-151.46336122772675
-151.43384728479825
-151.72267944489613
-151.59763417043848
-151.61919440009498
-151.6094643698226
-151.60828748984855
-151.8402847391293
-151.74125957379056
-151.76626220295122
-158.00932598336476
-157.9810428880027
-158.1770000836351
-158.3289373658229
-158.2606631011075
-158.1311825685585
-158.30924841897664
-158.35641032525817
-158.48757540877065
-158.45132565530673
-158.40614877436474
-158.48063232409672
-158.57735626720253
-158.60981201162718
-158.5491351045443
-158.52684641256909
-158.62316473478796
-158.93733433998327
-158.66612597638192
-164.88811169785404
-164.95689424162012
-165.17569636847855
-165.2989979945206
-165.1656115417936
-165.08691917698422
-165.09224150546422
-165.32458977703774
-165.34463879537677
-165.3005924963183
-165.2403502369755
-165.33112729951245
-165.45366361751545
-165.4299952255815
-165.357003045604
-165.39740294811278
-165.5967111114025
-171.94835549002883
-171.80286398582157
-171.7663569540236
-171.8542596488854
-171.98271884408746
-172.0889675699044
-172.03872398727904
-172.00844264165974
-172.02897773923203
-172.11754092156173
-172.12005401902863
-172.06674365002613
-172.08535982820706
-172.1881757674041
-172.2604899357156
-172.21250040890914
-172.17325165270975
-178.49323911683138
-178.69024677511234
-178.5964349302515
-178.54225608764193
-178.60504431179018
-178.71041701034034
-178.73775829305382
-178.69545328162187
-178.70475478062647
-178.78448841525835
-178.86469385661755
-178.88200689845263
-178.83156980370669
-178.83700934764974
-178.91332351068988
-178.95091613622887
-185.27183739671727
-185.214319439294
-185.2528775221199
-185.3358833932712
-185.26812226133646
-185.32038126299733
-185.3421546595459
-185.42320389552293
-185.49480980190862
-185.42370741804604
-185.3938642284665
-185.4363340019363
-185.54183974297885
-185.57588993051738
-185.50854752131175
-185.47224166920705
-191.8823202557458
-191.9554776886693
-191.88862828360274
-191.84864787135137
-191.8940367136437
-191.97156015995657
-191.85129764940493
-191.97284721159502
-191.95166016090155
-192.01218682447296
-192.048283514644
-192.0444935236701
-192.01999290874957
-192.05930803558672
-192.10555547826263
-198.41649217571566
-198.40898775699856
-198.41717144839305
-198.45935177240787
-198.52404048531167
-198.49047677586114
-198.44797692986336
-198.52046099642953
-198.55025522689235
-198.5310003435547
-198.51077831148513
-198.53839056983355
-198.6036337949669
-198.61745385132457
-198.56501070543658
-198.55679403170765
-204.82907870291118
-204.9818366811615
-204.98172530115602
-204.91805487006948
-204.97596861770984
-205.02969499402963
-204.88653543548986
-204.96137307559636
-205.110545843049
-205.0220701845356
-205.0599819834796
-205.0549090034133
-205.00601721332816
-205.02786154778687
-211.27687724600005
-211.41035794866895
-211.37525136416951
-211.3477295518465
-211.45958462022486
-211.45354483423552
-211.4211198851343
-211.3801161212905
-211.45765658099572
-211.4700008653349
-211.4413367059797
-211.41814973514965
-211.46208767947874
-211.50439032763168
-217.84163239781807
-217.7774969161963
-217.73033665319602
-217.8558468168293
-217.84208488566713
-217.80823552471486
-217.76599288764672
-217.85242733426853
-217.86607367255368
-217.80419591530304
-217.79723962340535
-217.8477988679309
-217.8959363776192
-217.86739480824124
-224.17602243505328
-224.18869069055668
-224.1809065136876
-224.25486582367935
-224.15748876806356
-224.17909989149405
-224.26687295531525
-224.24053274197078
-224.1559072780946
-224.1353210371729
-224.33932238436645
-224.06440678335787
-224.19154231443775
-230.48800436630341
-230.57716612235504
-230.60545481187648
-230.53177245417956
-230.54117069294605
-230.56299753847696
-230.54553675296003
-230.55763049264527
-230.53688162869315
-230.63363102411404
-230.56256021952822
-230.56381481631504
-230.63233635196406
-230.50902336304836
-236.8824162461326
-236.9313688025145
-236.8406346874976
-236.8398808819268
-236.89565639963487
-236.94233137437388
-236.86707095473307
-236.84412793713153
-236.8813228238716
-236.91163040676008
-236.97081142072466
-236.7961206336497
-243.13096363551182
-243.1475957960281
-243.12146016602532
-243.08871751615317
-243.1089598562419
-243.1781707906818
-243.19151890660123
-243.212254119168
-243.10784717751932
-243.18917349706285
-243.29055943289657
-243.1129634328348
-243.0863291084661
-249.44507997763856
-249.44719737394578
-249.40184044792923
-249.3741975931454
-249.39129449179796
-249.31979618808202
-249.4148273629212
-249.4524183752561
-249.34234508603163
-249.52059305628916
-249.39782267422268
-249.30723902018823
-255.49873480978542
-255.56115622344487
-255.66489490250416
-255.48248521286814
-255.50763325650118
-255.6596071279687
-255.59806213918253
-255.55729303751227
-255.57028586379232
-255.60925452942516
-255.60697415991177
-255.65195582222026
-255.64100708290147
-261.7967398893216
-261.7863025882992
-261.62695087990727
-261.76925593527295
-261.8195685521853
-261.6816709461722
-261.7354622616568
-261.6972401270144
-261.7494168142604
-261.90569675517577
-261.7258114974584
-267.8258096161
-267.87728499923776
-267.9289047349914
-267.9044084430396
-267.82160915086763
-267.85115760242934
-267.9679000996337
-267.9177853545942
-267.86432559980517
-267.9033977483161
-267.9274788992257
-267.8525496579923
-273.96804465547524
-274.1676860211154
-274.1942311847633
-273.9867520501823
-274.0373843505364
-274.0939436270637
-274.120734321324
-274.0747240585904
-274.0239065881815
-274.01712639083667
-274.0551915146629
-274.05304175631545
-280.262679379036
-280.09195832814044
-280.13934096767593
-280.17227593116144
-280.21420234206494
-280.19671270190065
-280.24483273903945
-280.18026401360623
-280.1287601549718
-280.1710860702691
-280.18932803752045
-286.43593893756236
-286.3990239891973
-286.2551072171237
-286.3259997414265
-286.4059648549289
-286.3171699423324
-286.30020090493167
-286.3224183307157
-286.3063363472255
-286.2431692363648
-286.24903487303
-292.6033770079934
-292.5387083960185
-292.4251421610218
-292.43177686065985
-292.516889993203
-292.44011974839447
-292.34818545235714
-292.3831591395767
-292.3948613807484
-292.3318171429245
-292.29680573415624
-298.5980643986622
-298.64936329493815
-298.55506992545037
-298.48634920032947
-298.4739132404199
-298.5424001203966
-298.47240182023995
-298.3965136233381
-298.43041959296346
-298.44729243577285
-298.34445785428466
-304.6297496760388
-304.62148319482594
-304.61129642015635
-304.49528390521806
-304.54561956160893
-304.5562054778469
-304.53551733609413
-304.4371338616361
-304.41764435228725
-304.43036967589575
-304.4576593605738
-310.6192155815194
-310.63833762023603
-310.58612772421617
-310.6084461516931
-310.5395884666125
-310.5182932244384
-310.54813879065523
-310.5411926623134
-310.4232666895663
-310.4311477744769
-316.7528426341839
-316.69920044608847
-316.6241017496295
-316.5535732025842
-316.60525305486766
-316.5545893482605
-316.50121337386025
-316.5214216759039
-316.5023449243804
-316.47027089077886
-316.4431025659207
-322.689579460551
-322.5812610833426
-322.47858677974085
-322.4184972366778
-322.5793454866274
-322.5511511553552
-322.4758428482756
-322.4335926019803
-322.46186789706167
-322.5083283339094
-328.56241708091153
-328.4455707172632
-328.5064856881852
-328.49502461409
-328.53066962617413
-328.52801653815635
-328.54119054798565
-328.4706406826614
-328.3967043447288
-328.37164412857334
-334.70000006708153
-334.4289315467327
-334.48708784731264
-334.47418068243013
-334.4425934378603
-334.4787256636627
-334.3997767170388
-334.44262516053243
-334.4410604403796
-334.3136249353639
-340.4902049964482
-340.5959200307291
-340.37698729065164
-340.4355015996482
-340.2629520007572
-340.4557526666837
-340.3764814109149
-340.34397548166913
-340.3070854117462
-340.3064528649213
-352.87117653142207
-340.25668958348865
-340.1867349401788
-340.2028748292689
-340.1238842389185
-340.00277045003793
-340.01631997564334
-340.01933293718474
-340.0131939281035
-346.17705906231913
-346.2362897722993
-346.1858745544533
-346.0672298502189
-346.0732318548284
-346.0584577606547
-345.95414794855327
-345.90108741985586
-345.8964426926027
-345.866681489495
-352.0897690840065
-352.0055797986378
-352.04055666681484
-352.01940682265337
-351.93920309635894
-351.95479276598456
-351.88390915590287
-351.8540072677719
-351.7320151278239
-357.99008112641184
-358.01002096586996
-357.9409520685984
-357.8498952009032
-357.8509385204158
-357.8236903015398
-357.74188366231016
-357.74659308857446
-357.64759960379837
-357.62399902264974
-363.8491013709107
-363.790949728636
-363.7974527982272
-363.75616111366367
-363.64256032541573
-363.6187880868286
-363.60441924184164
-363.4976873069815
-363.479157374249
-369.7495448798284
-369.72493159498697
-369.5273728284045
-369.57070427214745
-369.57819797054435
-369.52858302567483
-369.4248038026919
-369.3694586805644
-369.300327576646
-375.5291088867745
-375.51666785132306
-375.46091489669345
-375.39765943491284
-375.3471243649493
-375.3256632369582
-375.27212693119156
-375.24764607686967
-375.1685499651346
-375.07111918453637
-381.3357870781458
-381.2784541034459
-381.14765724658645
-381.14891681213885
-381.1590567596313
-381.0185699529491
-380.9677209594989
-380.98481145277265
-380.89334484611584
-387.0444274100743
-387.0490956867584
-387.0500638327738
-386.8871651645576
-386.84926969958735
-386.85887863102135
-386.7751185619664
-386.6634036696474
-386.61811542845675
-392.8777547752855
-392.77259244975284
-392.71646552010134
-392.7024004941229
-392.6329475903009
-392.55097401877543
-392.4767483767726
-392.4382328481116
-392.34147568132136
-398.5459385444207
-398.50385940886713
-398.4344531192124
-398.36471510958694
-398.2773909256715
-398.217200468977
-398.17704726586817
-398.07912995144034
-404.2590387360289
-404.23300655492295
-404.1755925718786
-404.0202729329376
-403.9802060968821
-403.9719820977185
-403.81686450153796
-403.720558080298
-403.7477545024809
-409.9143100401633
-409.7644505076369
-409.77354048731036
-409.70296435403395
-409.5313676098531
-409.49815921655016
-409.4639631534475
-409.3422380452776
-409.275584037312
-415.51483175777264
-415.4194481437815
-415.3271041384259
-415.24873450310776
-415.22327035469067
-415.1297308899299
-415.05518827298107
-414.97247747666813
-421.1533373569177
-421.0493656265094
-420.95928940754436
-420.911654543487
-420.84484146417566
-420.73986065785215
-420.6118235159989
-420.6435198537794
-420.54230799035594
-426.68914692618125
-426.73015850227665
-426.63262323622126
-426.42783917654475
-426.3964750078773
-426.3479002678381
-426.2115396210082
-426.10746255401347
-432.3282254614688
-432.25278160514057
-432.18683843796134
-432.14502205735835
-432.1561906934972
-431.9056776585206
-431.82579447560664
-431.8327990544403
-431.6995425099363
-437.82315290043096
-437.80065141806966
-437.75193918376425
-437.6106619000918
-437.5348238758196
-437.4917594226162
-437.35209982966427
-437.28227711586055
-443.50371907222285
-436.463222768719
-443.27816810578474
-443.2084700850761
-443.3740001327585
-443.0600423985499
-443.0521920492305
-442.8781325781002
-449.069462657663
-449.08029936388675
-448.9898472235412
-448.8995481462367
-448.7395309542425
-448.60872398802684
-448.56265652014304
-448.5033362333
-448.4001378195646
-454.60868656276995
-454.580377552899
-454.440876090227
-454.33112038590775
-454.24286841800915
-454.12215929490486
-453.96859302454584
-453.9343843423629
-460.0580620680139
-460.0334585159011
-459.97770552688235
-459.91486228215723
-460.26655232899856
-459.6138588164177
-460.18376661817535
-460.0050130288938
-465.55042850175033
-465.4633435320196
-465.58939547603364
-465.4798735183518
-465.2466382550142
-465.14851300720676
-465.49290102373493
-464.9249405881314
-471.02120470497556
-470.93914447947213
-470.91365038425937
-470.8182191159374
-471.14039019328953
-470.5825195548859
-470.8338728767863
-470.9697633441293
-476.6470824991012
-476.5121587068912
-476.43644011812603
-476.37639743316765
-476.1262807691297
-476.02037893779067
-475.9872278739577
-475.846689858139
-482.10015455785776
-482.0484627757081
-481.932923263485
-481.76844059660607
-481.622160291255
-481.5140612531796
-481.7618728527096
-481.28640489483536
-487.3557224225294
-487.39631707673016
-487.29036586924207
-487.1894549002232
-487.1008982646067
-486.97786550330693
-487.6996554800136
-493.1356493306286
-493.0449622673953
-492.86853091985483
-492.82653057164157
-493.37929391707905
-493.3682435920869
-492.35450448050744
-493.3996927536116
-498.513673309313
-498.42828217510066
-498.3443923386171
-498.1633985117581
-497.89207195249224
-499.1970805012729
-497.64197156362013
-499.1395576139386
-503.83645850317635
-504.9759722484605
-503.6090466881394
-503.47237250304914
-503.2424278001378
-504.5759227912325
-504.49596801518453
-504.3484119764165
-509.1122009922561
-508.97188202624693
-508.8776591436126
-509.7713855755199
-509.6245797907835
-508.5031320655399
-509.4647124505732
-514.5529828164514
-514.4004315627698
-514.3166007626618
-514.1852425634959
-513.9255199145778
-514.9374700276855
-514.5815223785669
-513.7267852549298
-519.6684060411252
-519.816748981168
-519.6322646794026
-519.5150581886036
-519.6489977445782
-519.7424577790509
-519.2073204535996
-525.267990194786
-524.9717509181409
-525.0408118807342
-524.7274778251358
-524.6952745072834
-523.5364491149376
-524.3480203366278
-524.2190681084243
-530.2886633879887
-530.2296773899134
-530.1180549343308
-529.9473301119964
-529.9102182274444
-529.796500395052
-529.9880762561438
-535.7079385799777
-535.5765418169251
-535.442362375669
-535.2603465977974
-535.241071902106
-535.4960643002468
-534.994611774282
-534.8435775997335
-540.9261837362513
-540.7480870771882
-540.5957522925099
-540.6435704137645
-540.4645543945304
-540.2830619073634
-540.1757434091227
-546.1707840560117
-546.028682190107
-546.0549756878486
-545.8131906274027
-545.7311490911372
-545.6155854113912
-545.4665815761108
-545.6075612469213
-551.3816489722408
-551.2566853523197
-551.0580680314285
-551.0174097165582
-551.0551024012137
-550.6844627292095
-550.6157598168065
-556.6822860141128
-556.629742473892
-556.395365004981
-556.2772642328706
-556.1974763311854
-556.0305224965666
-556.0203392956832
-561.9899592312846
-561.8134424853532
-561.6444308582825
-561.506863403729
-561.5049275137067
-561.3136038668629
-561.2051364036356
-567.339741146601
-567.0726073947486
-566.9730009548929
-566.7623479588833
-566.6861321026253
-566.6361746785824
-566.4428841103022
-566.1428948994376
-572.3272053318169
-572.3191816305086
-572.0927753465611
-571.9641649205932
-571.8001465800844
-571.6429075987909
-571.5062272536491
-577.5082793948657
-577.4708006627968
-577.2808086346602
-577.1633701283746
-576.9914459837746
-576.2036881094723
-576.7061529300923
-582.7561245775659
-582.5000718757452
-582.490345113522
-582.2854846798538
-582.1316740753913
-582.03073050848
-581.8609239593656
-587.9957442823975
-587.8314507558825
-587.7206393065464
-587.4155905405371
-587.315431413125
-587.0984084786838
-586.9975042769407
-593.1519949194922
-593.0217502528759
-592.8609167268573
-592.7256617641631
-592.5568466590411
-592.271944677503
-592.2014641040963
-598.3790310182743
-598.078347809264
-597.9306362471547
-597.8978279941841
-597.6808565911418
-597.4896578904816
-597.279767106036
-603.3707089654822
-603.2166610960782
-603.0193814691307
-602.8824305499941
-602.4679634508876
-602.5858048843073
-602.4274995826333
-608.4721541380627
-608.2616819120809
-608.1816217833191
-607.9899390044242
-607.878795560649
-607.7410823007135
-607.5273449123439
-613.5478786478194
-613.4840195162121
-613.1937883267483
-613.1122511624969
-612.9887640789113
-612.7300694781658
-612.585839456315
-618.6348310599335
-618.4032843860397
-618.3004025704821
-618.090141600556
-617.9362231273918
-617.8101008803023
-623.9009901237384
-623.611699622188
-623.5041348615948
-623.3637259958092
-623.1800898497152
-623.0183069945924
-629.1784598513711
-628.9808408305306
-628.8097012385903
-628.6390778171292
-628.4136524996367
-628.2133344378659
-634.3470042103439
-634.1559920810674
-634.054147078003
-633.816022963469
-633.5893273232144
-633.4133316292133
-639.4794883179185
-639.2273356701388
-639.1159791443483
-638.9960764792918
-638.8050899767991
-638.6014990679112
-644.6661921298758
-644.4844461359335
-644.2899266002323
-644.177092548195
-644.0069475763436
-643.8140710436734
-643.6231950832833
-649.6316142368144
-649.4631824378253
-649.2920893866819
-649.1133836998796
-648.8973462927378
-648.7099537733769
-648.5133032318529
-654.5827237698422
-654.4415501536596
-654.2022584179997
-654.0715218969692
-653.8846437186191
-653.701582702547
-659.7319261833929
-659.5375688211386
-659.3308260864811
-659.1420933253171
-659.0049387154301
-658.782940258609
-658.6189862116809
-664.6761284590237
-664.4765210783911
-664.276018044078
-664.1168763107477
-663.8867020339771
-663.6836457400887
-663.4867529511941
-669.5376058773537
-669.3526152579631
-669.2037740089552
-668.9715499004445
-668.7640746813784
-668.5941528052865
-674.6209754949939
-674.4547168251797
-674.2927834249291
-674.0584825684191
-673.8688631240941
-673.7183050623106
-673.440270072495
-679.6159698707652
-679.3746738315267
-679.0738110554297
-678.9316257546744
-678.6923181184615
-678.4319894047122
-684.5371131124798
-684.268200863823
-684.1053953386867
-683.9026278986706
-683.6975354015992
-683.4190139379467
-683.3020154041201
-689.3684704546353
-689.1616699068111
-689.0149590209788
-688.7761284140653
-688.5166871368024
-688.3280648853768
-688.1036225576502
-694.0919468896618
-693.953840876432
-693.6756944458422
-693.5305668066005
-693.3426389615239
-693.0905440563274
-699.1791021499074
-698.962626249732
-698.6825613842071
-698.5051194591009
-698.2753208722754
-698.0051381688679
-697.7839690949276
-703.8564807456837
-703.6355330032583
-703.4329488204352
-703.2632142703426
-703.0201592777315
-702.8389767615683
-708.9009539955974
-708.6347154387221
-708.4295701040752
-708.1841155368793
-707.9257460547685
-707.7240254531271
-713.7715945579212
-713.5212606045183
-713.3719131376016
-713.1393942066707
-712.8753244913343
-712.6952182495587
-718.7102626996781
-718.4743568297907
-718.0573078641507
-717.0456406698929
-717.7689859683741
-723.8663326724069
-723.545161391147
-723.3929611529668
-723.134712863684
-722.8671590151306
-728.9823027537728
-728.6821105667304
-728.4954427134234
-728.2695873932762
-728.0350558320783
-727.7627336025225
-733.8268533338829
-733.6073242447272
-733.3621148993345
-733.157477055984
-732.8881361489786
-732.6424287770678
-732.4120710935006
-738.3986613635949
-738.1973742691275
-737.9747874032711
-737.7180949672111
-737.4498679383287
-737.2306227486606
-743.2476390320641
-743.017223443717
-742.7664198411488
-742.4796649209813
-742.3045449916457
-742.0759513423351
-748.0593118345342
-747.7561203332536
-747.6009774094556
-747.362489361833
-747.1103904477707
-746.8666834208715
-746.650395549973
-752.6803251418421
-752.394670635918
-758.4308129461024
-758.1751394262475
-757.9074377299883
-757.7108066560174
-763.7200198364911
-763.3988967290434
-763.235281483774
-762.9265044839224
-762.6348143657892
-762.4551216098254
-768.4243404345709
-768.1905311943403
-767.9325492789006
-767.6063501175889
-767.4390942212249
-767.1267617732101
-773.158513605215
-772.9861028009324
-772.6580017817837
-772.4482759625557
-772.2025075938938
-771.9452192304522
-777.95368744969
-777.4698000806782
-777.4133188022107
-777.1415029096388
-776.8846902029671
-776.6165376908157
-776.279565230782
-782.3002728787675
-781.792525439804
-781.6422721469335
-781.5302395200847
-781.2330379133751
-781.0100043340788
-786.9836536513068
-786.7100855991454
-786.2911220508547
-786.2324338452554
-785.90487484455
-785.6770059246934
-791.3220527221972
-791.5538572730281
-791.1290483695412
-790.8299800334217
-790.5210240462668
-790.2697676443298
-796.0779204849011
-796.0607573386039
-795.3469295791497
-795.4751337425097
-795.1228982786278
-794.8368091573947
-800.8868650604932
-800.6311197169508
-800.2383773637087
-800.0917049500079
-799.7834032113508
-805.7687319878953
-805.3478702586164
-805.2459868410008
-806.8071757274666
-804.6634384774496
-804.3752451515271
-810.3387578153183
-810.0355357533997
-809.7819257359305
-809.6332988951466
-815.5270227745267
-815.0895120407649
-814.9181803204997
-814.5732891665814
-814.3619862024169
-814.0594626846098
-819.8084685137511
-820.9193084497085
-819.2108579151889
-819.2560971550099
-818.9333673715344
-818.5994224516949
-824.1197336623198
-823.960427771544
-827.2382584783335
-823.7447851617167
-823.4296028970168
-823.1992169625472
-829.1611236366825
-828.1646221363602
-827.6761764874276
-828.3166320438495
-827.9720747042677
-827.7297935609673
-833.0840698023469
-833.3149068446561
-833.053672275845
-832.8274692089526
-832.5707761397869
-832.2484243728696
-838.0905545371005
-844.1299426916748
-843.1009128229133
-843.506125481243
-843.1199675641722
-842.8421557736272
-848.1776579910381
-848.5261117861259
-848.1552219640445
-847.9301052809587
-847.5920512892422
-853.559890230824
-852.7519788022504
-852.9268089401223
-852.6887980969509
-852.292610400514
-851.9354549750176
-857.9824147566338
-857.6973773802673
-857.4062596879612
-857.1195851786736
-856.6565561842325
-856.3871145642154
-862.4201952731228
-862.0154342095688
-861.5163423587296
-861.3741103628228
-861.1316064385603
-860.8152481465926
-866.7257401410666
-866.4307086931827
-866.1168815115118
-865.9063337195099
-865.5162977826035
-871.3405850564352
-871.0949396020803
-870.8062190974989
-870.4684725229257
-870.1444473694249
-869.8372166061653
-875.7542534375771
-875.4518798083876
-875.1437458342377
-881.0544733997879
-880.6752341510972
-880.4046020124905
-880.1809897336833
-879.8072078253684
-879.5586170758631
-884.6896452904365
-884.4949281631239
-884.4205843413079
-884.4910187543421
-884.1242507269587
-883.6441414798187
-889.6005335790153
-889.3025653594128
-889.0088778802744
-888.7557444629014
-888.3346029263702
-887.8919961339891
-893.2050756933229
-892.8242522168514
-892.8621494573806
-892.9148040872791
-898.7315432188404
-897.9128898779474
-903.8545355498832
-903.3832167595855
-903.7095334829902
-903.4011293485177
-902.9464304073936
-908.9588957640232
-908.6017827720784
-907.8033347014322
-907.9715819161896
-907.4543742808486
-907.1843668323827
-912.8079775773385
-912.2201804625091
-912.2864657300822
-912.200436239693
-911.7743031194278
-917.569461976898
-916.6755915034032
-916.9587961820896
-916.6844032069585
-916.2706213739499
-915.7840937615385
-921.3283291191409
-921.4438637273454
-921.0664256248647
-920.7322911185763
-920.3849325051883
-920.128583580037
-925.9360980516026
-931.771075274312
-931.4477939643758
-931.1817570359453
-930.7303124114262
-930.5151930693929
-936.3712303397635
-935.942617298475
-935.5034329730016
-935.1368895121557
-934.8332169786412
-940.7448986239713
-940.4161292081858
-940.0682890501357
-939.7540762328397
-939.3060388501289
-938.7986645921626
-944.7679589048578
-944.426592075022
-944.04184689283
-943.7483495878413
-943.3614350052603
-949.2933271049566
-948.8408411983112
-948.3814738795276
-948.0102008137094
-953.954624625526
-953.7311909924294
-953.2308460226889
-952.8061930869153
-952.4901876862427
-958.1768865222755
-957.9402372897921
-957.5092836794047
-957.0843928572968
-956.7736546633054
-962.6882145984962
-961.8548773451713
-961.7673409896037
-961.5310585340859
-961.188270337484
-960.807162221947
-966.6008981367883
-966.181783822112
-965.7665203498022
-965.5166561657151
-965.0265055026732
-970.947814519465
-970.5806191672804
-976.4626535565496
-976.1334030101315
-975.7343564594838
-975.3018000951782
-981.2483302665507
-980.6161479131333
-980.2491476682494
-979.8683694686202
-979.4620390602954
-985.3702773730006
-984.9732435937956
-984.5971148234158
-984.2261437003996
-983.7534398176645
-983.4011186092239
-989.2549333816138
-988.7862398277662
-988.2628425200687
-987.8878198188852
-987.4755530811192
-993.370527405702
-993.0031493669679
-992.5700271967617
-992.1887564363329
-991.7777814831929
-991.3555757316122
-997.25719684739
-996.7862344910478
-1002.6921549813542
-1002.2260352126101
-1001.859206404885
-1007.6345714644266
-1007.1307471476548
-1006.7404209930052
-1006.3168472920878
-1005.9214093959708
-1005.5455826965551
-1011.3323724174463
-1010.9207361861662
-1010.5292243832234
-1010.0973713144549
-1009.685268773651
-1015.5297065797644
-1014.3456070706052
-1014.6736672121953
-1014.2627530460126
-1013.839642961739
-1019.6480292776691
-1019.2622290455179
-1018.774458205598
-1018.3769907733572
-1024.2068425565644
-1023.668208757963
-1023.2266031462852
-1022.793942689459
-1022.3141182795484
-1028.1132753252589
-1027.701826496235
-1027.2458712460018
-1026.7956375379053
-1026.4558371553262
-1032.1785080520256
-1031.771622699809
-1031.2981834986335
-1030.949548699358
-1030.4124955694415
-1036.269377806155
-1035.8301517080165
-1035.391024078446
-1041.2119015164074
-1040.7614951930495
-1040.268142898433
-1046.1550467787777
-1045.6504116090123
-1045.1942505564186
-1044.7236013149122
-1044.2685755296325
-1050.1585081242927
-1049.682738569436
-1049.2546617508756
-1048.7446711647092
-1048.3277631798144
-1054.121209523651
-1053.6340391200408
-1053.1933617672096
-1052.719631346555
-1052.2938826688132
-1058.086179833644
-1057.6243098977384
-1057.1541169089555
-1062.9489432693892
-1062.51017473451
-1062.0015483070838
-1067.8437963572126
-1067.331868453374
-1066.8790090521286
-1066.383967232058
-1065.9056343631778
-1071.730377449461
-1071.1952121826305
-1070.7071859479763
-1070.3125089763425
-1069.8108492188614
-1075.5683804464445
-1075.0259365147112
-1074.5797330010105
-1080.4519804276667
-1079.9928423346546
-1079.4630821502699
-1078.9392716408486
-1078.5113531664026
-1084.2900261164627
-1083.770372334851
-1083.247723641359
-1082.8269280983068
-1088.592012956574
-1088.140165291526
-1093.905271668339
-1093.3791352267824
-1092.8948043643031
-1092.4358034607649
-1091.9440876620995
-1097.657436976132
-1097.162441273783
-1096.7021803542502
-1096.204450943294
-1095.7421283783906
-1101.45197763403
-1100.9884863051504
-1100.4707109206906
-1100.1039820046449
-1099.7637148744589
-1105.4971760271226
-1105.0011516957534
-1104.4806431954821
-1104.0141434001166
-1109.780049810696
-1109.2856996248524
-1114.9977616508434
-1114.4784093367518
-1114.0348753693802
-1113.503749731677
-1113.0026552784623
-1118.7141768735896
-1118.2215498036985
-1117.7560255047874
-1117.2160780467523
-1116.7337592601546
-1122.455731004623
-1121.9807965012994
-1121.4319146222033
-1120.9452603898158
-1120.5263874665238
-1126.4129933612217
-1125.9231298927828
-1125.3179206113502
-1124.9068857039822
-1124.3436575818878
-1130.1542376669574
-1129.5582667469112
-1129.0415888710786
-1128.550593947226
-1134.285141442031
-1140.0854371487032
-1139.536227587756
-1139.0221254510154
-1138.481374652422
-1137.9596026178708
-1143.8202955137012
-1143.4202172655328
-1142.91353158335
-1142.3777061907706
-1148.1670783138766
-1147.6308536224121
-1147.0661406933425
-1146.5143821271809
-1146.0207457003676
-1151.7272452886843
-1151.1703600398987
-1150.5862952605228
-1150.056433886509
-1149.7018600272313
-1155.574242824336
-1155.0379887218614
-1154.465773270415
-1153.907959715199
-1159.7238649760989
-1159.1462800524012
-1158.6193077463872
-1158.0735084307805
-1163.8319520476186
-1163.2756798979913
-1169.128821468604
-1168.74974648032
-1168.1572253284164
-1167.6592044619217
-1167.0814823386331
-1172.7813461461203
-1172.2576854576673
-1171.7333800296617
-1171.1376820020205
-1170.6135360714554
-1176.4833856564646
-1176.027208870286
-1175.4944091107313
-1174.9011183413306
-1174.4063867124974
-1180.0975730076038
-1179.5614072823296
-1178.9775577616595
-1184.705591917582
-1184.1478471493153
-1189.9845986939395
-1189.5960435254015
-1188.9990340460915
-1188.4683772039696
-1187.8865418571102
-1193.6099312700999
-1193.0391701774051
-1192.473891471699
-1191.897110132172
-1197.7433837990861
-1197.339299842242
-1196.7427715314057
-1196.1994475202937
-1201.8798387008874
-1201.3334423279732
-1200.7341173662608
-1200.1737349325203
-1206.0372973649553
-1205.5495123698777
-1205.0365518837802
-1204.3960438601473
-1203.8555883733527
-1209.519849521352
-1215.2586206898136
-1214.640589550831
-1214.2329845585846
-1213.7839348590564
-1213.1607786273082
-1218.902430144309
-1218.281334603713
-1217.7147771206435
-1217.0936936166052
-1216.6955313146102
-1222.514054856597
-1221.8925616771542
-1221.3242757492646
-1220.7160379255893
-1226.396683969723
-1225.815924973689
-1225.21855288646
-1224.7590746864726
-1224.312340836546
-1229.9841665501353
-1235.6626640025113
-1235.0682665691788
-1234.4562399913066
-1234.032390510891
-1233.5523031880693
-1239.2371965883128
-1238.6087156131575
-1238.013067398623
-1237.3903291127483
-1243.0683735248845
-1242.6051176749659
-1242.1536159899274
-1241.5364450029767
-1240.9215664074072
-1246.573187153358
-1245.9717440847137
-1251.7616806931153
-1251.2920677224752
-1250.7079189745205
-1256.3288207730502
-1255.754084550259
-1255.0915215166788
-1254.4926797716778
-1253.9901555600682
-1259.8251840800028
-1259.184477482873
-1258.5714279030137
-1257.9404839414433
-1263.588803836987
-1263.146273375638
-1262.628497810796
-1262.0094058483319
-1267.6393790320658
-1267.028736456194
-1266.3817950875539
-1265.9004396660825
-1271.7003144685798
-1271.060826591625
-1270.4175627881539
-1269.766127724425
-1275.5636458112776
-1275.0728298968627
-1280.7371936547868
-1280.0768649802728
-1279.4353382154573
-1278.773030741899
-1278.332089232855
-1284.0617288466362
-1283.4491039038755
-1282.7685778042328
-1282.1403201148476
-1287.9170478565327
-1287.419995722311
-1286.7842055840745
-1286.1045098685217
-1291.7418656648244
-1291.2234356879662
-1297.024814443366
-1296.3578037465447
-1295.7132400704074
-1295.0195038957381
-1300.6553636721894
-1300.1350296229907
-1299.6426205210603
-1298.9628028243135
-1298.3216683729338
-1303.9081573128578
-1303.4284263806564
-1302.927162940253
-1302.2295273760246
-1307.8419104565749
-1307.1531973051995
-1312.9602293034052
-1312.426440381042
-1311.7686631550011
-1317.3437623416323
-1316.683100388515
-1316.150628357345
-1315.644668158673
-1314.957015126499
-1320.5733387592743
-1320.044823118375
-1319.5221864548166
-1325.1309325401762
-1324.4321080209386
-1323.7453714477817
-1323.2108039893797
-1322.7283072888151
-1328.278366015988
-1327.6182294167352
-1326.8948622044065
-1326.384901658918
-1332.1335654886907
-1331.450156646114
-1330.7248491841597
-1336.5218666349508
-1335.9684832152263
-1335.2823202428895
-1340.8381097852932
-1340.1568812282921
-1339.6066743670278
-1339.0751972927173
-1344.6688111027986
-1343.9605925514618
-1343.4069472511349
-1342.877573011288
-1342.1770589435805
-1347.7329591944813
-1347.0288943422509
-1352.796326941042
-1352.251453358203
-1351.5127143261784
-1357.1043708913492
-1356.5164646888059
-1356.009216809653
-1355.2920850941427
-1360.8561990926275
-1360.2954415568236
-1359.7652242356946
-1359.0346858943628
-1364.600270830375
-1364.0690587002287
-1363.4874799915356
-1369.066618419883
-1368.3267677085596
-1367.588613885246
-1373.3110063472986
-1372.7985767135028
-1372.0393095841862
-1371.3111637110205
-1377.0226832133533
-1376.5118567713057
-1375.7370448163977
-1375.0165411984492
-1380.7164652402598
-1380.1967102310175
-1379.4292848324205
-1378.7131898171556
-1384.404691545747
-1383.875730832962
-1383.1122475001891
-1382.3647586932943
-1388.0837819587473
-1387.5254137758222
-1393.0657031754201
-1392.3168644349994
-1391.757278305313
-1391.171929113881
-1396.6872762510047
-1396.1427047470415
-1395.5970803688392
-1394.830257404186
-1400.3584706021627
-1399.761797908641
-1399.2211631545274
-1398.4289390404288
-1403.9942638317941
-1403.4025256862133
-1409.1274425050533
-1408.3362162842081
-1407.5861502198636
-1406.9863942436943
-1412.7234963890382
-1411.9375670899617
-1411.3876969335788
-1410.79208652335
-1416.3052300690708
-1415.50876251753
-1414.9642838680397
-1414.343317473662
-1419.8884514099784
-1425.3592235331776
-1424.815350882354
-1424.199120211311
-1423.4336406217892
-1422.8221227347656
-1428.549179375195
-1427.7477567488254
-1426.976772806908
-1432.6533473395257
-1432.0706508070984
-1431.2680371354497
-1430.6813755836276
-1436.3866912527662
-1435.5960864533708
-1434.784962216947
-1440.4825318459375
-1439.891070193101
-1439.0885907522013
-1438.4888255799272
-1444.1722443426165
-1443.3874672050829
-1448.8594503800969
-1448.2420990161716
-1447.6464215287233
-1446.8598589616818
-1446.2455925052607
-1451.9395080537508
-1451.111925953037
-1450.3159917991875
-1455.97717754366
-1455.371760458395
-1460.8499415373262
-1460.2690766386804
-1459.621093909188
-1458.8194380199327
-1464.478082814022
-1463.8879160526067
-1463.047601830797
-1462.2596417323807
-1467.8883950367872
-1467.3055185233047
-1466.4569776052122
-1465.8561056833018
-1471.5228993836506
-1470.715366965122
-1476.3455773234714
-1475.7566568755415
-1474.9071082619942
-1474.29473749358
-1479.9425169541753
-1479.139720630144
-1478.2781696960114
-1477.6721742822124
-1483.3006502270316
-1482.4839317550804
-1481.8449629769177
-1487.5224215974015
-1486.6525803089069
-1486.0492932739405
-1491.670878236778
-1490.8404257556745
-1490.1899981910335
-1495.866037687244
-1495.005025830063
-1494.390021661369
-1493.712032486919
-1499.1761132518832
-1498.5185983055342
-1497.8998418848098
-1497.0171393452504
-1502.461102710658
-1501.7904234182756
-1501.18339982291
-1500.3055518051633
-1505.9665917919078
-1505.29427291404
-1504.4566367232994
-1510.061283598963
-1509.4449277986853
-1514.8485980960854
-1514.2106183542403
-1513.528970885334
-1512.6870879299152
-1518.2799758654633
-1517.6616409815438
-1516.7893251474522
-1516.1482149884334
-1515.453972456102
-1520.8781095906509
-1526.4973021514631
-1525.8441503469573
-1524.9562485195543
-1524.3062783972623
-1529.9112042555917
-1529.0236304995617
-1528.3810629762052
-1527.7167149370466
-1533.3266265213622
-1532.6939734399668
-1531.774636351232
-1537.3967777955315
-1536.735158442411
-1535.8406402020119
-1541.44587653765
-1540.7757789778602
-1539.8879399978302
-1545.480051222501
-1544.8104304179788
-1543.924069754767
-1549.524356163478
-1548.851822378157
-1547.9442383671535
-1547.268668854013
-1552.871573251418
-1551.9641296603575
-1551.2826917509922
-1556.8787466706283
-1555.9726676488713
-1561.5588936582499
-1560.8935231781834
-1560.2068412859344
-1559.513569906464
-1564.8724520906023
-1564.2017002682296
-1563.5016089291419
-1562.6000512949804
-1568.166570111355
-1567.4931891165559
-1572.8456992516194
-1572.1873013512075
-1571.447542287989
-1577.0545481644294
-1576.356440971169
-1575.4256191387897
-1574.702307537079
-1580.3140878302686
-1579.4034626099892
-1578.715805885899
-1584.30120540712
-1583.358525619511
-1588.9481562540195
-1588.1839724021775
-1587.5433498673578
-1586.8464024668494
-1592.0762910375956
-1591.4683341853136
-1590.7676602171305
-1589.8345986079496
-1595.4214960433055
-1600.9254601472946
-1600.260362207569
-1599.572452465706
-1598.6304285800745
-1604.1871955473985
-1603.4479179492473
-1602.5161499506814
-1608.0973104858526
-1607.364227231401
-1606.6682682236392
-1605.888035575203
-1611.2758812331317
-1610.498903101573
-1609.7000056227098
-1614.9487855999728
-1614.69358646101
-1619.981866509218
-1619.27090122085
-1618.5343716104028
-1617.5883226478632
-1623.1544850455907
-1622.3055032445757
-1621.6988616250364
-1620.9894351073367
-1626.2460755727734
-1631.8441087030822
-1631.1071172879458
-1630.3902634551052
-1629.686137004683
-1634.9453717807696
-1634.282951367912
-1633.5073207343462
-1632.8048066377949
-1638.3197583286646
-1637.2956248163102
-1636.5959096705126
-1642.1518648506608
-1641.3836796210785
-1646.8614595230097
-1645.8621544647556
-1645.2212113393089
-1644.4225662465474
-1649.9874710486474
-1649.265912448874
-1648.1717459905624
-1647.170768498293
-1652.9205593860154
-1658.5725686530147
-1657.8694946367068
-1656.8664535967464
-1656.103726562662
-1661.5531993786685
-1660.8920568116428
-1660.1529727725597
-1658.9763418653595
-1664.6612645947253
-1663.7691096162307
-1663.1886813063572
-1662.2922196987145
-1667.6890200051728
-1666.9060081635994
-1666.155169584453
-1671.7019368198144
-1670.8125042530846
-1676.4355165837162
-1675.6899655826408
-1674.669899401631
-1680.158535790887
-1679.3716538277172
-1678.6423842599793
-1677.9054601601372
-1683.1536239507154
-1682.3755225660752
-1681.6186504825077
-1680.8494998172564
-1686.3718796281016
-1691.8799963178158
-1691.100032070019
-1690.0728016775172
-1689.3124945345978
-1694.8203887783666
-1694.047094627382
-1693.2473141004236
-1692.501116147699
-1698.0020750230142
-1703.2599616323132
-1702.4612653905995
-1701.6995670599772
-1700.8878814920042
-1706.414168927203
-1705.593106311133
-1704.8548075636754
-1710.0808442835364
-1709.2887359239453
-1708.5047228553515
-1707.7146570441007
-1713.22380488219
-1718.7208391081854
-1717.9288724013825
-1716.8655549609894
-1716.1008753204512
-1721.56037638745
-1720.7922598897358
-1719.946571191424
-1725.464317971418
-1724.63330602302
-1723.5694620250679
-1722.8262270310636
-1728.2505433305228
-1727.4811300242293
-1732.924069175987
-1732.1447702151568
-1731.3382267321401
-1736.841492016639
-1735.9985919456537
-1734.933407170601
-1734.1107682488587
-1739.5899232304287
-1738.7911316805958
-1737.949967083721
-1743.4444394522798
-1742.635355788361
-1748.1113069787532
-1747.2669193571821
-1746.5289322926299
-1745.6552626875243
-1750.9161708082588
-1750.007662528972
-1749.2150882574504
-1754.630098676646
-1753.825629867712
-1753.1439451929216
-1758.4368678058524
-1757.7082413433561
-1763.0834114436263
-1762.2696163540913
-1761.435303934689
-1760.346008710628
-1765.769517542337
-1764.932803915227
-1764.0921723401586
-1769.5976448033753
-1768.706889639972
-1774.1526454105667
-1773.3148425481356
-1772.4930796600052
-1777.935006849308
-1777.0672975458053
-1775.9810220334475
-1775.1030984113304
-1780.5476404362912
-1779.7223959754074
-1785.1607476693187
-1784.2723076170653
-1789.7102631046641
-1788.8799881300708
-1788.0379656832918
-1787.2663122346971
-1792.5659978957813
-1791.7459776819392
-1790.8491500530577
-1796.302098634997
-1795.4496013774499
-1800.8436451471468
-1799.9699388982428
-1798.8378792813533
-1804.239017528208
-1803.354449725469
-1802.5033522296396
-1801.6271166231754
-1807.0438425631914
-1806.1588247875497
-1811.5791496205813
-1810.7770653504824
-1809.8242413393755
-1815.239202940323
-1814.3489599741629
-1813.4926265563784
-1812.6664798130412
-1818.002893226258
-1817.1034088810732
-1822.6186418252832
-1821.6434315333347
-1820.7297549927505
-1826.136701067908
-1825.2319927851274
-1824.3714626328758
-1829.718972881696
-1828.8783624410162
-1828.0719688255224
-1826.8877686479136
-1832.0980208184828
-1837.5083216346961
-1836.6450491597343
-1835.8223253374993
-1841.4135575910623
-1840.1793531923595
-1839.2906054144698
-1838.3738637594386
-1843.7469925195708
-1842.8485751028404
-1841.9308495035964
-1847.306561684361
-1846.4235836495882
-1851.748269936167
-1850.814922756617
-1849.963962906977
-1855.2739737230474
-1854.409355367135
-1853.4960775998684
-1852.526537735424
-1857.902275408814
-1863.2361527164012
-1862.2993766647132
-1861.374168020496
-1866.6949422270598
-1865.7819704850344
-1864.824235850427
-1870.19624907794
-1869.2661162167597
-1874.6054815747668
-1873.6676852199148
-1872.7163809988585
-1871.7979534263227
-1877.1397318271418
-1876.2224117667827
-1881.5261133602226
-1880.620239641412
-1885.9493531809385
-1884.9874339352011
-1884.0505957787882
-1883.126541733462
-1888.4771726626966
-1887.5302620145926
-1886.5457303878914
-1891.9426976501275
-1897.258271213501
-1896.3550873865988
-1895.3128165314706
-1894.4613359845346
-1900.0260382855602
-1899.081167008569
-1898.1624273136802
-1903.5081947681138
-1902.5164659463303
-1907.887682702438
-1906.968610654791
-1905.9156084123833
-1911.3015590979264
-1910.3575401353437
-1909.4259229689442
-1914.6795543415226
-1913.7230371201908
-1912.838997909108
-1911.866102562244
-1917.2312812537825
-1922.4753075739243
-1921.553553105979
-1920.5066541237634
-1919.6742200047029
-1925.0150497394557
-1923.9897342455085
-1922.6162013917326
-1928.4056226795883
-1927.4165442478168
-1933.0197744667908
-1932.1153211467229
-1931.0718015241853
-1936.423583554954
-1935.5317457872181
-1934.5443087954402
-1939.848802991621
-1938.8937777125666
-1944.200332314462
-1943.2439471502914
-1942.2625631379767
-1947.5738688127851
-1946.6116927084445
-1945.6549683877913
-1944.6731471948306
-1950.3254064051864
-1949.3280466885985
-1954.6430491054882
-1953.67347991083
-1958.9668928906865
-1958.0125444499836
-1957.0392557202524
-1956.0604042814505
-1961.3830887804475
-1960.3580715640576
-1959.392087911883
-1964.6824823175582
-1963.701601354814
-1969.3392413694746
-1968.3559141774517
-1967.384031956645
-1972.6468437931028
-1971.663744019344
-1970.685269674203
-1975.9886802179965
-1975.00612850637
-1980.2751751381832
-1979.306481005334
-1978.296146136352
-1983.9499926550257
-1982.9337385186068
-1981.9482745669786
-1987.2510173301896
-1986.211981716603
-1985.253804967482
-1990.5430140741985
-1989.4720524527022
-1994.7837362500152
-1993.7801957723511
-1992.8044130010335
-1998.384533173552
-1997.413985518362
-1996.4097032129634
-1995.4265432203276
-2000.7184072999598
-2005.9859791448048
-2004.9933344396818
-2003.9754075436329
-2002.966989524231
-2008.5803343949872
-2007.5758810837985
-2006.5744732071496
-2011.8411169081035
-2010.8461783432351
-2016.098777864887
-2015.085451734276
-2020.359597057136
-2019.3204561692153
-2018.6683400207592
-2017.6271771064812
-2022.9193590986736
-2021.8819801917682
-2020.853785427025
-2026.137145673669
-2025.0752301626876
-2030.7053222465045
-2029.6498333874836
-2028.6672101277247
-2033.9221415194916
-2032.8566554605195
-2031.860261102972
-2037.103990333442
-2042.3450821379408
-2041.3454043894078
-2040.6259906542427
-2039.6119469817415
-2044.836035647511
-2043.7971470154987
-2042.7691539959083
-2048.011703716977
-2053.2221779271135
-2052.5577027056497
-2051.5424906969765
-2050.497201008965
-2055.7099272380033
-2054.685044513169
-2053.9583707367783
-2052.9408728637104
-2058.176031629178
-2063.408683031679
-2062.387334573533
-2061.3120818377697
-2066.53394041996
-2065.8325588710986
-2064.8353296962587
-2070.007454826338
-2068.9485318354737
-2074.1741717581444
-2073.1940843506527
-2072.0504449742757
-2077.572530883471
-2076.600034975605
-2075.552788906262
-2080.7280628879635
-2079.6757865518803
-2085.2241648911695
-2084.1503818857145
-2083.104634464434
-2088.3018102150286
-2087.2828872834016
-2086.156319024358
-2091.3474302030136
-2090.6614252900736
-2095.8639858271076
-2094.8172720222938
-2100.00604798518
-2098.9186795660153
-2098.19960841307
-2097.1331071322334
-2102.317570693627
-2101.2252944354236
-2100.1242806410214
-2105.702137635514
-2110.8811118172634
-2109.829713133468
-2108.723049442404
-2107.651627977404
-2113.202925868725
-2112.0993772436477
-2111.033745010997
-2116.192214597963
-2121.3644101855425
-2120.285977947295
-2119.196319623208
-2124.7488272389205
-2123.6300850136804
-2122.548090827488
-2127.7366045824283
-2126.6065739297946
-2132.162965641248
-2131.0459006403457
-2129.933199718525
-2135.1123734494754
-2134.000197156598
-2139.570861040797
-2138.434070753898
-2137.319718019241
-2142.847332255353
-2141.7411488767902
-2140.6396401198704
-2145.776196147505
-2144.663497682121
-2150.2226411828588
-2149.0949753639293
-2154.250163908821
-2153.1100850454814
-2151.9942107023944
-2157.5383112438717
-2156.3984785662515
-2155.306892167595
-2160.4341733013584
-2159.272415099668
-2164.8384840669087
-2163.674875158271
-2162.569293329058
-2167.6996774159693
-2166.564172498299
-2165.802227684798
-2170.9349588339937
-2169.8040243310993
-2175.3122139929405
-2174.165891223399
-2173.065049890881
-2178.172944082565
-2177.008225477838
-2182.5232194072505
-2181.3678194242943
-2180.248588946742
-2185.3666580598297
-2184.221418143115
-2189.7724906160724
-2188.5841117945106
-2187.4499968679697
-2192.953224539911
-2191.7782817548364
-2196.8984606152844
-2195.7394422943003
-2194.555819045173
-2200.1061940338986
-2198.9062235235688
-2197.7498568128
-2203.233530593148
-2202.0862705000914
-2207.2033274778096
-2206.024672619815
-2204.871974163459
-2210.3529826815466
-2209.1825546382415
-2208.0234734106625
-2213.51072533829
-2218.6354135974543
-2217.438538573495
-2216.2535978116853
-2215.089508917216
-2220.5572785762806
-2219.390418727937
-2224.4990148317397
-2223.68219921221
-2228.7955102031196
-2227.6048277483983
-2226.4147680095894
-2231.544794575944
-2230.709407600966
-2229.541090620464
-2234.64567513754
-2233.841962732439
-2238.931341311069
-2237.732134126654
-2236.928804152581
-2242.014915147446
-2240.78744779983
-2239.598663965463
-2244.696335018087
-2243.865684939968
-2248.9465539427893
-2247.7265352237077
-2246.9239428916276
-2252.004979056677
-2250.7871201318694
-2256.2849892338354
-2255.0759771578923
-2260.1545590596356
-2259.3726627885844
-2258.156354344965
-2263.239335333475
-2262.0273500284507
-2260.8000823864595
-2266.2861977519574
-2271.3334377987057
-2270.112043782241
-2269.3036875333905
-2274.3479947250958
-2273.128704753705
-2272.3040041792046
-2277.360522844663
-2276.1444834821305
-2281.595967500348
-2280.373928160425
-2279.1462358878152
-2284.5988375359225
-2283.3750278008183
-2288.4236406827013
-2287.1897070860036
-2292.2393247962277
-2291.413274024375
-2290.1891939998204
-2295.26329117903
-2294.4118008922155
-2299.4778195530034
-2298.2391217181603
-2297.4165303660834
-2302.478758634164
-2301.2321966278405
-2300.410321258261
-2305.44273932661
-2310.460632052222
-2309.669270403955
-2308.395821259238
-2313.420569806727
-2312.624254781809
-2311.3654158966856
-2316.411574462645
-2315.562070872983
-2320.5866635523853
-2319.346220850762
-2318.503792128753
-2323.535401224315
-2322.2895070455943
-2321.433037877824
-2326.4490852189197
-2331.5073786365847
-2330.6392947894224
-2329.4441800692757
-2334.4702565456973
-2333.633889775975
-2332.392053944698
-2337.4134205987784
-2336.587685619254
-2341.617815035117
-2340.360609554181
-2339.5890743178024
-2344.604269564488
-2343.377710495322
-2348.8674551499794
-2347.63947856733
-2352.669230169909
-2351.86313911288
-2350.590240456695
-2355.620060108318
-2354.777441636388
-2353.4398758760008
-2358.484606511571
-2363.8640163348628
-2362.5591300690458
-2361.3172044927082
-2360.4453410832516
-2365.4975907929957
-2364.235334140712
-2369.614690422562
-2368.4137075178314
-2373.4661188564473
-2372.5988306564245
-2371.336317285189
-2376.391631262496
-2375.5436476884843
-2380.5825069645452
-2379.297293307535
-2378.343309889704
-2383.5294291964187
-2382.196775373151
-2381.462499507982
-2386.491315367065
-2391.479985055368
-2390.736351851381
-2389.8399257758906
-2394.9983363355022
-2393.73140318606
-2392.8293518669925
-2397.9944930937363
-2396.7246458326576
-2402.3291272145134
-2400.9981620742265
-2405.9838246981903
-2405.211172388655
-2404.026992148181
-2402.7218853124386
-2408.269015946144
-2413.239725293457
-2411.96022495704
-2411.398700508733
-2416.42963830728
-2415.094429785441
-2414.510408741
-2419.881953142087
-2418.797814087076
-2424.004202283299
-2422.414327983841
-2428.2147210969097
-2426.973114048986
-2426.1394157749774
-2425.0644605293
-2430.0856948810356
-2431.404102886353
-2434.4452014759854
-2433.080718631515
-2438.7276328119005
-2437.911132084389
-2436.749331975385
-2442.087847683785
-2440.9105970195988
-2446.6004185019333
-2445.496882766487
-2450.8769771696498
-2449.761265880457
-2448.60105702378
-2450.423840180333
-2452.921385728133
-2453.4207146143553
-2457.349705191617
-2456.091464926592
-2461.3928414862244
-2460.079897680051
-2459.307604136732
-2464.7951634286187
-2463.587778554716
-2462.6870698815324
-2468.5506912588316
-2473.5404626715126
-2472.826848912747
-2471.8452492729803
-2470.777043323836
-2476.3944204170057
-2475.1120205018897
-2474.584651432433
-2479.586522850487
-2478.6742121514003
-2480.4501052111978
-2483.2184227756584
-2488.1590174754633
-2487.2369858982947
-2486.628905594251
-2489.80286196211
-2490.886788677605
-2491.5079760773956
-2490.460481409473
-2494.0449674849856
-2499.9347417529716
-2498.8535027066546
-2497.3965290925676
-2503.9631822272177
-2502.1330313783615
-2502.0326717964545
-2503.9121958788846
-2511.896867731138
-2511.3873748671595
-2510.6148929258766
-2509.498133638657
-2515.4616799232354
-2514.051728248135
-2513.7413180477242
-2518.795782304466
-2518.134955477881
-2517.3280113581973
-2521.7202286043494
-2522.646637162329
-2527.5113343984235
-2526.5929313287934
-2526.529523996475
-2531.434186901237
-2530.5067197826274
-2529.6312323916613
-2536.1423732093376
-2534.922052629421
-2535.5089939420477
-2536.1632460348173
-2541.742988254636
-2541.0202866462873
-2542.0837784904393
-2544.2719822202553
-2546.3955378660385
-2545.8323667513123
-2547.370901568175
-2550.535598915373
-2552.9731062745495
-2552.111630479336
-2552.963426231123
-2558.5167273697084
-2558.046604652109
-2556.934071920292
-2557.8491322279438
-2562.379781912871
-2562.4385139849155
-2561.1655684249945
-2567.1229625098717
-2566.5435246415823
-2568.302295424809
-2569.4866537524854
-2576.0611543739733
-2574.6704662036623
-2575.0970919253073
-2573.4259073737903
-2579.3654188328405
-2579.21261877222
-2579.4926443868867
-2584.001168482888
-2582.8278307466157
-2585.1374868905946
-2587.5342480405557
-2591.392410819554
-2592.437511452783
-2591.120382825712
-2591.3459401115333
-2596.445945252005
-2595.678150066349
-2595.399648875425
-2600.2851434885674
-2600.053039306059
-2599.01333167898
-2603.100766670477
-2604.068672158352
-2609.9037912066874
-2608.8757492466134
-2608.05784436881
-2614.2163216977438
-2613.2583720730977
-2612.4793099381386
-2618.433330410504
-2617.909308799363
-2617.2619295677964
-2615.533928026446
-2622.4087682410727
