-0.6434537663988926
-0.2899953352539053
1.7439081787362352
0.03539130371077744
-0.011573931901768112
0.2467550755962567
0.6308994413764343
0.5114995569652517
-0.14036988255241584
-0.06374527108382409
-0.038434229350994255
-0.2228431154750044
-0.5763298005197048
-1.8497331169668068
-2.047312513003794
-2.2658912738036645
-1.0812725314901352
-0.9524435719606871
0.141797501157546
0.25164315197913184
-0.7158711752555931
-0.9639830672102793
-0.6323402359624711
-0.6637783401148454
-1.5197943736036725
-1.7197566257804182
-2.1921180306955734
-2.4477758957961226
-2.4417928248257943
-1.8068049517617304
-1.7843170649909077
-0.4933763015979098
-0.3471526350642749
-1.6346379475797148
-1.4385016423621266
-1.5099533005645922
-0.49867795607951976
-2.4177850046407023
-2.244519770216441
-2.3094529355467603
-2.527228775853886
-2.5241347716013065
-2.363581454932057
-2.2911786899559834
-2.2836450125727987
-2.350517375173119
-2.05810780737133
-1.9381843761457356
-2.1817539080228356
-2.41368688394128
-2.3937643068587082
-2.2994499400097284
-2.31076991701836
-2.477285190888037
-2.4479082911322556
-2.4091175079772227
-2.3979643996315096
-2.478720408337315
-2.439500847576327
-2.388042545558669
-2.414392149742424
-2.5558314807421842
-2.519840409882788
-2.339327337836248
-2.3382987344304778
-2.5041761637577875
-2.561693809823354
-2.399551275914935
-2.29686205149893
-2.4427901539404546
-2.5803650655054686
-2.492389628990658
-2.322761298589417
-2.415890398397775
-2.6716298942088663
-2.6789438452731873
-2.282908914303963
-2.451857846117094
-2.6342239042616686
-2.7230877425474427
-2.600087958144345
-2.501760688295857
-2.5924664914230875
-2.7135910760380537
-2.7896165648824742
-2.6770112229454215
-2.568369371467508
-2.664826796511988
-2.680895743691876
-2.6496567410896974
-2.6835737798369013
-2.8609243364090315
-2.6971892449744033
-2.813013396645794
-2.8283917904812044
-2.794564281331851
-2.7739809576687766
-2.7723070766854505
-2.8130874432697666
-2.876745528816028
-2.897381322893476
-2.8149642250353897
-2.689735604572025
-2.8356705101059463
-3.1030727344327094
-2.8245535409547875
-2.728919217947801
-3.0148938425392955
-2.9784648502913047
-3.045879592071703
-2.9151170744214596
-2.976511099558683
-3.054704297825455
-3.1913882324038267
-3.2112817443003685
-3.2818983041067886
-3.087184139231903
-3.128519009107392
-3.16260484467099
-3.1883309841526297
-3.4017536707168254
-3.1538645818755175
-3.142830839529966
-3.1624218884935726
-3.203786985263731
-3.205921233967179
-3.1662488096411394
-3.2940419264676835
-3.5608985509220688
-3.3639656266734796
-3.331575857107034
-3.356732476411984
-3.324641140131343
-3.4978350578814585
-3.4865052734141084
-3.429995987576602
-3.4531033546400773
-3.5419098777990525
-3.5822585814882495
-3.5642677334907273
-3.578473065475817
-3.527082193302891
-3.5535706840797774
-3.5416578493999857
-3.672417109535738
-3.5464908783575733
-3.702873869069435
-3.7355348921152034
-3.6982306392503603
-3.738534343893914
-3.757155761775618
-3.901894585669218
-3.7956110552396125
-3.954371152418113
-3.964792184388174
-3.950500488957535
-3.8499117968049936
-3.978294832881998
-4.010987475559948
-3.9609749885242516
-4.122406098795933
-4.043617152589087
-4.1297387924170526
-4.097632384682751
-4.054320882014144
-4.1274637813391575
-4.231325613080147
-10.510292135798482
-10.44994220851229
-4.240495294652232
-4.371037291723923
-4.361082544149906
-4.274672592822006
-4.318881609616743
-4.464627639996201
-4.5316951494269695
-4.47711854857546
-4.489001458120391
-4.61202815417567
-4.702615442827986
-4.645886288498862
-10.580611167553819
-10.935872916868641
-11.009065836592292
-8.994824287030779
-4.733409655477631
-4.851425469819974
-4.9768979771697985
-11.232156556457056
-11.159699347035337
-11.274190207862372
-11.43556816462039
-5.15651193146877
-5.012162198937621
-5.079096545340805
-11.549384466364831
-11.595205864064578
-11.44513401808686
-11.451013939097557
-5.379533242658646
-5.533119328041239
-5.433737286650824
-5.338125730119634
-5.473483397902896
-11.280625118921227
-11.896086201006268
-11.777800773801332
-11.829840513025294
-11.97181114513447
-11.68682567112783
-11.89973201831788
-11.951267443673414
-11.550665739130947
-12.186846351215127
-11.840780650016336
-12.12020145846736
-12.284796244900958
-12.393446110883092
-12.511798607029888
-12.526116666405343
-12.685534649988794
-12.73822548304018
-12.439940057861241
-12.334001072136232
-12.409685621647382
-12.570056889629592
-12.670409724655588
-12.749125912003796
-12.892507408567445
-13.096678717085675
-13.118177814959092
-12.96926586087615
-12.721166032906307
-12.427144488553322
-12.34575952632077
-12.531313185583484
-12.732105108457413
-12.896665578478153
-13.310111959606713
-13.316031280571307
-13.596525133891838
-14.079190605559761
-14.695221736676483
-15.427158270276687
-16.93289734753302
-17.905340480972672
-12.111318598084072
-12.560341244169507
-12.86048231945579
-13.293290456409137
-13.653778029465402
-14.033025907558327
-14.635420650015854
-15.214082324250395
-15.690959711778225
-16.26883371717034
-10.831394831981582
-11.879576913318578
-12.429188149765265
-12.812966824123654
-13.248797029933183
-13.727433112554385
-14.19152456270249
-14.616429949096455
-15.00497556750156
-15.384686126034572
-15.786644845762117
-16.42414516175742
-17.639227280901814
-19.068142320639993
-19.78635629306267
-20.317006289533246
-20.554134703389852
-20.364852675182593
-19.808319645771753
-19.824248975067814
-20.0818942313681
-20.400633149903886
-20.727813540338516
-21.11637876924053
-21.470220539271054
-21.840553319532052
-22.301753334280754
-22.913560040361478
-23.61631746145568
-24.228730634067038
-18.6472417510178
-19.759135816179462
-20.60120650380406
-20.98980684795416
-21.283589484742144
-21.2928884610146
-21.047089696100578
-20.817316400888078
-20.93930893311234
-21.23871109761829
-21.627797869064274
-22.047134920397905
-22.50950465276703
-22.91998648273096
-23.356062468253686
-23.77027915220492
-24.204552623002293
-18.408557869519104
-21.593874743190252
-22.460972426384753
-22.720499948773185
-23.889331146217536
-25.780743839203108
-20.28500360454045
-20.759496107086655
-21.237912676027143
-21.713060043403733
-22.226085681282385
-22.743462177868643
-23.139558976559815
-23.3677987204635
-23.441776585965215
-23.30243457532336
-23.239144501979673
-23.349966074846453
-23.602100867836988
-24.05302942045124
-24.65108214266609
-25.28484183344854
-25.748346077789023
-26.368175947019928
-27.358974779073705
-28.26907209724626
-28.697096143803638
-28.992339399467074
-29.778487670500912
-28.939169396270703
-28.63122109421859
-28.961131909750083
-29.34629309443704
-29.72148351163999
-30.056424189542888
-30.415639274568278
-30.82202665217301
-31.146164392956457
-31.023932145988812
-30.733872920239264
-30.929757256464327
-31.359306170289862
-31.761593628230422
-32.15557197705015
-32.66058515867016
-33.37566441988683
-29.565050342264705
-29.527067032978934
-29.713766215100236
-32.08385967699958
-34.887164413651824
-28.96535560189744
-29.115377118776454
-29.392432161049037
-29.866101108154442
-30.482848332877467
-31.001198900296682
-31.309788819548242
-31.519059394254825
-31.424700221276716
-31.449718137080183
-31.559159312924635
-31.828885268699317
-32.18021149812128
-32.45313662724324
-32.96890606868678
-33.478650745463945
-33.90370562404596
-33.55099290910033
-33.346245471202884
-33.666914363615895
-34.00484828016898
-34.44216998445282
-34.85514915085627
-35.70163093414656
-36.33183406013475
-36.895715911670194
-37.40147934522481
-35.01535142664517
-36.8560314110875
-37.03231610951549
-37.457980285773914
-37.885868944540775
-38.19819718377216
-38.497732755237855
-38.857953855579794
-38.70015914126797
-38.66354522659642
-38.70278561694035
-38.96972164602536
-39.425945952125865
-40.03375142745376
-40.50892331865029
-40.90235557518656
-41.08505604652122
-40.467393213453114
-40.576486984370284
-41.104680405354436
-41.300890599834354
-41.66138520373115
-42.31805300197279
-42.96039311889116
-43.24494935404149
-43.32514329974879
-43.02834847435923
-43.10590061039844
-43.426844886207064
-43.77477936095768
-44.186224745383036
-44.64710752262755
-45.02418356934367
-45.2455457018407
-45.10443268783151
-45.03505071991002
-45.24827955035091
-45.63408574313477
-46.09332454044475
-46.53781983256208
-46.85714208427971
-46.99466734218974
-46.79219456813942
-46.72341317595953
-46.95593329313583
-47.29850325233211
-47.74580874580623
-48.301542306871724
-48.79485296348184
-49.037803223109194
-48.86905918342577
-48.72601826428244
-49.00219011223566
-49.42275723105903
-49.82957137372785
-50.212299638287554
-50.547321415013435
-50.67005808468703
-50.483061042879605
-50.47540617033379
-50.76744563354674
-51.20092414805224
-51.67529836593218
-52.438886520262606
-52.29696306775642
-52.32436301493653
-52.231714649906436
-52.307533242845096
-52.55586460931635
-52.85633206923629
-53.1659877856231
-53.41512681643048
-53.4364792141537
-53.309310104191745
-53.3915491114189
-53.62077571797904
-53.99507833586955
-54.44625305379306
-54.808408340654815
-54.992842504756595
-54.838031836045964
-54.68908800731436
-54.987431981296254
-55.330651841670935
-55.694863687088585
-56.04473138596108
-56.21713617048125
-56.06887501467696
-55.89751396933894
-56.14818806383542
-56.63450277272605
-57.2586638934839
-57.94439632055768
-58.55557955498616
-56.5939143807787
-58.19122445646242
-58.29295152859987
-58.63205031311488
-58.94454096202202
-59.27354847901697
-59.64095053135788
-58.69639019004239
-58.79708725190184
-59.07191549327016
-59.647203251865875
-60.168168306985564
-60.38812443568678
-60.591054898673825
-60.93510575758318
-60.682313310317824
-60.89989937007089
-61.027772971899125
-61.325049204604696
-61.64909729814865
-61.83679029679711
-61.72650556630067
-61.77667565413455
-61.78341580912162
-62.00915785021957
-62.235940383942186
-62.50790909582064
-62.698563668224764
-62.76219003124701
-62.544497503772796
-62.777250017583725
-63.18277876512299
-63.59604990731457
-63.84322669550203
-63.76732395673319
-63.7235568978949
-63.81419672709432
-64.02672916943904
-64.29907019654134
-64.55313508899688
-64.66320010835469
-64.43393598436849
-64.3862414388479
-64.62416152562429
-64.97369626427299
-65.33445750604704
-65.83245499207354
-66.01055183057062
-65.79664615145492
-65.75824383254037
-65.91062189730975
-66.71370536480417
-67.19088016699706
-67.49202630192285
-73.59194651459129
-73.37652028012742
-73.55380917343487
-73.82792020494131
-74.05271522653427
-74.2471843930134
-74.36944155696254
-74.18348787854569
-74.1614302456559
-74.44679081842014
-74.91756079379203
-75.48348204938729
-75.78447358952107
-75.6034524360588
-75.54966214645415
-75.76776690373373
-76.04710590891632
-76.28019952649746
-76.436953958779
-76.40337237627135
-76.279542720573
-76.34285819957802
-76.579497526697
-76.79618774026368
-76.9124299182561
-76.80530771616225
-76.76311721720629
-76.91217368094055
-77.13523111896407
-77.40076724204127
-77.67213929119669
-77.7758637246903
-77.65264210687825
-77.73419942722626
-78.03028667124195
-78.36617886211387
-78.56300607502426
-78.46629242668156
-78.34282984615314
-78.45648156513963
-78.63251528226091
-78.8223275608671
-78.89804883308364
-78.82422566594232
-78.77522150005525
-78.94979000910278
-79.18886091926902
-79.4479853693415
-79.64091076658869
-85.8824467419735
-85.86510443511135
-86.03991469179533
-86.28594653468511
-86.58391995645421
-86.73505172632372
-86.66611925078476
-86.56988048422323
-86.72529262059075
-87.00812669677185
-87.27885195511857
-87.40298107061203
-87.25904511441003
-87.18428146697494
-87.35502749598815
-87.66755500691674
-87.94734757088047
-88.01003718396382
-87.70438974785644
-87.67685846191038
-88.0262546298638
-88.42805976494913
-88.63022106236117
-88.61103560560719
-88.429200517141
-88.5553136242816
-88.88376086758662
-89.2098834431972
-89.38310073018704
-89.26016550497695
-89.05905218689706
-89.24991968949628
-89.57597059100745
-90.01237848804254
-90.42485914373631
-90.3523419814974
-90.01774182155481
-90.26437755046553
-90.65873608406298
-91.11807002369466
-91.23803985256869
-97.29304937435847
-97.23833018170399
-97.45551413992212
-97.73674668206122
-97.94209919654057
-97.95705779274188
-97.79441163838226
-97.80780866350649
-98.01662367187583
-98.28985263890002
-98.44728426944688
-98.42933461234801
-98.41957877584778
-98.5590554990528
-98.80887934564699
-99.09233907957383
-99.23798403802691
-99.17212244506638
-99.0926246398391
-99.23106016083
-99.42301687693825
-99.63007762155274
-99.59655560342487
-99.46997721755358
-99.54515881185304
-99.7749235792447
-99.97577004056936
-100.04219223326322
-99.9569695502951
-99.95612478963389
-100.14447677955404
-100.40577819904769
-100.57278679711185
-106.814871024746
-106.756804666522
-106.88186503533746
-107.07363277097701
-107.17447841058414
-107.15760333988817
-107.12412704672599
-107.19773183019925
-107.33309265203802
-107.47848004493073
-107.55858441087136
-107.50443873263926
-107.46657685144014
-107.57730633987462
-107.77187508564056
-107.8724407031111
-107.84751378793918
-107.81509459107956
-107.91126888666044
-108.09860246129342
-108.25273936033537
-108.24771918693637
-108.15869097138008
-108.16995643307581
-108.33558188867575
-108.54658065496051
-108.58393245029238
-108.43154478617686
-114.74744074615433
-114.91422786101194
-115.09113072285034
-115.12135091105027
-115.0341651806322
-115.04075407349868
-115.16999467114125
-115.32350602490797
-115.39617778285628
-115.33299484278812
-115.29043990452583
-115.4593984788088
-115.67795113015163
-115.73865417901938
-115.66292857567096
-115.60096451949147
-115.72044365356619
-115.888950315427
-115.91354548177037
-115.85813314889155
-115.87777812854834
-115.98699896417952
-116.07784933415141
-116.15991625781024
-116.13931565243176
-122.39759607804243
-122.5013406235684
-122.65750841847125
-122.80119801282848
-122.8199115542979
-122.73899355873365
-122.82555530043398
-123.00221368984255
-123.12578607561282
-123.11814356663726
-123.08188989376863
-123.12853099694117
-123.23295200400703
-123.25039907445087
-123.22865433018538
-123.18745113277524
-123.20247168003546
-123.3316138271474
-123.49856131029178
-123.52215812505473
-129.73255085259646
-129.74669611991146
-129.89929501481916
-130.08478861167788
-130.1712292948977
-130.106693627004
-136.40291676764065
-136.54534577524288
-136.6666693731316
-136.63979214457706
-136.55308623486403
-136.6250530832426
-136.76094773073234
-136.85112673475282
-136.78867842165124
-136.7126064874674
-136.7202951662236
-136.9047660040262
-136.97871673915802
-136.98925062098255
-136.97912014637322
-137.00352529734113
-137.17209821887727
-137.23619320689457
-137.2434331866135
-137.19789119741665
-137.24603951971744
-137.48304036985306
-143.87212287786528
-143.74135539582375
-143.71760690110676
-143.82621799975632
-143.93144469268458
-143.96626937980986
-143.9268650303097
-143.9260556121932
-144.01965314957076
-144.04915372333113
-144.17510035277115
-144.17945316649937
-144.15765491285086
-144.24750545473142
-144.34385205329372
-144.3809028714675
-144.31514626081326
-144.37812597576388
-144.3744391674291
-144.5228838558104
-144.5830373010246
-150.8086613897288
-150.81906845001595
-150.92611039389058
-151.04852215158513
-151.0407579447908
-151.00315198216063
-151.0385423043694
-151.21495796631433
-151.23505619982947
-151.2265393759777
-151.20353761012365
-151.36910180608862
-151.39427256580973
-151.40999327280252
-151.3834322665701
-151.4273668061177
-151.49542720058307
-151.51471382619815
-151.59671537881803
-157.81103820429993
-157.79844189179224
-157.93132271699932
-158.06459040258133
-158.06875230631877
-157.98570166038314
-158.05587664693257
-158.19604369911997
-158.28109170692113
-158.25655616396958
-158.21581632986175
-158.3016084778649
-158.42646668364932
-158.42399302687488
-158.36648825906718
-158.3482229516251
-158.49049160497296
-158.554053826958
-158.5033315625861
-164.72853710772299
-164.78718565462157
-164.91840967069504
-165.00040040403903
-164.98050982267446
-164.92500715276444
-164.97612187472146
-165.0897960880939
-165.16185086783022
-165.10157685821656
-165.05244839627522
-165.15999729240613
-165.2743173466924
-165.22860611515563
-165.15422007975266
-165.22099428097684
-165.35081716216234
-171.67853270585587
-171.61272570741372
-171.59692729573106
-171.69342503983978
-171.79962502462163
-171.81824835129254
-171.76174903125542
-171.75291084134616
-171.84963791953996
-171.9344297253582
-171.92480207102264
-171.87238602011115
-171.9087337729636
-172.01177535702107
-172.05703796256003
-171.99967363096536
-171.9865233552781
-178.3490404126221
-178.42663242513848
-178.40520731123877
-178.34972570557346
-178.3935768938532
-178.50881464431487
-178.55370900303194
-178.50152149022426
-178.49802956866813
-178.5900886627603
-178.66949542815715
-178.66479588363467
-178.62033834606876
-178.65148393193542
-178.72864658246323
-178.75092924678603
-184.9844389096975
-184.95730629256425
-185.01338828434606
-185.0845829198603
-185.06887486104648
-185.02847798322912
-185.06550805534647
-185.16735959785456
-185.22657155986224
-185.21231520205362
-185.18725814026553
-185.2462723525807
-185.3535049619945
-185.37157478840967
-185.2996588358196
-185.28771918811265
-191.63859167861244
-191.6780970266059
-191.60612187317622
-191.58699410346713
-191.65005091739442
-191.71431047458162
-191.6972263198687
-191.67875765496564
-191.74875680091782
-191.80991327838163
-191.84124528752264
-191.83980314516185
-191.81991507150374
-191.86672218126924
-191.91832481202724
-198.2076859506987
-198.10616289560514
-198.14709595378466
-198.22054583217707
-198.2389788004068
-198.18764555213474
-198.18354344126254
-198.26185455658495
-198.34268046557133
-198.3208392141388
-198.30719054378397
-198.3378782364004
-198.40158199864803
-198.41044959142425
-198.35942594515
-198.36407036437666
-204.68694256561773
-204.7217761857667
-204.69066797833403
-204.65723114752157
-204.70392231780525
-204.77372822754702
-204.76439606743926
-204.75834027417807
-204.7809481372394
-204.83463628720256
-204.87291454660587
-204.84707336245913
-204.8139513049431
-204.86119113391302
-211.18440996600316
-211.160161483101
-211.1038209923835
-211.15909522018433
-211.2283561630123
-211.20526525670033
-211.15588068306877
-211.21783256902427
-211.2788197159145
-211.28398999602393
-211.25053871530906
-211.25470152393154
-211.28752142012948
-211.33083518135143
-217.58699791474274
-217.543235331358
-217.56960503487772
-217.63860208139226
-217.6377242231985
-217.56193537589476
-217.5932880731721
-217.66599141799475
-217.6764195808156
-217.61276459158324
-217.62242153043707
-217.67072456890656
-217.70398815319655
-217.68473844819295
-223.9309811431616
-223.955019204441
-224.02830921684603
-224.02119121649724
-223.9425828464222
-223.94680084310923
-224.03159825156678
-224.0390365224052
-223.9568194618809
-223.95162186950475
-224.02577045445332
-224.05456391290383
-223.9803170947049
-230.2646371070714
-230.33918479337692
-230.36252338649763
-230.31953908009916
-230.29763147553987
-230.34248771633364
-230.37633489237322
-230.35569141910847
-230.33012691699585
-230.32178703928307
-230.3659775697536
-230.35932226559672
-230.29270347205713
-230.2991667312729
-236.63354339393408
-236.65817778345948
-236.60112646673628
-236.5921394957764
-236.65345470632994
-236.6969958259702
-236.66195575109404
-236.64187907946373
-236.67890244185486
-236.70840556732105
-236.64902452652166
-236.6040509349514
-242.8873816036468
-242.9241318776684
-242.89182104022873
-242.82675844995998
-242.87112494287265
-242.93290043505164
-242.9167329225492
-242.86961169118143
-242.91330175653943
-242.97865130184357
-242.951219782652
-242.90261755391973
-242.88204888297992
-249.1895409349907
-249.19422831178062
-249.1518896368416
-249.1300979039455
-249.14617672258186
-249.24242777286466
-249.15447137384157
-249.1279307884931
-249.17425680774699
-249.21021498915766
-249.17949105921434
-249.10315374693673
-255.38251570369758
-255.45130483852284
-255.39695631212234
-255.33384237444005
-255.37561146277366
-255.43139496300054
-255.41393507251775
-255.36504845696268
-255.38462940346852
-255.430992975715
-255.42758147773634
-255.34438758491078
-255.35040824267242
-261.6730053566896
-261.65666505698834
-261.58703270822764
-261.58427356934686
-261.6294576273297
-261.6186648522346
-261.5641453986303
-261.54586407941036
-261.57530411406776
-261.59507431105783
-261.5515600310994
-267.7988440016775
-267.83620267601526
-267.85868909886267
-267.81439947062455
-267.7700953863351
-267.7952958398334
-267.81342475508313
-267.7714357951639
-267.6960193964556
-267.73838371040506
-267.7632739560891
-267.7084646625711
-273.9305681499744
-273.9747977409559
-274.00512831033063
-273.952672204793
-273.9181969113494
-273.9389603642534
-273.9568488120784
-273.9223890868742
-273.8666591050098
-273.87198795662977
-273.8928645878082
-273.8450742021029
-280.0698272448609
-280.0730008899138
-280.1070611178623
-280.0696257909553
-280.0211690042233
-280.0259529818331
-280.0702092196814
-280.0172050353044
-279.97630892123954
-280.0043571818523
-280.01078417363067
-286.2229983953037
-286.1994474723554
-286.26133437518615
-286.195035738901
-286.18053123462437
-286.13369628404917
-286.1315134924558
-286.1557828581241
-286.1282592879026
-286.0667019721227
-286.08450055961805
-292.36317846479005
-292.3215252369122
-292.25773958332377
-292.2743525330107
-292.27747524547544
-292.20024596498143
-292.18548254472176
-292.2221444231664
-292.21583263914994
-292.149105778887
-292.1263424594476
-298.3928926482899
-298.400532311395
-298.3534200849684
-298.32179186998815
-298.3341037685112
-298.3693525615628
-298.3050841768573
-298.24368382551137
-298.28301311048875
-298.2871689882865
-298.1769194374014
-304.4036795094694
-304.44977062272807
-304.4582127584506
-304.34961782426853
-304.3417206127119
-304.4078695498367
-304.387566550168
-304.29929346660316
-304.2910383188556
-304.3061250188461
-304.2759941176177
-310.4739509544994
-310.4416274707126
-310.4635356069631
-310.48096249537826
-310.3998949100462
-310.3832831691789
-310.4135243210124
-310.3946357164445
-310.2954625155352
-310.31014787246096
-316.60611950571325
-316.52847423700774
-316.46585560118973
-316.5111421792222
-316.49317827219005
-316.41907903356537
-316.3740148173931
-316.3947155327289
-316.3693680426141
-316.3333259199754
-316.3031065310236
-322.5983166190965
-322.56129959773267
-322.53116988851673
-322.4720874362491
-322.45418073693287
-322.4491271730178
-322.3783723204957
-322.3334174438583
-322.3492662595076
-322.36141930331706
-328.5867521155564
-328.553698070164
-328.55547481107976
-328.5183538573832
-328.4472053587427
-328.43035170825027
-328.43598184593804
-328.35142234694894
-328.2940013763844
-328.29552755681715
-334.5999593027939
-334.5307166004728
-334.43297659142377
-334.462507938937
-334.4924921546406
-334.36948991579777
-334.3073290655169
-334.35340702191036
-334.3318439196322
-334.21330105774086
-340.51214223643814
-340.5014061754225
-340.4587407784251
-340.34130590312185
-340.3406510508348
-340.3469605655217
-340.26813006132824
-340.2378716470444
-340.21176623105316
-340.1997565476689
-352.7177755398348
-340.09988638153754
-340.02937987153416
-340.025544715101
-340.0098593600176
-339.91140833618016
-339.93008062216643
-339.9210715040873
-339.8013444008673
-346.00066241286214
-346.0929008541397
-346.023449580015
-345.9099785797653
-345.88039084114126
-345.959661406761
-345.8583127026838
-345.8121041780128
-345.80973865263604
-345.76226506259275
-351.90899123441744
-351.90361928056535
-351.88848574575906
-351.8693638668202
-351.75293152661027
-351.7774128285872
-351.80919519944706
-351.7486483524519
-351.66739857348006
-357.9106363295655
-357.83884173347764
-357.78897197372396
-357.7065220717775
-357.7280588341887
-357.7239087500652
-357.63804772749285
-357.5857169576939
-357.6032856807514
-357.5535121219018
-363.7407028204789
-363.67300399300586
-363.6707206659527
-363.6287296870144
-363.52452349074713
-363.50412835126366
-363.5355165764144
-363.43711242716375
-363.33427139636547
-369.65064535181745
-369.63649223714526
-369.500656063017
-369.5125452503707
-369.49386014152117
-369.3894903459536
-369.31133055394173
-369.33145730439753
-369.2473557666882
-375.45522876759674
-375.4474872503559
-375.4001996845279
-375.31935504277675
-375.307412597701
-375.2164307204483
-375.1707001509395
-375.14275104907915
-375.0587515601512
-374.9899837847701
-381.3000518586518
-381.22831641541825
-381.1297625939837
-381.09942161803696
-381.06794579682463
-380.91921987418283
-380.88017990066527
-380.90483640745316
-380.80818375941595
-386.9844266845748
-386.99250244976474
-386.96040125478174
-386.8319570359183
-386.7727993178274
-386.79612603489903
-386.6927422877184
-386.58029770428163
-386.5439594188957
-392.81322725488064
-392.7075264538071
-392.6517935998839
-392.63934583201865
-392.56927745879136
-392.50804694407407
-392.43896025083984
-392.38721361067167
-392.29766657698366
-398.50782386749427
-398.47069948102126
-398.3935864792093
-398.3239935268678
-398.2640100634224
-398.20185944718605
-398.1554481476718
-398.0767722805918
-404.2570691582856
-404.2283632055352
-404.1750749224424
-404.02023467580227
-403.9800058606415
-403.97015927403413
-403.8196843424525
-403.7257567466705
-403.74880223325096
-409.9230710114506
-409.7777325957088
-409.7869035098411
-409.7174826849328
-409.5409463705284
-409.52893160079645
-409.49863384129634
-409.3560710956165
-409.28425344741345
-415.5453885711034
-415.45960701793666
-415.3541380563957
-415.2886750831573
-415.2422411813229
-415.14279927009983
-415.07536632790266
-414.9963923593766
-421.2053703321774
-421.1055395098134
-421.03191163561024
-420.97738914958217
-420.8936581007877
-420.7748023873495
-420.71475565975607
-420.67542623917626
-420.57789007095244
-426.7616890016075
-426.7218886794667
-426.6290994204151
-426.5215629403506
-426.44869311313795
-426.3962454594361
-426.3026285756836
-426.20176078029476
-432.4359987691164
-432.37294683044234
-432.23327664589425
-432.17509649577596
-432.1527964966326
-432.01159704074104
-431.9285734480366
-431.94298233951656
-431.82339425796516
-437.9324373642606
-437.9076703874222
-437.8073013528372
-437.66488535822566
-437.66734182365536
-437.63461997628275
-437.4948295574535
-437.42395999554054
-443.6292232153041
-437.15689969932663
-443.38302453844625
-443.32864684519325
-443.2672436816772
-443.1865590812879
-443.1196322265406
-443.0339273773226
-449.2169424332391
-449.1209707207914
-448.99522024911715
-448.9379367606706
-448.8699225446494
-448.74895039042553
-448.7073886312338
-448.668153898265
-448.45613492731735
-454.6615930449127
-454.6473267405598
-454.5091971381726
-454.3941344509435
-454.3795778615371
-454.2926221168704
-454.1275764210477
-454.08548725281173
-460.26250535116753
-460.10378955755306
-460.03763291043373
-459.8716302577884
-459.8002099305043
-459.71278277923346
-459.66033710074817
-459.5660372587201
-465.7600677269194
-465.670671146724
-465.59325274049155
-465.4784118366464
-465.3564667506814
-465.2661339386058
-465.12546166419486
-465.0660839718731
-471.25370168444107
-471.1698770611687
-471.0257665756826
-470.94212621039526
-470.84750479032084
-470.7407658916882
-470.6173108672742
-470.5295281507199
-476.73886705985404
-476.5984914965375
-476.5020407572989
-476.4537807533331
-476.2175800147845
-476.16509607209224
-476.13425654464106
-476.00894624849354
-482.1425619600278
-482.09950036269896
-482.00521029095086
-481.8320607452974
-481.67453287532555
-481.61165155179583
-481.4576263216257
-481.3810044681016
-487.65549085827246
-487.52882345761765
-487.43408674021094
-487.33014814476803
-487.2006828809055
-487.14855207418225
-486.9112741936451
-493.2216890889734
-493.13110369834834
-492.9761126146192
-492.8898893990097
-492.71113066768703
-492.53884261938595
-492.5347903811337
-492.3745464587191
-498.59126877623277
-498.474191009681
-498.4199694219397
-498.24344658533767
-498.01948719391834
-497.9581787311582
-497.8173652290244
-497.65510628385886
-503.9522573915026
-503.8535128511326
-503.73139125464877
-503.60350537989655
-503.4086875511672
-503.296871510052
-503.1539049004098
-503.0320760112799
-509.2776713255525
-509.1266654688629
-509.0253364358445
-508.8232134505141
-508.6590753880773
-508.63505947893157
-508.5158605964405
-514.7103083084036
-514.5647887333828
-514.4863746325094
-514.3515062210985
-514.140195089982
-514.0456024255992
-513.929094327761
-513.8168397127683
-520.0316728942284
-519.9395421721921
-519.7699006249771
-519.6554847652907
-519.5516316780174
-519.3481855149373
-519.3032486637295
-525.4873450723221
-525.3636696073432
-525.2308251322934
-525.1235850693713
-525.0327380496759
-524.8882355463961
-524.7750510191689
-524.6592919580401
-530.7208607147538
-530.622712131641
-530.529876454599
-530.3699940359285
-530.2865586421931
-530.205257830041
-530.0507779067217
-536.1559205790777
-536.0309291014996
-535.897782068789
-535.7320601978853
-535.7704185844593
-535.5505980892467
-535.5137207904631
-535.3647544355769
-541.3912463633418
-541.2167623650798
-541.0573505723567
-540.9686844873999
-540.9031016250797
-540.711579269375
-540.624946313289
-546.6562161820533
-546.4843443823898
-546.3839196815813
-546.2947335498916
-546.3065778893945
-546.2048622909244
-546.0513459654688
-545.7592645093099
-551.8407388475362
-551.7194351887326
-551.5291412183382
-551.5032488580665
-551.3442595804353
-551.1958624488973
-551.0469448574669
-557.1390600615051
-556.9664265549133
-556.8534951881829
-556.8284114125348
-556.7057623524697
-556.5512288587574
-556.3339272635574
-562.4501258414608
-562.2919419742065
-562.1102077390759
-562.0049962116575
-562.1258426270479
-561.9418296361753
-561.7852655266522
-567.6901687950862
-567.5251541559131
-567.422418679731
-567.2452921296344
-567.0841348944759
-567.1199941539131
-566.9376823853739
-566.6938370428379
-572.8118697620425
-572.6697688980458
-572.4521155051642
-572.4643764292762
-572.231897141073
-572.1738819818743
-572.0522284182334
-577.9990984937415
-577.72636561531
-577.7357233379398
-577.8129964585771
-577.6617102618449
-577.3435635773382
-577.4497900786756
-583.230315151877
-583.0350087286685
-582.9572497114848
-582.7731956344714
-582.8843520731739
-582.5345756067541
-582.5704038324159
-588.3442141678631
-587.9249523101157
-588.0700651491358
-587.8392758212287
-587.7236624799591
-587.5507423243282
-587.3472703195464
-593.4799353366973
-593.3552082015599
-593.1723425630364
-593.0052689535012
-592.8905001997836
-592.6761837432866
-592.5855468442587
-598.7193375810531
-598.5330230333269
-598.3693938460726
-597.863619047455
-598.1191564516927
-597.9581507464713
-597.9247686233217
-603.8745163815552
-603.6778227582694
-603.5121836496054
-603.3658853830397
-603.0828882234276
-603.012255241301
-602.7642207803717
-608.962912843454
-608.7663784185627
-608.6539557381991
-608.4586307012183
-608.2739471279813
-608.062196882647
-607.8491495694008
-614.0248984263164
-613.9573251537817
-613.7202028684691
-613.5269485456303
-613.336546878962
-613.0806861007613
-613.0066637882566
-619.164403650441
-618.889042668016
-618.7914512437354
-618.590822639846
-618.3426384198845
-618.1391276655512
-624.2344082995235
-624.0718608663368
-623.9618385183882
-623.790376218827
-623.6102356486201
-623.4219624882547
-629.744770215628
-629.2844707764779
-629.1045936334531
-629.1860640688265
-628.8172796813642
-628.6140618487652
-634.7717164253896
-634.4509589500072
-634.5258606922824
-634.1107672128389
-634.1185235451467
-633.7997757058268
-639.8921307819546
-639.6434573795367
-639.5142992676776
-639.5044369559387
-639.0951978211763
-638.8811932810814
-645.0341776693883
-644.8798542320174
-644.653491986964
-644.5267089110556
-644.3260103936032
-644.068588272997
-643.8729836426021
-649.9826653695715
-649.8136828670255
-649.6314743957623
-649.3662636526218
-649.1417351539352
-649.0543806852729
-648.7627012321642
-654.9097720829043
-654.7854575661365
-654.5340511366373
-654.3155233169878
-654.2020982820285
-653.938571955404
-660.0515045780695
-659.8406727635931
-659.6371894291246
-659.4285569903293
-659.2235722630702
-659.0334725594992
-658.8225481026252
-664.9542398041083
-664.748493225165
-664.5460156014051
-664.3825499939402
-664.0854611818309
-664.0184065486179
-663.71705258844
-669.7895233198713
-669.5949219990215
-669.0830672216471
-669.3270530021263
-668.9719117757431
-668.7691889118958
-674.8143039751747
-674.6258029952447
-674.4352339764854
-674.2125393011569
-674.0032213724699
-673.7426767926859
-673.5390750831359
-679.6999043608079
-679.4968022921795
-679.2364330086227
-679.0062728878048
-678.6609202403757
-678.5689694550133
-684.6026026913183
-684.4296212138428
-684.2474643742925
-684.047004697347
-683.7855483313824
-683.6210823624106
-683.3953146206026
-689.4994550954539
-689.2649933183378
-688.9389083032896
-688.8869680149155
-688.6834852949881
-688.4437284746465
-688.2771267390427
-694.2761350784854
-694.1075566633563
-693.8593902935421
-693.7211051216597
-693.4553861201355
-693.1793554087379
-699.2971373686996
-699.0697145363052
-698.7581986598112
-698.6334488313737
-698.3393887641244
-698.0879750150447
-697.8721879323688
-703.9078426419678
-703.6995326657166
-703.4968187728646
-703.3397224514247
-703.0951879049026
-702.8906439618517
-708.9237108691672
-708.6667578457542
-708.4542298864476
-708.2099535829127
-707.9397202680616
-707.7568684498156
-713.7826505381995
-713.5434590735902
-713.3890339435104
-713.1430748889942
-712.9125371773928
-712.6994775750004
-718.7317790952575
-718.4858959008908
-718.2939100535717
-717.9707940108418
-717.7709519988924
-723.8715483460022
-723.5658086867269
-723.3986409316208
-723.1295523849734
-722.8752913883604
-728.9623256013836
-728.68494056889
-728.4942863119884
-728.271672442261
-728.0069668911384
-727.7548466591049
-733.814050396597
-733.5964498661119
-733.359254274526
-733.1398407811994
-732.8765366398122
-732.6232690872758
-732.3930798142229
-738.3883002129288
-738.18843793929
-737.9540439362353
-737.6675783298541
-737.431989986275
-737.1689665997312
-743.2269620905978
-743.0018662555575
-742.7347534250582
-742.4602331284304
-742.2291867529761
-741.9798910959108
-748.0226609866282
-747.7915064529286
-747.549222267339
-747.3162210910365
-747.0569386707807
-746.7785447377499
-746.5465495593471
-752.61365116217
-752.3274194446772
-758.3451402170184
-758.0728112220647
-757.8019265540208
-757.5982389280989
-763.6298490508776
-763.3209623121609
-763.1346607892174
-762.8360180222048
-762.5582409984763
-762.3805062285375
-768.336358792632
-768.1074656703335
-767.8384650039256
-767.5126838089723
-767.3456479937456
-767.0410201753381
-772.9567235395506
-772.7807171540021
-772.5441574745583
-772.2874412639753
-772.0922157971523
-771.7716294489243
-777.7550814088514
-777.5163941566723
-777.2856000173199
-777.0202622819756
-776.7709511604291
-776.4729455298238
-776.197349836438
-782.1908700937989
-781.9032724824447
-781.6776255500555
-781.3732422427726
-781.084954010029
-780.8682343414533
-786.849517393681
-786.5206536858952
-786.3114950592527
-786.0421093192527
-785.7804980398106
-785.5521290829406
-791.5520148401342
-791.3043756137031
-790.9880069602702
-790.7416063634377
-790.4716100026008
-790.1431616956048
-796.2051447822021
-795.9110439076609
-795.5389096315167
-795.3605752924606
-795.0285274206417
-794.7159480017054
-800.7858805053639
-800.4684410796399
-800.1793103807768
-799.9316105461625
-799.6145811241397
-805.6238714970623
-805.410578150967
-805.1461611209248
-804.8432917192621
-804.5159590276909
-804.2278839826643
-810.2447843163292
-809.8697123901962
-809.6316426770076
-809.4588384107694
-815.3501879193268
-815.1501802102035
-814.8330534970409
-814.4602520547982
-814.1723565647123
-813.8681685516983
-819.9442657532364
-819.6543790537065
-819.3332108229191
-819.0516077840489
-818.7225106908965
-818.3918133228957
-824.5063889774955
-824.2471050024585
-823.8532459519523
-823.5149574099798
-823.2143370373515
-822.9888157451994
-828.9448843765194
-828.6174240131023
-828.3406465594755
-827.9975874916271
-827.6465879229067
-827.382991173578
-833.4540653938334
-833.1095411765327
-832.8672029628044
-832.4695766881285
-832.2375336196777
-831.9348811970735
-837.8392838990796
-843.8705564233478
-843.6867791245583
-843.2268414107438
-842.8717719816212
-842.579589062379
-848.6676603135003
-848.28152865491
-847.8931819375597
-847.6635607270736
-847.3304702600374
-853.3413912555942
-853.0697138505108
-852.6594239748986
-852.419985334695
-852.0323024970323
-851.6901810774776
-857.7251148080784
-857.4476916640144
-857.2050036425645
-856.7967959985822
-856.3831383865623
-856.1371777347027
-862.1915594860039
-861.7821351317735
-861.4469166317778
-861.0612567084889
-860.8203999455113
-860.5249188022017
-866.4876574953955
-866.2116448945283
-865.8895641167397
-865.5036154950911
-865.133160178791
-871.0196131908441
-870.6972858617196
-870.3801700836635
-870.1066029091551
-869.7878724950665
-869.3772958188473
-875.3997573043629
-875.0133784902894
-874.6683563845181
-880.7298966399206
-880.3055532092916
-880.0199713845367
-879.7190891414607
-879.411182103777
-879.0373539975545
-884.8321260772449
-884.4641677111929
-884.1526566464745
-883.9872263329424
-883.6123414869545
-883.2379739878502
-889.0388400259258
-888.7198074393955
-888.3908014325218
-888.2634798985441
-887.885972425182
-887.4981064277395
-893.4212669891133
-892.9286103616939
-892.5543919903571
-892.4532402916433
-898.314014726145
-897.9477832186236
-903.9367161531253
-903.5713495747216
-903.3338226544307
-902.9230615285658
-902.5382140152994
-908.4564774564384
-908.0881720729149
-907.9125487017448
-907.5552934926279
-907.09568712466
-906.7537921304064
-912.6853317050046
-912.3962608499306
-912.0567576105628
-911.6727634068664
-911.2562871452524
-917.133627071267
-916.8623992837454
-916.5288154251481
-916.1441975308303
-915.8518145086032
-915.3758255253334
-921.3147490858702
-920.9990412362831
-920.6300462133823
-920.2908241046271
-919.9227687144516
-919.5876304546579
-925.4732144815015
-931.3207847084734
-931.0040641856331
-930.6258320440774
-930.2660555036579
-929.9714885496655
-935.8987823178029
-935.4862475815145
-935.0191429400452
-934.6744896107854
-934.353847949732
-940.276448135135
-939.9523647834958
-939.5933549923919
-939.1816539390626
-938.7350385210881
-938.3229751532634
-944.3011915415422
-943.9518762530942
-943.5487242909037
-943.2312203364654
-942.9241133469122
-948.8130771482718
-948.3509329588499
-947.9049650732933
-947.5902603725006
-953.4707726596038
-953.0834935590472
-952.7565323810409
-952.4012059702054
-952.0276594915472
-957.9385459205929
-957.4723443158495
-957.0350059512641
-956.6159386226876
-956.2893170112583
-962.2049122454926
-961.8300302414063
-961.4875352611332
-961.03084369868
-960.7178433748898
-960.3063171642613
-966.1422495669959
-965.7053720080925
-965.3102680407292
-964.9612991444752
-964.5971340837357
-970.4993020546192
-970.1099126444363
-975.997313447871
-975.6616404495535
-975.2758452800674
-974.8710323493104
-980.641203631552
-980.1559525995764
-979.8007963797425
-979.4385006288635
-979.0134035041772
-984.9202906758136
-984.5323100760306
-984.1534569303878
-983.7349771798458
-983.3112154570957
-982.9566483265135
-988.8112140595838
-988.4331482059159
-987.8061857313137
-987.470508977739
-987.0884102077827
-992.9589962979695
-992.5744608625787
-992.1589294122044
-991.8045152067044
-991.3387551206174
-990.9173584340543
-996.8478633674249
-996.3919098909015
-1002.3071891671997
-1001.8431592190726
-1001.4712682281518
-1007.3162705496902
-1006.7647785210555
-1006.3602362330025
-1005.915697430502
-1005.5109331799762
-1005.0948283557576
-1010.9592443028242
-1010.5606017054828
-1010.1510829579182
-1009.7401947182161
-1009.3359738896139
-1015.1910455220974
-1014.7747320069249
-1014.3281619075254
-1013.9177243933118
-1013.5058647569499
-1019.3862720902915
-1018.9494818556719
-1018.4611058326796
-1018.067925951117
-1023.9570309092935
-1023.4337777972502
-1022.8370536455145
-1022.4256220101977
-1022.0475104230405
-1027.8956845877135
-1027.485122790005
-1027.0145637540568
-1026.5367545230752
-1026.106831364014
-1031.977844516223
-1031.574739309322
-1031.058384420113
-1030.6382254730897
-1030.2046239664353
-1036.050003377164
-1035.6105734967648
-1035.174106356997
-1040.9942423847508
-1040.5804723537087
-1040.0765435875983
-1045.9611495096012
-1045.4631488301923
-1045.0388852757285
-1044.5775813713392
-1044.1346776947862
-1049.9887978203765
-1049.52223989847
-1049.1071790540852
-1048.6027619970314
-1048.1582241876372
-1053.9833869981285
-1053.512671478269
-1053.079639105876
-1052.5857698965508
-1052.1613063740374
-1057.9636187201302
-1057.5360853085292
-1057.0730996094444
-1062.8616042075093
-1062.4258712812466
-1061.929480546674
-1067.7678572763016
-1067.3104488158822
-1066.825650676291
-1066.3571929946302
-1065.891838362058
-1071.7288166224864
-1071.2430590436838
-1070.7451313141476
-1070.2883843239347
-1069.787822796579
-1075.6138939769578
-1075.103022016182
-1074.6710311426386
-1080.4398028722073
-1079.9908614082133
-1079.4928274883678
-1079.0282266369102
-1078.5381807455735
-1084.3211107699346
-1083.8583359749869
-1083.3440294936652
-1082.880299335998
-1088.6561712176788
-1088.193530330953
-1093.9814784751538
-1093.4874940442135
-1093.0137700834644
-1092.5157028653339
-1092.0241658651623
-1097.799142000911
-1097.3025186712528
-1096.831452488288
-1096.3025658886477
-1095.850315949425
-1101.6039506869795
-1101.152535916347
-1100.6068163851069
-1100.246996893149
-1099.8921617871554
-1105.6311222501574
-1105.1645690892462
-1104.63374230523
-1104.149356672044
-1109.7336099752868
-1109.4269152247007
-1115.2067428406199
-1114.6836892450679
-1114.1945319081863
-1113.666700865113
-1113.1616683073933
-1118.931925822325
-1118.4212107420683
-1117.9185453482396
-1117.384583406362
-1116.9137099914817
-1122.6453768331487
-1122.1533084891855
-1121.6088934918066
-1121.128338438846
-1120.7122030754965
-1126.5938700797558
-1126.1195579366
-1125.5440944587501
-1125.0853649756132
-1124.522637825663
-1130.2975021531297
-1129.7628083904665
-1129.2437474019052
-1128.7285370578497
-1134.4610666172694
-1140.2485609472735
-1139.6821659840325
-1139.1959193607518
-1138.6350215191953
-1138.1419422327513
-1144.0040720175707
-1143.4678231913242
-1143.0124227295785
-1142.524745193577
-1148.299915287621
-1147.7567807615424
-1147.2280986079038
-1146.6888949775114
-1146.1523866035634
-1151.891526693035
-1151.352383203797
-1150.8225408563715
-1150.2787787385068
-1149.8554810157173
-1155.755638630588
-1155.2055196124784
-1154.6738472960953
-1154.1096015972562
-1159.8648237701545
-1159.2975336219686
-1158.7615357473312
-1158.2058134834986
-1163.9672521246293
-1163.4050792300238
-1169.2496431078737
-1168.8867714902144
-1168.279089948628
-1167.7746052367183
-1167.1899821737338
-1172.9066778048752
-1172.3707335548218
-1171.8368841471092
-1171.2711443889855
-1170.708931899658
-1176.6041580408767
-1176.1319006302285
-1175.5430448170093
-1175.0115146144137
-1174.4912676398894
-1180.1860267649029
-1179.6472942429443
-1179.0676724167122
-1184.7859318676049
-1184.2293912338075
-1190.058097773239
-1189.6570388171933
-1189.0703094175694
-1188.5314581937876
-1187.9507774189578
-1193.6540579364985
-1193.0815017721952
-1192.492036583452
-1191.9514704946062
-1197.7892461484037
-1197.3736014643384
-1196.7710812754472
-1196.2400632599335
-1201.8941485804628
-1201.3375076889195
-1200.738095899043
-1200.1854491377633
-1206.0646443578974
-1205.5521170646218
-1205.0493262032705
-1204.411886649994
-1203.8656960118126
-1209.541157829959
-1215.272461619238
-1214.648343358918
-1214.2355375076052
-1213.7961253471024
-1213.175596377339
-1218.9060144488183
-1218.2834920242008
-1217.7250266602007
-1217.1058012179974
-1216.6850810223389
-1222.5134166196694
-1221.8941902699444
-1221.3241191689012
-1220.7175799251645
-1226.405989592736
-1225.8123267803028
-1225.2155134594764
-1224.748185577648
-1224.3112873359423
-1229.9852889155043
-1235.659240779696
-1235.0671176185015
-1234.450157966459
-1234.015128315467
-1233.5452191741444
-1239.2337998906314
-1238.6057332786525
-1238.001400030604
-1237.3779987814357
-1243.0606234187412
-1242.5951826350151
-1242.15006815575
-1241.5239381079684
-1240.920313871922
-1246.5577194697692
-1245.9653023383187
-1251.7638268112057
-1251.2898630086631
-1250.7080558021319
-1256.326713219482
-1255.750836821492
-1255.081293658514
-1254.487855742782
-1253.9908623665895
-1259.8203053973077
-1259.1835501307069
-1258.5612242276225
-1257.9331075659798
-1263.5807891237591
-1263.1415486936173
-1262.6197560929263
-1262.0007705022426
-1267.632981993592
-1267.0133744652899
-1266.3625667347544
-1265.891777664483
-1271.699794802942
-1271.0558564632695
-1270.4045388891964
-1269.7666033519138
-1275.5576093179209
-1275.0684512122286
-1280.7345455026873
-1280.0659799241605
-1279.4322774126542
-1278.7654697806995
-1278.3271399727012
-1284.0593488319214
-1283.4449003298487
-1282.7698394564268
-1282.1399010071573
-1287.9170340968594
-1287.4164685217368
-1286.7819615877581
-1286.0933195876214
-1291.7347439544617
-1291.2240628259174
-1297.025251161302
-1296.3568012797202
-1295.713413399543
-1295.0200955128669
-1300.655167216621
-1300.1352894328131
-1299.6437589576763
-1298.9656320421811
-1298.3238132969573
-1303.9087728784127
-1303.4272776449402
-1302.9268018604787
-1302.2214549878368
-1307.8434601552267
-1307.1581820307588
-1312.9622555627552
-1312.4331249581094
-1311.7682225285212
-1317.350294119825
-1316.682542257411
-1316.1515723322016
-1315.6478153862759
-1314.9584373307823
-1320.5768647789787
-1320.0472177356185
-1319.528125891233
-1325.132455478163
-1324.430947714089
-1323.7455077933857
-1323.2123791575743
-1322.731138808646
-1328.286678163375
-1327.6261177276397
-1326.8956613075331
-1326.3862309332585
-1332.1398072988534
-1331.4595117933861
-1330.73576854918
-1336.5374066055995
-1335.9851376466368
-1335.2924658804002
-1340.8403691130034
-1340.1597221402233
-1339.613424327882
-1339.0888744561353
-1344.6832617115285
-1343.9712448591272
-1343.4210245035079
-1342.8967316927678
-1342.1998291407372
-1347.7472006801117
-1347.0498047955498
-1352.811065116165
-1352.2710495754097
-1351.5287878304732
-1357.1223469594916
-1356.5405630773737
-1356.032678618537
-1355.3136439069178
-1360.8755167678717
-1360.3221684090488
-1359.786958975379
-1359.036068827962
-1364.6246577719764
-1364.0899441355814
-1363.508087869811
-1369.0959753789448
-1368.3539959136308
-1367.5916127544688
-1373.334414200789
-1372.8029644748967
-1372.041099150564
-1371.3463653989077
-1377.0478582527833
-1376.538627022645
-1375.7703965311637
-1375.0515482382052
-1380.7438506115968
-1380.2204311123924
-1379.4680273847343
-1378.74875426468
-1384.4403126726227
-1383.9081114764226
-1383.143236353917
-1382.4046759952262
-1388.112743293968
-1387.5695240448736
-1393.0975525270392
-1392.3594553881333
-1391.7903722509946
-1391.2105918235873
-1396.698844826784
-1396.180531306967
-1395.6239700022115
-1394.8622105514632
-1400.3885295532732
-1399.798921199017
-1399.2524626375086
-1398.4743745481344
-1404.016511485773
-1403.4250907738724
-1409.156667695937
-1408.3639285538168
-1407.6161570919937
-1407.011160906235
-1412.7504996176558
-1411.9653683236522
-1411.4124595522937
-1410.8121584145606
-1416.3332013445379
-1415.5319034870233
-1414.9888549259144
-1414.3889645633876
-1419.9091344902604
-1425.382112599212
-1424.8379982872093
-1424.2268740137345
-1423.4553314602222
-1422.8511397828888
-1428.5686935875854
-1427.7680918618425
-1426.9950802547908
-1432.6717840700142
-1432.0887802276138
-1431.2939988277465
-1430.7103056135725
-1436.4048246842165
-1435.617232657288
-1434.8037076414482
-1440.4962284955625
-1439.9073385633656
-1439.1075099612358
-1438.5076900871106
-1444.1896406132632
-1443.3995723382025
-1448.876002845484
-1448.269953396081
-1447.6623477031944
-1446.8762340087094
-1446.2579768073472
-1451.954526574545
-1451.1281019436672
-1450.3267270497156
-1455.9975692377798
-1455.3892721460695
-1460.860245462259
-1460.2854199818687
-1459.6305487070197
-1458.8353196481403
-1464.4910037867965
-1463.8975651736778
-1463.0614510751182
-1462.2723130553775
-1467.8989265211637
-1467.3062976537315
-1466.4571609275504
-1465.8600927133316
-1471.521314580263
-1470.7201937913078
-1476.3436668880088
-1475.755949222972
-1474.9053175732665
-1474.2951591765259
-1479.941729162109
-1479.1397868357421
-1478.2747851846727
-1477.6699323804824
-1483.297011625884
-1482.479196151731
-1481.8408245000549
-1487.522499112581
-1486.647078688426
-1486.0471220481002
-1491.6699738911468
-1490.839174124347
-1490.1933926285194
-1495.8632274045183
-1494.9939806228842
-1494.3800753637233
-1493.7105746088766
-1499.169389424985
-1498.5222449431699
-1497.8997909615398
-1497.0177873282898
-1502.4609798508293
-1501.7899502288897
-1501.185182172897
-1500.307972347741
-1505.968275777554
-1505.2911034351034
-1504.4483833340112
-1510.051773796764
-1509.4462058175843
-1514.8447224923543
-1514.2143245352847
-1513.5279878165304
-1512.6852679853207
-1518.2792160949373
-1517.662530350958
-1516.782767790229
-1516.152357999898
-1515.4526578562145
-1520.8736924270486
-1526.494046438884
-1525.851689591253
-1524.9625897514252
-1524.3139641400169
-1529.9138175097546
-1529.0359497410789
-1528.391580419188
-1527.720486949403
-1533.3305628209257
-1532.6863980229139
-1531.777281442229
-1537.3946095740998
-1536.7321477626413
-1535.8484771736387
-1541.451466502096
-1540.7916671348867
-1539.8931879904976
-1545.496668049104
-1544.8285227814815
-1543.9293546059107
-1549.542996413875
-1548.8701141609129
-1547.9638201193964
-1547.2934746858677
-1552.8954702490698
-1551.9899596748
-1551.3099065137733
-1556.9186667958338
-1556.0161070511028
-1561.6036841114899
-1560.9339831226239
-1560.25446425589
-1559.5637140251517
-1564.9227980643295
-1564.252947197594
-1563.5510490368265
-1562.6630115837074
-1568.2282205991132
-1567.552023724677
-1572.8967299594492
-1572.2375283869321
-1571.522028754319
-1577.112107099634
-1576.414762873576
-1575.5107857046169
-1574.8024750676277
-1580.4017450612573
-1579.4603731052534
-1578.7932287637395
-1584.3519380943592
-1583.4223737608734
-1589.009822794335
-1588.3088265647498
-1587.6054054165045
-1586.9161036871506
-1592.249959662994
-1591.5496733096431
-1590.8294675936306
-1589.9059033764145
-1595.4817778105196
-1601.0579807226482
-1600.3386214456884
-1599.64067151982
-1598.6971947852628
-1604.2621244239158
-1603.552129832169
-1602.5885549201932
-1608.165506237629
-1607.4459352817862
-1606.761199938974
-1606.0151618136922
-1611.3659895451265
-1610.6061326945355
-1609.9288016864202
-1615.453228533077
-1614.7794923142155
-1620.067768972769
-1619.3737993261454
-1618.6188445835014
-1617.677597823609
-1623.232226063323
-1622.5103064104483
-1621.7711701737678
-1621.060941700334
-1626.38103255391
-1631.9110778978443
-1631.208357442213
-1630.4641524445415
-1629.744615207673
-1635.0286543091051
-1634.3369265884041
-1633.5710477329023
-1632.8767890525457
-1638.3895976478968
-1637.4183767883533
-1636.6731262164853
-1642.2287438938924
-1641.4820907269636
-1647.0338912427133
-1646.028017353072
-1645.2975941753464
-1644.5533806122023
-1650.0929406843775
-1649.3454559504653
-1648.3569491600717
-1647.6028176566742
-1653.143581226153
-1658.6806926441993
-1657.943605490207
-1656.9501677593237
-1656.1694309296176
-1661.7206467601006
-1660.9591682091454
-1660.2292263307386
-1659.2099015399344
-1664.754729820462
-1663.9802815141
-1663.2565830375108
-1662.463803216946
-1667.7514055314296
-1666.9873039668526
-1666.22289478955
-1671.7582404729726
-1670.9865915694777
-1676.5206737439883
-1675.7534513742207
-1674.726932072872
-1680.2341446292025
-1679.4852995232607
-1678.6937808750158
-1677.957980226422
-1683.201369531996
-1682.4276840828647
-1681.6606547331917
-1680.887450152591
-1686.4092168530974
-1691.9335021109005
-1691.1403883855373
-1690.1102644327113
-1689.3426592230637
-1694.8538110908398
-1694.0787662511236
-1693.2914229461373
-1692.514792419782
-1698.0187435455825
-1703.2677436847894
-1702.4668184722661
-1701.7044165704306
-1700.8885942975728
-1706.417967350509
-1705.5956727982448
-1704.8533382248677
-1710.0669881333597
-1709.2755175490922
-1708.485523133999
-1707.688940134897
-1713.209269851249
-1718.684299448976
-1717.8901416029782
-1716.8532320326324
-1716.0546807989688
-1721.5022098048285
-1720.7491720321352
-1719.901509702222
-1725.419544898534
-1724.5900533700287
-1723.5198880532694
-1722.7434811690657
-1728.1869643391112
-1727.415806702409
-1732.8599172621562
-1732.0901694281163
-1731.2496181168733
-1736.7524367652593
-1735.9158874989878
-1734.8483430312508
-1734.0290890449214
-1739.5012038498373
-1738.694202714792
-1737.8792117834064
-1743.3537284812692
-1742.5153496790122
-1748.006074251729
-1747.1667433459988
-1746.371168513238
-1745.5321236557813
-1750.7191822945615
-1749.8937630644764
-1749.0824250629514
-1754.524762175264
-1753.704339443678
-1752.8791765360354
-1758.340761993177
-1757.5180933168035
-1762.9549706396056
-1762.137345316604
-1761.29280794146
-1760.1956207509556
-1765.6298432652607
-1764.7938717129962
-1763.948074391476
-1769.3951378974996
-1768.5539396041179
-1773.9989133753681
-1773.1568509925746
-1772.3106773272561
-1777.7659263348633
-1776.8989330411916
-1775.791477576316
-1774.9318288057716
-1780.3722713542136
-1779.5346129694874
-1784.9522715029843
-1784.1056335552992
-1789.52288766255
-1788.6843218143454
-1787.8246210588738
-1786.9885994596812
-1792.380001689189
-1791.5467780412357
-1790.664929676258
-1796.1102565034737
-1795.2394343032656
-1800.655806987204
-1799.7866917745073
-1798.6332601828417
-1804.0628534013247
-1803.1762292261594
-1802.3176463990842
-1801.4468021609068
-1806.866880359468
-1805.9877694480874
-1811.3974190243464
-1810.5268185687357
-1809.639445989066
-1815.058492677284
-1814.1738769464307
-1813.3129337635266
-1812.3975766886695
-1817.8274586226366
-1816.9318971947725
-1822.3442644609115
-1821.4443965234457
-1820.5710185515898
-1825.97629232545
-1825.0772824377957
-1824.2021428194546
-1829.5673772756857
-1828.711358319546
-1827.791216382855
-1826.6068446540637
-1832.0095436819827
-1837.3676875689835
-1836.499868823249
-1835.5783642427184
-1840.9823961706477
-1840.0581576424624
-1839.159093130184
-1838.2628951934846
-1843.6384011885407
-1842.746380134008
-1841.8012720765648
-1847.215228978736
-1846.2690968428635
-1851.6716035834093
-1850.752166172518
-1849.8462722604909
-1855.219333078417
-1854.338657974549
-1853.4225914245476
-1852.4576239720602
-1857.853452228206
-1863.2055964864478
-1862.2673462839687
-1861.3521193884699
-1866.6980795826673
-1865.7888191608695
-1864.8334783754115
-1870.210422090443
-1869.3018118010814
-1874.6542168494177
-1873.7393644792708
-1872.8003306974845
-1871.8651725606303
-1877.227728215805
-1876.3165217833991
-1881.6504778624128
-1880.7214468559566
-1886.0709723262416
-1885.1484610314658
-1884.2175710813929
-1883.2490494983003
-1888.6314786574821
-1887.6665086406979
-1886.747721876263
-1892.0766898019467
-1897.4342197486833
-1896.4990789732508
-1895.5446188460635
-1894.642348476149
-1900.253461774403
-1899.3273403139049
-1898.33754072823
-1903.7202496696161
-1902.7599891353254
-1908.1090884299465
-1907.1781600195097
-1906.1937619612597
-1911.5557282262548
-1910.5749651346714
-1909.6605382824355
-1914.9568238534491
-1914.0086843083852
-1913.0719943897047
-1912.1041447223176
-1917.4385320250226
-1922.7488713052214
-1921.8077720551694
-1920.8638530351582
-1919.8788045743656
-1925.2243559014394
-1924.2485050396358
-1923.2907839888624
-1928.6080274041458
-1927.6339201771736
-1933.2809620208577
-1932.3152310741077
-1931.3475111454468
-1936.6803883937566
-1935.7224771719855
-1934.737662467459
-1940.0521501728028
-1939.0922872566173
-1944.3981848250553
-1943.4319431270196
-1942.4574076366057
-1947.7764150333535
-1946.7925191432903
-1945.8243502819892
-1944.856454493323
-1950.4982677581297
-1949.5137711124587
-1954.8144825681122
-1953.8517556939742
-1959.1296081643716
-1958.1682952709973
-1957.1873000212165
-1956.207525937482
-1961.5226527913187
-1960.5073275242062
-1959.5596068848213
-1964.8277292731034
-1963.8506796932127
-1969.4695145925305
-1968.4924314214331
-1967.5158992992237
-1972.7877905741454
-1971.827600992304
-1970.8021144001982
-1976.1057803552642
-1975.1253982821167
-1980.3910487964695
-1979.4171095668917
-1978.4122849049604
-1984.041694557641
-1983.0349019765224
-1982.0304113977086
-1987.3355970382795
-1986.3189298815405
-1985.3372884453654
-1990.6124709237135
-1989.5390869940163
-1994.8574632720383
-1993.86730853864
-1992.8933628405703
-1998.412248290099
-1997.4864286189243
-1996.4538012785417
-1995.4859555302708
-2000.7671776888133
-2006.0279047786685
-2005.0387773292146
-2004.012802258997
-2003.0028299735766
-2008.61224716343
-2007.6007003626528
-2006.5959749891176
-2011.8569544637455
-2010.8671467664915
-2016.1142741843523
-2015.0968085267107
-2020.3624413352165
-2019.3240914728062
-2018.6790930482955
-2017.632549452422
-2022.9163778810932
-2021.8745159795924
-2020.8370638980152
-2026.1242493015875
-2025.0638330489578
-2030.6938084613405
-2029.6504922641425
-2028.6322307627502
-2033.8994496601558
-2032.833408886897
-2031.8307390260984
-2037.078326667429
-2042.321035964567
-2041.3159395231614
-2040.5943197965858
-2039.5798781781723
-2044.8035149105838
-2043.768652308578
-2042.7342010832597
-2047.967883143635
-2053.227457254963
-2052.5118184814137
-2051.4928166604623
-2050.446543219427
-2055.6653010990644
-2054.6414971954196
-2053.914779129832
-2052.8818269495073
-2058.11901433541
-2063.3474540480265
-2062.3134011334673
-2061.2553954798263
-2066.482262105051
-2065.775564219131
-2064.7273519359405
-2069.950330115112
-2068.887884433037
-2074.1169882580907
-2073.058366109286
-2071.990589757982
-2077.5614958023866
-2076.511750479097
-2075.4425546937805
-2080.654570863071
-2079.6159343961735
-2085.1554109614694
-2084.114356279695
-2083.0462843213395
-2088.2357847483013
-2087.178698096889
-2086.086859504131
-2091.276742734738
-2090.588849154186
-2095.7883072236573
-2094.738317545973
-2099.9337910703002
-2098.8554395059023
-2098.138058871292
-2097.0533558395764
-2102.256502152208
-2101.1558849925786
-2100.050578448725
-2105.6220343947407
-2110.815154817185
-2109.759114704392
-2108.6697530902334
-2107.5735251724727
-2113.13770112393
-2112.0339919293992
-2110.9452971489536
-2116.131134440994
-2121.3008963296866
-2120.213597930511
-2119.102428451017
-2124.673121936092
-2123.565723442052
-2122.4667907496673
-2127.6670502501133
-2126.553252937046
-2132.1130666082
-2130.995893484679
-2129.8832873072206
-2135.0581804025387
-2133.9404406033154
-2139.4959029596175
-2138.375440016494
-2137.270325741587
-2142.7952763856692
-2141.6959868832355
-2140.576656458952
-2145.7261968014986
-2144.620697363641
-2150.172604419588
-2149.036986318221
-2154.2083096159804
-2153.0571351130457
-2151.934182384776
-2157.4660448203217
-2156.334550381076
-2155.285524647889
-2160.4219218082553
-2159.2179865864778
-2164.8207472681574
-2163.623081064625
-2162.5187883972776
-2167.6645270787844
-2166.513456528103
-2165.777018898197
-2170.902339758075
-2169.7603435705023
-2175.2820739466397
-2174.139348654351
-2173.029904749535
-2178.1462337163266
-2176.964637321956
-2182.490161420646
-2181.338409742685
-2180.206864870771
-2185.335445279
-2184.180962464664
-2189.7340312359784
-2188.5432882866176
-2187.414625937474
-2192.9209178155934
-2191.749816756109
-2196.8784512185694
-2195.709295991942
-2194.5298966472096
-2200.0733075184844
-2198.8726723435175
-2197.721175283672
-2203.1998735839593
-2202.052164408969
-2207.1748008308755
-2206.001373255595
-2204.8419631023485
-2210.331542498996
-2209.1683821427478
-2208.0048501229544
-2213.493905668721
-2218.6087511332757
-2217.4202763493395
-2216.237398968588
-2215.0714104095837
-2220.5387409493346
-2219.3644069880015
-2224.4821481454355
-2223.656304110249
-2228.7710314572732
-2227.5821158136223
-2226.3956648053427
-2231.510953525586
-2230.6910275152627
-2229.5255083282473
-2234.619133239243
-2233.8185288312948
-2238.917537931863
-2237.7223715311
-2236.9182949615442
-2242.002962594874
-2240.7841141275053
-2239.5945269135696
-2244.679074805164
-2243.8618224381134
-2248.9437039456097
-2247.7265101392254
-2246.9203434425176
-2251.9962809710364
-2250.7781688604255
-2256.277287157791
-2255.0679895062626
-2260.14878789375
-2259.3523956843483
-2258.1484565110227
-2263.2342789405575
-2262.020805447579
-2260.797159482493
-2266.2832210438255
-2271.336368591562
-2270.1181407685813
-2269.3075750237253
-2274.368681264294
-2273.156945398481
-2272.315713150542
-2277.3720732088777
-2276.1622278334708
-2281.5993751704605
-2280.4140698126917
-2279.188090465402
-2284.6491342034924
-2283.412872645108
-2288.449755769774
-2287.20859224039
-2292.2560481275973
-2291.4707404351675
-2290.2512837397985
-2295.3158373293004
-2294.4453151449816
-2299.5303900601543
-2298.3053444002558
-2297.4948347376135
-2302.5592521028707
-2301.309641904012
-2300.493176548052
-2305.535589594706
-2310.563496423544
-2309.7578886163624
-2308.5037399773196
-2313.5392379464947
-2312.7423377464575
-2311.4796953224563
-2316.527520936051
-2315.6686163924987
-2320.719533692859
-2319.477692405103
-2318.6175330208616
-2323.6709141403953
-2322.4410181277135
-2321.5591983642803
-2326.6134097404392
-2331.6649447656223
-2330.803940414229
-2329.575375875244
-2334.5929582076624
-2333.7798936605855
-2332.548437917125
-2337.559885426631
-2336.7408990806703
-2341.7898911257034
-2340.515870639054
-2339.74494796521
-2344.7849184570346
-2343.545015730119
-2349.0351693490293
-2347.7888341913163
-2352.8363328404826
-2352.023865845859
-2350.757495023782
-2355.780167277724
-2354.9273433971607
-2353.636339135825
-2358.670389396993
-2364.001760775687
-2362.7824423200395
-2361.507478947014
-2360.6386151316524
-2365.6730911588506
-2364.4301710761238
-2369.8167892115334
-2368.5987470917253
-2373.629687702
-2372.789193569866
-2371.552446223199
-2376.552029514557
-2375.747263445803
-2380.7563153590427
-2379.4895533548524
-2378.6913489521826
-2383.734138986376
-2382.3550831815787
-2381.6694886942223
-2386.623781064089
-2391.6762603340894
-2390.9079001344844
-2390.043399754912
-2395.1611616311125
-2393.9760576002095
-2393.0480258698467
-2398.207911058265
-2396.902081238291
-2402.4399367713254
-2401.2165699298657
-2406.158659126066
-2405.489761812325
-2404.212557110177
-2402.9617467833837
-2408.479409943795
-2413.491120220038
-2412.13501235498
-2411.576266013137
-2416.5684818651307
-2415.317789810795
-2414.661627475389
-2420.1221840383027
-2418.9798836063137
-2424.0820772521593
-2423.0957851023727
-2428.4424547864496
-2427.1907481425
-2426.375604829977
-2425.274123532841
-2430.247906696182
-2430.6230129005003
-2434.6054038610687
-2433.288358986813
-2438.8690996535483
-2438.1140945043926
-2436.9778583951265
-2442.1543868094423
-2441.329503072684
-2446.5902877492013
-2445.4084214577456
-2451.0159812776483
-2449.8370287358757
-2448.6791880353544
-2448.626794972342
-2453.2809328208887
-2452.8041544288462
-2457.71892095495
-2456.4628978188134
-2461.87425474024
-2460.511674594336
-2459.7424960324706
-2465.1888946159943
-2463.7939626220955
-2463.074303996001
-2468.454347147971
-2473.7342025963703
-2472.98431237547
-2471.819987444964
-2470.9298196539858
-2476.4738444267973
-2475.1373557869856
-2474.5282987610863
-2479.874720724462
-2478.7865406492547
-2478.3539435905323
-2483.4078929571165
-2488.7018629087406
-2487.961937879256
-2486.9394053884103
-2492.7352228487166
-2491.186996161575
-2491.3565615324046
-2489.7485995744396
-2494.5371362777496
-2500.8765212778935
-2499.2499597377796
-2497.7750078494714
-2504.1831202728
-2502.177882324073
-2502.0495325534175
-2503.83119677702
-2512.1972818193217
-2511.7373661200877
-2510.7041669426767
-2509.908658834364
-2515.5482226989325
-2514.394627613474
-2513.879464153974
-2518.8162413159002
-2518.3713232956243
-2517.3590720697716
-2522.916613636595
-2522.4041792347593
-2527.6752512104463
-2527.040875917698
-2526.022722942167
-2531.5506331112524
-2531.1237312301705
-2529.6507303447806
-2536.1284612774925
-2534.9540643579894
-2534.660211372613
-2534.3031418769774
-2542.100588717922
-2539.5481837363236
-2542.639987908061
-2543.791565159435
-2548.0125642943526
-2545.953980329474
-2547.313188830253
-2551.0438708600054
-2552.033452220729
-2551.1617712171824
-2552.9515166377823
-2557.57324620834
-2558.9473350080407
-2556.866285374314
-2557.828615782699
-2562.220045954555
-2561.543997275332
-2561.1189572010376
-2567.4565304066314
-2566.3454890869916
-2571.083554987926
-2571.04097923862
-2576.238216805036
-2574.623868965781
-2575.164162410168
-2573.45334888612
-2579.5336083098987
-2579.016886328724
-2578.897882003449
-2583.9527940719554
-2582.8467492498758
-2585.137485977738
-2587.524010472666
-2593.591341803463
-2592.5075340463595
-2591.2433689700974
-2591.3663740202287
-2596.411804783519
-2595.5922997923494
-2595.36169080378
-2601.1569102518374
-2600.240203807438
-2599.1072515667283
-2605.3044389655934
-2604.2461067662553
-2610.1226410912473
-2609.1086853966167
-2608.4282245432532
-2614.2905448025454
-2613.417133787358
-2612.9585295189995
-2618.4099891656033
-2618.1531426483048
-2617.108643146191
-2615.82986917011
-2622.3980383378653
