-1.2191086817849308
0.48604809316463515
0.15653498162288293
0.03632341389321819
0.0033909540078567507
0.249835941243073
0.28998825959650604
0.1748311806307593
0.06894097233191612
-0.03073470028588092
-0.017676791058623305
0.027474140222498757
-0.057178800747034325
-0.34219686206073235
-0.5714464446514742
-0.6305616669904793
-0.1988166236021318
-0.08107988324938326
0.18272349963334103
0.2520885001342514
0.21885121059384605
0.23354247887054336
0.24617169201951697
0.0951032925628671
-0.21217893027536852
-0.40553466574247127
-1.0645610907671197
-1.0044638970569268
-0.8104570297852169
-0.36737150562086157
-0.3392473531506755
-0.2907933009018428
-0.16398146430637825
0.12150545191578611
0.27087343379077944
0.18027908006146548
-0.27619428712278343
-0.931052342544473
-1.1717281798047237
-1.1607367292663162
-1.1643721008634784
-1.2809730338317913
-1.346734958966259
-1.2480924670752744
-0.6254331076748058
-0.17193591343423406
0.23686730247723203
0.10251999773028657
-0.42284839061380936
-0.7293412308779593
-0.8275279280877553
-0.902018981848113
-0.9609790774978922
-1.581381403572972
-1.7111960616265125
-1.6980499545820067
-1.1452093079363832
-1.178811727579002
-1.1166928735199557
-1.5695411880655188
-1.7743249248017885
-1.6400726918657844
-1.4609488275945048
-1.1674862046493755
-1.2555017985153725
-1.4068171390742223
-1.4893328998882016
-1.4670157401921544
-1.4369162319643694
-1.549574681053477
-2.343584501301702
-2.557069591170103
-2.514211870414055
-2.3256588692431106
-2.0888682381015573
-1.8451079306532985
-1.487578859235172
-1.556064527481936
-1.570621066753367
-1.5819481478202124
-1.609210850886555
-1.7626201510580894
-2.214277020257879
-2.505348585278877
-2.6047291998176902
-2.5609381769926625
-2.5148137156202366
-2.539374139603476
-2.638118390656023
-2.767161299514865
-2.840341861172213
-2.8651113469921166
-2.872343997746967
-2.895076778327108
-2.869145714967768
-2.7754483387829008
-2.6494493091136477
-2.456914786813285
-2.3811000083864395
-2.389372812464201
-2.546466705761415
-2.8666151885502367
-3.0477002518238394
-3.1709135505841783
-3.2280513819338656
-3.205990565070632
-3.173434191239592
-3.1505039721893766
-3.1200284446912905
-2.933046984938567
-2.809310859718716
-2.9043133514772377
-3.043523909271337
-3.2218258616817037
-3.3138063410720977
-3.33764796615401
-3.313189045874143
-3.313327671162287
-3.386900370539449
-3.544700044168789
-3.6402137068867892
-3.7564756698617057
-3.865700289139911
-4.005625426252776
-4.128774420721637
-4.162209691877399
-4.085435756064296
-3.931579198722355
-3.624504821180346
-3.470466463843926
-3.562267745259137
-4.183329343530247
-4.222927533796715
-4.1909799173898605
-4.078587265441556
-4.000143742103597
-4.0152131978195875
-4.16153821715268
-4.369243703251677
-4.522013268716709
-4.789158350016773
-4.690715047744757
-4.9309097845760474
-5.12850508964167
-5.171190665173173
-4.654101579172829
-4.553157550685553
-4.258687767711867
-4.271691753403138
-5.130339050451098
-5.3977440183571295
-5.500409954647459
-4.7000527285374085
-4.704490954545325
-4.643584468603423
-4.688495567369856
-4.910518187214971
-5.596536838645089
-5.803678146442358
-5.898558963966219
-6.232199077665839
-5.9790246882916165
-6.101782321342502
-6.225014832523479
-6.349883535963907
-6.527180289508345
-7.220329700861868
-8.545226265343024
-8.473504031498566
-7.217645818831218
-6.517698372123062
-5.446844986071923
-5.436299965773702
-6.435846589242277
-6.6246722423894715
-7.414599342547799
-7.173659053149328
-6.599468922540267
-6.453708960908604
-6.245001279238788
-6.391982480579367
-8.396791245457743
-9.077383400956077
-8.82696857791821
-8.460709192465995
-7.489500659074974
-7.214998128772317
-7.49199468888145
-10.457972931700871
-10.796399545813111
-10.426714817846918
-9.562481776648038
-8.517948760695155
-8.122609875081496
-8.403383369414135
-10.349856819725872
-11.318819025114811
-11.110404103943667
-9.919985378732283
-8.38315768112325
-7.539816157483563
-7.6822907194588215
-8.076765342440035
-9.133193326144491
-10.215087359290063
-9.782817078767899
-9.825060515113327
-9.949829575432314
-10.34265157124768
-10.84245709862581
-11.083187410248819
-11.179128101095666
-11.239142019117732
-11.396649394840098
-11.63404117628845
-12.021891049672295
-12.419713604125594
-12.69681980690017
-12.776089501982582
-12.898508800616328
-13.120369840630305
-13.204583406453501
-12.321144123694383
-12.289946814673856
-12.192000643378824
-12.278019344816716
-12.389978771323934
-12.521168442569799
-12.64302917081762
-12.688873641131332
-12.82236869173647
-12.976543522876304
-13.154441679295326
-13.26216331098327
-13.314552028913676
-13.417045513789278
-13.44803146190286
-13.835100397621414
-14.109726384418764
-14.293614863797032
-14.755003658654202
-15.359288424877649
-15.892047931249582
-16.3319891421068
-16.689750523748355
-16.86103667487504
-15.58606931220902
-15.081323339888227
-14.725544162981217
-14.733788931459303
-14.903612584756349
-15.299571758457915
-15.514870310362591
-15.772766418794076
-15.25586170783021
-14.281201518675976
-13.267154361539717
-13.365420514847228
-13.562235332272312
-13.828452301672908
-14.180705460856078
-14.585692469008666
-15.006900476585932
-15.361978490859446
-15.656547906275144
-15.98854814865936
-16.384470888025863
-16.882644911926064
-17.51462591157079
-18.041792859142806
-18.36276267235401
-19.197236066510722
-19.764926484245052
-20.14880514600154
-20.38771680185329
-20.58274200889854
-20.818352739704682
-21.025713189603504
-21.254837536868607
-21.48456212774584
-21.731608953697624
-22.031002668724305
-22.28271575532303
-22.488010109538592
-22.375933637952922
-21.40069112617581
-21.104770015069754
-21.039577592993627
-21.170640950126682
-21.348438209071304
-21.608619946473723
-21.841139169155987
-21.29763098409124
-21.44615040511828
-21.572807463752216
-21.574930284628472
-21.779104383411152
-22.068901842603204
-22.358836821136045
-22.64627837072827
-22.818401558241693
-22.672630005709685
-22.12657927915408
-21.558487038850696
-21.616419519416617
-21.96008017864643
-22.347073598575378
-22.623051576209352
-22.78176813545677
-22.652483286338697
-21.552624769572905
-21.439431763497467
-21.85217943975952
-22.30212891149095
-22.752243263614734
-23.384366524453288
-23.657478436672612
-23.939471212662756
-24.14028079057453
-24.136432263165073
-24.27933256179068
-23.96231321368784
-24.38602686620044
-24.87201960556107
-25.405724486483557
-25.938823930881295
-26.604871648675463
-27.29908002225205
-28.01885189606625
-28.52071815036404
-28.90926146648241
-29.199260955012065
-29.136956106475168
-29.167758847381922
-29.193261970670697
-29.399081567609336
-29.68045445095346
-29.948753235569736
-30.224075593206
-30.494995408527437
-30.77403543787817
-30.731061436539246
-30.542956928587678
-30.620171714651452
-30.908400658731136
-31.191200894196896
-31.35690381920207
-31.49836227926078
-30.288868360698746
-30.349851739792978
-30.467738786678023
-31.166667616347024
-31.38321304004211
-31.50697104817073
-31.322222723383057
-31.104744199946907
-31.053099365252734
-31.124739135129637
-31.18936231928669
-31.327872706739484
-31.457292031838985
-30.91859406146877
-30.821771314938438
-30.93336362196013
-31.166045769179753
-31.40555148639305
-31.670430680285424
-31.946717311749588
-32.10000946431065
-32.06132093444105
-31.92306362696737
-32.08261298485082
-32.38031381261974
-32.73610639026898
-33.16830716954403
-33.408697896358106
-33.65016340643744
-33.859621366098935
-33.70227570743427
-33.671722107540695
-33.95874272143236
-34.465317193120086
-35.035569449811206
-35.52049959418006
-36.127917389949246
-36.80479711583526
-37.34124662535564
-37.71258560344416
-37.95006013018753
-37.79553483055493
-38.0232094375594
-38.181247882238196
-38.45363353679138
-38.80839350578077
-39.16365830030197
-39.51483499286791
-39.6208469292619
-39.64591025922236
-39.667126744925056
-39.87598582531535
-40.086868334114186
-40.43705854576657
-40.704366681923034
-40.81973606248919
-41.03942278760737
-41.17013520858525
-41.03174558572119
-41.19571841480737
-41.58829504555101
-42.123679014405425
-42.4434391157541
-42.70605524635109
-42.832186141380895
-42.4408672002852
-42.468948613892735
-42.69729378205409
-43.07858437788808
-44.13920658646415
-44.61423309250334
-44.98962477535576
-45.187095794052254
-44.29960297505312
-44.418275239563826
-45.572308773697635
-46.01533911687851
-46.34073936008031
-46.68571835499164
-46.99308035644888
-47.1312415676616
-47.08761269148005
-47.02651413917245
-47.159612161665436
-47.52792933132818
-47.93379047245938
-48.39333346366437
-48.72959450679737
-48.8824227126143
-48.76898555687907
-48.73338188743568
-48.92173277410153
-49.16912991063233
-49.45437988753984
-49.80506306014047
-50.178462854284575
-50.11786470180144
-49.925716362684675
-50.06773475057656
-50.49616132491784
-51.146037865820006
-51.6713114539883
-52.066733533165795
-52.22647173442452
-52.170644723198606
-51.96542981366848
-52.240717434932414
-52.6296639334306
-53.00625884269053
-53.29556698624506
-53.496356864136075
-53.4645231119809
-53.32626418390064
-53.44319262912607
-53.45039834318737
-54.403820692775504
-54.77076719187655
-55.03310337729822
-54.367460675046736
-54.41929113029651
-54.67320487661853
-54.93684639326971
-55.22328786646621
-55.49187670986606
-55.56899422568641
-55.64507497521086
-55.63467153483612
-55.71113677551399
-56.09869357039995
-56.51041769736262
-56.893083830187784
-57.23760006121161
-57.381987285869904
-57.373158249445886
-57.44062843116722
-57.62211842474466
-57.920202087959794
-58.28280089851059
-58.5378566708546
-58.48432947867844
-58.47543518483952
-58.61915446500107
-58.8891090700647
-59.29571974494522
-59.809507378136985
-60.18820101560209
-60.376543560524816
-60.17819629175221
-60.27038444313283
-60.42962875959038
-60.76620666033222
-61.00418177110428
-61.1935754035845
-61.33452023747151
-61.42250693206738
-61.52118639842146
-61.753894096694125
-62.11009314075866
-62.494025688545015
-62.81158314328564
-62.843671899347456
-62.822395397366904
-62.967640273957905
-63.26107991302402
-63.592910717314965
-63.820434011893425
-64.01061947257318
-64.05261239212393
-63.90552669724278
-63.92183278379639
-64.16980929609645
-64.47446015201888
-64.86245806513251
-66.48819435977781
-66.93595467753438
-67.41169278776299
-67.64850167398589
-67.39867842900436
-67.31088817879063
-67.78314377200569
-68.8313622766864
-70.81771182882753
-72.25302153209374
-72.87997772996472
-73.21391809474738
-73.34363725375438
-73.43994641688124
-73.32544133406374
-73.31088777986449
-73.50322213818679
-73.84434631920006
-74.23702435965815
-74.49602826472797
-74.36937855955446
-74.31262778867423
-74.59554213773843
-75.01634874606061
-75.41099649359006
-75.73305627661662
-75.86043827789885
-75.69508166139674
-75.6735979231507
-75.89727022174604
-76.19896537762592
-76.39002952106486
-76.14992590780919
-76.17083446082084
-76.30349436874722
-76.50101232751487
-76.70270178784365
-76.91176849066727
-77.00719352779778
-77.00551063022819
-77.03379802204182
-77.27387985566206
-77.57165671783149
-77.84929898387901
-77.93892304982751
-77.90824835315168
-77.98053112482016
-78.14360068936384
-78.41687079887089
-78.61148807598138
-78.6715668542398
-78.60924434610531
-78.58731044641841
-78.73670548535297
-78.9521188746175
-79.13616676723883
-82.34900425382808
-85.51652849830347
-85.57673824528098
-85.80897046398609
-86.08582117695191
-86.33703622430225
-86.42647737496469
-86.37222680103065
-86.38080992261227
-86.57178584956297
-86.84036450217937
-87.02925663485485
-87.08407587104844
-87.04118430041817
-87.05896363773378
-87.22889830459606
-87.49596632955273
-87.6211325191917
-87.69116729978668
-87.69638216872904
-87.7701865224367
-88.13507404743311
-88.46703397476132
-88.586700506648
-88.58579639317396
-88.50061721835775
-88.55179126208161
-88.81383935409654
-89.19402136966652
-89.65514134522249
-89.85858577015581
-89.52277414511293
-89.4645198275318
-89.89658180414234
-90.39696958324691
-90.91799973938986
-91.13337043232428
-90.89761444645613
-90.81645088624465
-91.2020763073337
-92.82000043203114
-93.57653561754317
-96.8389766544473
-97.45274167092337
-97.74705498293036
-98.05326957151377
-98.3270256742241
-98.38783077635142
-98.25287738125346
-98.19995831086513
-98.38568216130413
-98.69988918791286
-98.9885612950516
-99.07916947110066
-99.04061640140925
-99.11621005436174
-99.31271871845725
-99.58547684891714
-99.77657276803225
-99.88608723920422
-99.88429376280595
-99.620372924752
-99.85000997543597
-100.11629561981583
-100.18711239375685
-100.06569987131162
-100.03956524965783
-100.25519199097232
-100.49620425043291
-100.63126134543722
-100.61101338274322
-100.5856320511711
-100.64479627797873
-100.81992156123134
-102.92948970697022
-107.48449116559063
-107.5209766247403
-107.49546093573794
-107.63164838794287
-107.76498978272598
-107.83303278749368
-107.85244329501096
-107.86120447698826
-107.91570683150833
-108.10122094011331
-108.25778875007306
-108.30640679816689
-108.331595065031
-108.31310637213438
-108.42643328804124
-108.5075456951077
-108.6050354322859
-108.53981074843084
-108.50295162670929
-108.65585046484448
-108.85373508622986
-108.9627292883535
-108.86493872920994
-108.7826680452179
-108.90979921649252
-109.1379480377204
-109.25063953528613
-109.16170781161294
-114.68910203695965
-115.59807113328931
-115.78010597853435
-115.91793045399389
-115.96877903096205
-115.91930150955831
-115.89402097960367
-115.99747251969507
-116.18794624078112
-116.31768211517232
-116.20400975576736
-116.24763683585113
-116.38630712383875
-117.50063686416725
-116.32744824132831
-116.24431073115552
-116.31942542006733
-116.4431323538454
-116.52700965616702
-116.54101217574022
-116.51022012860132
-116.52653077469367
-116.64037475920064
-116.7796581898136
-116.82719224466803
-123.34376265334156
-123.2523317482993
-123.46293771349146
-123.68049301641214
-123.89051348246416
-123.94965695390827
-123.82504895172099
-123.80683241614277
-123.99358298172496
-124.28633308783434
-124.21492343237801
-124.15974194999694
-124.70926825848024
-126.63600203090161
-123.91967849081773
-123.99908146098912
-123.87689512498395
-123.94306987194477
-124.11411962564517
-124.33226694069323
-127.31763210786983
-128.96470667190312
-130.0008661693067
-130.5678573830927
-130.9881054466798
-131.2131279409729
-136.91682826597807
-137.12012758921725
-137.28529879881506
-137.30340674220884
-137.15539292604788
-137.11748569619246
-137.20349007580745
-137.35187826026984
-137.4115834403409
-137.31793232148829
-137.1393712569365
-137.32103481389575
-137.52628944939218
-137.5137320640075
-137.41647694190382
-137.5592238737905
-137.66576517988574
-137.8461780027973
-137.89085357419947
-137.78967696552115
-137.7826226638828
-137.89665987167615
-144.3427510467172
-144.3940689933204
-144.31091737508808
-144.35678311213428
-144.49110274908782
-144.5906795154418
-144.5636418230501
-144.5355877355767
-144.62657664090435
-144.7230041579308
-144.78162101074182
-144.81599660335203
-144.81993652227615
-144.81963815883907
-144.93388643007137
-145.02267702105883
-144.99709560488816
-144.89911519594415
-144.95737521513638
-145.08947634178432
-145.15747733625838
-151.3684655603765
-151.3349761588802
-151.41984347665175
-151.5738428099754
-151.64118230826452
-151.5667868517599
-151.5751305298046
-151.7070674028944
-151.85466639926483
-151.84917421759323
-151.7917485303956
-151.83341611088653
-151.94805270032478
-152.00071994041812
-151.9869595865928
-151.94411855431858
-151.95519902683998
-152.03784096686442
-152.1569482400205
-158.41503771544728
-158.3435754361958
-158.4412118931496
-158.61259628035313
-158.7138773507659
-158.6103757717678
-158.60114359861953
-158.73737401621642
-158.84850033163553
-158.8378231868183
-158.7733116464111
-158.8058688988533
-158.89490224172548
-158.9605076221086
-158.94947881981923
-158.93041531444177
-158.99561530674487
-159.08259992273904
-159.25301856456358
-165.38509306084927
-165.38331380366762
-165.50354311845726
-165.6374038807877
-165.64894104761467
-165.57020698034827
-165.58300359604127
-165.68958471863576
-165.78669047423875
-165.7935883428132
-165.66235852384642
-165.7160092794583
-165.89111099803395
-165.93141189317404
-165.81006602819005
-165.80042463764087
-165.88194555266065
-172.31234141306433
-172.28632265922818
-172.23183235984587
-172.29417612542812
-172.39961879340012
-172.45857603335813
-172.43688586167323
-172.3958842357584
-172.44487472962382
-172.53059587673732
-172.57790765497447
-172.53843313677606
-172.52052259043452
-172.56802212280107
-172.65842279421096
-172.63754862479698
-172.58035290150036
-178.94487460693685
-179.05286429607287
-179.09889110502644
-179.04738425917614
-179.04676473194857
-179.13324293635577
-179.22574053376482
-179.2296028708252
-179.14119337637018
-179.18659532533255
-179.28132938524857
-179.34886728724445
-179.33281599162598
-179.22989127156112
-179.28781851458055
-179.3400741211651
-184.3169946596833
-185.61643926183982
-185.67010721616836
-185.76082650276982
-185.77322533440983
-185.7522171804317
-185.74586466864324
-185.815360123718
-185.89389978277876
-185.89946217828447
-185.85558981912405
-185.8846577291361
-185.95445535500576
-185.98141358019484
-185.9072512664661
-185.89306348976788
-192.22072483343723
-192.28900308561882
-192.26531626392554
-192.23428841536784
-192.31057213376457
-192.4139035206859
-192.41035539684358
-192.36323525152963
-192.3657577665744
-192.4290084091913
-192.4819341114618
-192.49121218323845
-192.44560323947223
-192.4652714619158
-192.52643555498113
-198.86311164033458
-198.78690141816395
-198.78055161306384
-198.85398450015254
-198.91372708269557
-198.87488054742698
-198.84073367948534
-198.891943854735
-199.13124631872518
-198.98391937208666
-198.93756069102272
-198.931777687104
-198.99209893667762
-199.04784145957044
-199.02312244199126
-198.99108255931642
-205.33275885719243
-205.37395703953078
-205.38315410476457
-205.33040405243847
-205.36531879124172
-205.43418079003757
-205.45743199136584
-205.41038379266575
-205.42864354340946
-205.4821577476429
-205.5274864516742
-205.51132714221606
-205.48271478909223
-205.5071411466361
-211.89721752308597
-211.89900044903905
-211.8700199785571
-211.84232798887507
-211.93811424861426
-211.97302317179737
-211.92134983513262
-212.04600367472935
-211.90521097916078
-211.95522577003982
-211.94884758356272
-211.89485701565758
-211.92274240675266
-211.9667039163019
-218.0591600744795
-218.27627782087853
-218.25334189772877
-218.30987362634804
-218.33962453384314
-218.34557072629593
-218.3119652187251
-218.32750049219527
-218.35578260772664
-218.33952015830107
-218.3059205310727
-218.33691483331623
-218.3682604285877
-218.38369924527788
-224.67697896857004
-224.67289868808865
-224.70743447101876
-224.75572636818254
-224.68692616627698
-224.67709283973394
-224.73289025838235
-224.7220368717373
-224.66534122431116
-224.62705793002394
-224.70003940072453
-224.75977223380562
-224.71311539068944
-230.45886654990215
-231.04308161659208
-231.07591496125366
-231.06702448098653
-231.02721132054572
-231.01394655803762
-231.05140621845973
-231.0403041007356
-230.99836854663826
-230.97412128525926
-231.02411490892328
-231.04393012020975
-231.00656962190126
-230.98265186616882
-237.3330846858322
-237.36862180506375
-237.34355124771355
-237.32113182013666
-237.35608997749043
-237.39915366212966
-237.3502308285391
-237.29693759974018
-237.31564782617022
-237.34346392171122
-237.3148139646925
-237.25098926943502
-242.9286093651122
-243.62350340789533
-243.61720016584073
-243.55453266598494
-243.55541008254613
-243.63605258895964
-243.64825021207795
-243.5773360371567
-243.55851040856373
-243.61862487211212
-243.6154666598872
-243.67104137514562
-243.63274937179463
-249.87696115780236
-250.01326021159574
-249.98293871438975
-249.8344856938815
-249.83805277141323
-249.8668382023773
-249.86048755664623
-249.780561826735
-249.78396728589664
-249.8218756464557
-249.8269000280694
-249.73701456696455
-256.0710795738291
-256.1166040815422
-256.0787864142963
-256.0079483634347
-256.03754838705424
-256.07362687397716
-256.0969859758656
-255.97849393094725
-255.98245555193418
-256.0099615453847
-256.024377301351
-255.97248730053656
-255.93668898214426
-262.28283142301365
-262.29673348310473
-262.2438200991584
-262.2050656231205
-262.24989570301807
-262.27128546164164
-262.2044925376809
-262.1556639230733
-262.20168443982686
-262.2291993548933
-262.1887369657207
-268.43789696940144
-268.4790423641863
-268.50359001959987
-268.47099477689505
-268.3904925852374
-268.39646083049627
-268.4441030859913
-268.4576464017575
-268.3721465378714
-268.35052732757015
-268.4234773504676
-268.39468799675814
-274.560340427558
-274.60914637535274
-274.6473581608282
-274.6132370938147
-274.5547720497071
-274.57536826928975
-274.6523282621448
-274.60741160816104
-274.56436009761023
-274.53395091669375
-274.5360689706712
-274.44802950775176
-280.68881383142224
-280.68052202022494
-280.7109431004963
-280.6912644864747
-280.63157559416595
-280.6345765004051
-280.6896783831929
-280.6403544571438
-280.5952858287545
-280.63043247404323
-280.6442036509833
-286.84519584992074
-286.7975505497266
-286.82050221387817
-286.80831070397915
-286.7790848249761
-286.76309819999074
-286.7517618648588
-286.7603547077092
-286.7454240411344
-286.68792119527444
-286.6884648108681
-292.9590343618022
-292.92804437037074
-292.85440596440327
-292.8454271349183
-292.87935766492916
-292.8444332983603
-292.8000399342401
-292.8058812534035
-292.8287912420575
-292.7836075123299
-292.75711954939294
-299.0052156725377
-299.02800199539547
-299.0081028647632
-298.949830993339
-298.94461440852064
-298.96664522943524
-298.9040965273886
-298.84903587066646
-298.8679122470891
-298.86733653413035
-298.77086347448574
-305.0044870607906
-305.0413896253914
-305.0544573640131
-304.97678188112195
-304.9310182545147
-304.9678652897199
-304.97050878816543
-304.88351685587355
-304.8361232253487
-304.86532723162594
-304.8908545247689
-311.05817007681253
-311.0103524557592
-311.0538977850056
-311.05092208578844
-310.9567433625106
-310.9268243439405
-310.96679043814726
-310.9604021075528
-310.85709435051143
-310.83434077525266
-317.1132644008322
-317.06516655630685
-317.0100083386226
-317.0123619190529
-317.01616554983997
-317.01916125407575
-316.95389544466883
-316.93387961448445
-316.93340208399604
-316.9008121540647
-316.8590995878802
-323.06354554123874
-323.06304427747045
-323.040204897585
-322.9689957519782
-322.94298605477445
-322.97076228903256
-322.93099654423355
-322.90584071091286
-322.88423438181877
-322.9145862373845
-329.09619536281747
-329.01816744177285
-329.04866095772735
-329.03201227406066
-328.9268630172585
-328.95222099736645
-328.9550472169031
-328.87340454865296
-328.8100127299463
-328.77931229134407
-335.07123577007974
-334.9930652237023
-334.9335788980502
-334.94773141299964
-334.9526101356442
-334.90960188790336
-334.8115218876706
-334.8396997947157
-334.871647369018
-334.72941124721467
-340.93777340260567
-340.96324766288524
-340.9286522996212
-340.8229734385
-340.78985551691403
-340.89349285164764
-340.8138486005482
-340.77651798287843
-340.7606346312246
-340.69637479422624
-353.4149828907575
-342.30815813758613
-340.43997249617155
-340.44860724845444
-340.48484401650796
-340.3533706121205
-340.3525649116854
-340.3676856346683
-340.25874467867305
-346.4673023138615
-346.50593102226503
-346.47763317960175
-346.34743546593705
-346.3039596892618
-346.35410389891877
-346.2861985771166
-346.1988393151198
-346.1899146259266
-346.16065963710645
-352.37748127047547
-352.33327381489244
-352.31304393692386
-352.3029886645143
-352.22773145102974
-352.167699384992
-352.16319278590055
-352.1397226693833
-352.03666476868943
-358.474130318597
-358.2914772791599
-358.24560578319347
-358.137578546484
-358.1054149290084
-358.114225159042
-358.04002035137614
-357.96141472710633
-357.94305789337056
-357.92490725762207
-364.13353031190314
-364.0643220390109
-364.0501233902992
-364.00954707094246
-363.90027195753527
-363.8535948866818
-363.87988058146175
-363.7831174468461
-363.6900786910352
-370.0103299797595
-370.0103244865129
-369.88197705212207
-369.81785387000264
-369.83619342148546
-369.74363465491314
-369.6369636249365
-369.6230558145156
-369.5683226464328
-375.78215458373114
-375.75404210237883
-375.6988417863315
-375.6374359540167
-375.5824275792836
-375.50083911280495
-375.4579485190406
-375.4362419920615
-375.35105047504845
-375.25900229158685
-381.54071432926503
-381.5083144896206
-381.3518123245589
-381.3320670240076
-381.34194350190154
-381.18567488004567
-381.1249952343829
-381.1461544566673
-381.061478331867
-387.23857116117244
-387.2237331753852
-387.1987929856929
-387.07604967410515
-386.9850146594954
-386.98370674136
-386.9254336290117
-386.7993046119286
-386.7542617160884
-393.0340615712421
-392.9381636132347
-392.8649541900839
-392.8182918272931
-392.7586713503215
-392.64973667570877
-392.59729076151507
-392.5608222295407
-392.4499698905017
-398.6408434460964
-398.6157777953404
-398.53212164138216
-398.4567783728875
-398.43185090205276
-398.29148424038436
-398.2508495754071
-398.14970805873503
-404.3397416892956
-404.31202161004063
-404.26380890783685
-404.0903080201948
-404.053870074117
-404.04565809473934
-403.8779764011231
-403.7815287025791
-403.8099680135681
-409.9984639432775
-409.8367445994129
-409.8376161948106
-409.752750744009
-409.57978073779765
-409.53389065039875
-409.4831715813979
-409.3301472540922
-409.25820650831355
-415.5196760990943
-415.4021855393597
-415.288498242742
-415.2587655101883
-415.151042235873
-415.0638734842017
-414.9987241177953
-414.8759480737995
-421.0994764756843
-421.00112241120144
-420.90284275300303
-420.8395852447943
-420.78881219624157
-420.65117225358784
-420.57915468786246
-420.55357201911903
-420.4377116795922
-426.61861453105917
-426.5499704227349
-426.4415491511342
-426.33152448094114
-426.24410220894293
-426.1652990095238
-426.03007073173575
-425.9107910162479
-432.18086374510955
-432.09807746209697
-431.88968255462936
-431.84922170313365
-431.8206278877725
-431.62554516809433
-431.584355138488
-431.5895306565677
-431.4166847154749
-437.59475125046157
-437.5536732011878
-437.40498631690076
-437.28766658660714
-437.2979471446416
-437.2337155671124
-437.12110830234025
-437.05534010727473
-443.24877402485555
-443.1574576693575
-443.01924661716845
-442.9197408858599
-442.88226543919274
-442.8142420241677
-442.6774195798485
-442.5806665631937
-448.8465414058155
-448.714063079344
-448.55270276078693
-448.5026120133472
-448.37439452595083
-448.2805549677354
-448.2443854943357
-448.15767539435825
-447.9501333370954
-454.2274567445323
-454.1687017744326
-453.94500337127505
-453.93351484767675
-453.88314862815844
-453.7465008966639
-453.6004365389099
-453.5509566630277
-459.7356940175903
-459.596018273917
-459.4484457936411
-459.3580280939184
-459.26831366087765
-459.00033319945135
-459.08442570602966
-458.9917151612222
-465.1573611310642
-465.047648058537
-464.9011873386602
-464.77381651248453
-464.52827956812274
-464.4719797441583
-464.54226885433684
-464.3908253581469
-470.590078520964
-470.461469640529
-470.2542015114749
-470.1811961328274
-470.17073260923
-469.85161551878247
-469.91183235422733
-469.85626896921224
-476.0484003742619
-475.802543603801
-475.7484445236886
-475.64487254478075
-475.3282849827754
-475.28589717734815
-475.41382079371255
-475.2365147539435
-481.44201623185313
-481.27344699221567
-481.12993091218476
-481.0993695002922
-480.8085863042872
-480.6920973199395
-480.76558824794256
-480.65060376590924
-486.8295590345891
-486.67260854858864
-486.5342423673612
-486.5079905274449
-486.44886905126015
-486.1024931651358
-486.14852279119447
-492.3318164565123
-492.1441213276708
-491.9927726920751
-491.9679148849255
-491.87137011575135
-491.67282389559836
-491.4717419917579
-491.49324399625897
-497.5002575096133
-497.45974731595595
-497.326447454164
-497.1403914695108
-496.95632445755234
-496.9777890096024
-496.6563953487211
-496.7313713130726
-502.8189868570732
-502.80712481140444
-502.6091765075855
-502.4808875788961
-502.2608733040146
-502.29155455024494
-502.1637178844445
-502.08996964190226
-508.1269479392244
-507.98698602212164
-507.9099620211218
-507.84302591167693
-507.6747632139898
-507.6062495667793
-507.54480653525235
-513.5959565296082
-513.4684935875887
-513.3913242512984
-513.2320832434962
-512.9579754439379
-513.0825252510662
-512.9333415252429
-512.7861235916373
-519.0410318832062
-518.8619634736741
-518.6780447184839
-518.5853711734356
-518.5300839588097
-518.3504137159899
-518.2535197679621
-524.4626281699146
-524.3148990647942
-524.0991039489907
-524.064534930092
-523.7089624437572
-523.7347203882155
-523.6312683358422
-523.4840363150297
-529.6382227304472
-529.4978935553623
-529.366483877658
-529.1922903228091
-529.1064680321198
-528.9757634800893
-528.8512456037865
-535.0440722421158
-534.9250674350324
-534.7435624870423
-534.6075939084361
-534.4960007095445
-534.3624407076708
-534.1981219252688
-534.076661831021
-540.2697295485499
-539.9947416668706
-539.9321682405172
-539.7371549092315
-539.6365982260925
-539.3325029531978
-539.3866727576471
-545.4799539413585
-545.2721125369684
-545.148456001392
-545.0471194690554
-544.9225852109968
-544.644139307515
-544.6512997155916
-544.4766361728676
-550.6177748335307
-550.4861064108974
-550.2928548369836
-550.0722752093809
-550.1221185620557
-549.9548371490355
-549.8302545175171
-555.9903927449831
-555.8271344897555
-555.6343730421011
-555.5588836526451
-555.3984502743963
-555.0544788167897
-555.0961931762987
-561.3098182591638
-561.0231051037459
-560.8830110763768
-560.872942294809
-560.6589739198635
-560.3324965022238
-560.1950566905941
-566.4914958011102
-566.2920620589629
-566.1877489579799
-565.937320884401
-565.66206200767
-565.6159265892403
-565.421649086763
-565.4397222566124
-571.6418142546794
-571.4077705749529
-571.2203089996948
-570.9923349247146
-570.8206968387868
-570.6974360214717
-570.6845591377191
-576.806547235798
-576.5879301167613
-576.3885164570507
-576.2908112599878
-576.1926541231924
-576.0320499398846
-575.8949319713428
-581.9212309115181
-581.7761371858799
-581.6880920240379
-581.4497467556815
-581.3221895217426
-581.2329134586953
-581.0800449071129
-587.1954102939361
-587.0857963791694
-586.9639325745793
-586.7112142459523
-586.5751710498379
-586.4788455414815
-586.3012224481926
-592.4309900927428
-592.2661812643739
-592.1042052397415
-591.9891929551964
-591.7538649377711
-591.6778898617653
-591.5568523605604
-597.695570558566
-597.4473361468245
-597.2981720120525
-597.1564646286266
-596.9489623564758
-596.8309477854519
-596.6948731742727
-602.8066422342811
-602.5643567351136
-602.4539165539094
-602.26308383641
-602.0784378081208
-601.9953584661628
-601.8456766406133
-607.915886650174
-607.7716267663111
-607.6108206855066
-607.3710811272707
-607.242461033431
-607.0792816491568
-606.9010528434144
-612.9929646625679
-612.8386545890778
-612.6243172013375
-612.5045703353793
-612.4030493174527
-612.1562459625815
-612.0268161857247
-618.1014029848345
-617.8912563195215
-617.778989193474
-617.5726580780765
-617.3924215628036
-617.2844137387336
-623.3778552337011
-623.1835038135247
-623.0669925008336
-622.8570511595326
-622.6742095454058
-622.5180344498226
-628.666283601257
-628.4651604429064
-628.3121319706001
-628.1265550312594
-627.8985215468509
-627.7064060372413
-633.8926200690403
-633.639943869969
-633.470957080588
-633.3168254045406
-633.0919141336798
-632.8913936081469
-639.0438564710656
-638.8226946881268
-638.6830730451766
-638.53042632571
-638.3404820155072
-638.1344608545156
-644.2832961780206
-644.076455765749
-643.9053867225997
-643.7761357764956
-643.5621767336795
-643.3692130292012
-643.1988553402736
-649.2646670289334
-649.1007278196424
-648.9388408926648
-648.6919955027568
-648.4949446972244
-648.3331911211196
-648.0906014654375
-654.2318854008461
-654.0772636791849
-653.8629011109634
-653.6800991823065
-653.4857921659327
-653.2665156604274
-659.3905966033916
-659.2085988455559
-658.7763155697008
-658.4841902188429
-658.0733634642958
-658.3297145483672
-658.220542787917
-664.342302211652
-663.9267644350548
-663.6301627339559
-663.6179527473589
-663.0575051270426
-663.3124308857925
-663.1998983671377
-669.2664603364722
-668.9575939064196
-668.7261695048721
-668.3451715132197
-668.4762019505886
-668.332519521257
-674.3538731180821
-674.08055922562
-673.8367213293042
-673.585373519167
-673.5372355797884
-673.1277893841344
-673.0837885619335
-679.1516573812271
-678.9685430345302
-678.7831028698267
-678.6452954262984
-678.3273902383874
-678.2496485023054
-684.3354098773237
-684.0895809416998
-683.8880931607558
-683.6980024373029
-683.5383559432008
-683.323131011654
-683.1694766917667
-689.2567533347368
-689.0343299387373
-688.9262273147373
-688.8116547109457
-688.4760016817346
-688.3995248561365
-688.0870150756772
-694.1230988266452
-693.9879518108913
-693.6944271897157
-693.4795139091051
-693.4583749938855
-693.0580002070926
-699.1481194541191
-698.986146684373
-698.7203158963642
-698.4912649399733
-698.4201308831368
-698.0309758667026
-697.7766198290733
-703.9202236779976
-703.6399875996292
-703.4354489613189
-703.2739132406514
-703.0221662892354
-702.8316771255965
-708.9207416832306
-708.6471389587277
-708.4566719177479
-708.2408910382625
-707.9827771498972
-707.8001718892682
-713.9826074969756
-713.6084612129373
-713.4662944276021
-713.253321929954
-712.9500048334936
-712.792384037697
-719.0476223165008
-718.6177031469247
-718.4887940274085
-718.1753862361054
-720.6445658849862
-724.1218383915451
-723.8417039004934
-723.6735382849528
-723.3142260192177
-723.0650235362195
-729.1523967239643
-728.9384503869848
-728.7519944838295
-728.4843298497262
-728.2326742522984
-727.9866349211936
-734.0910989112136
-733.9019567671919
-733.6374401464501
-733.4815339792341
-733.2107758515651
-732.9833388874724
-732.7678793564421
-738.8567294503624
-738.6397621713601
-738.3030587240847
-738.0016889746196
-737.7276353360253
-737.52896904436
-743.6255109871989
-743.370263622607
-743.1543787168434
-742.7870062196813
-742.6068311985377
-742.3855190107403
-748.388509397162
-748.2050199715607
-747.9634618598012
-747.6861382853817
-747.4636741979026
-747.2187413566002
-747.1621744479222
-753.0573711526578
-752.8220370823725
-758.754503224674
-758.5581154223032
-758.2286637655403
-758.0414077095695
-764.0588144895472
-763.7221621712721
-763.5799547015687
-763.3293545701313
-763.0326986424682
-762.8715323476824
-768.7982128214674
-768.5916611540595
-768.1878046209965
-768.0019195901158
-767.8316735479386
-767.5587851857424
-773.5477899134995
-773.3634161831111
-772.952381261627
-772.7693560265656
-772.6100704364833
-772.3016433175761
-778.3388226791761
-778.1235912766334
-777.8154396245358
-777.5524642133644
-777.3389105805777
-777.0288748868802
-776.7963264774829
-782.8132338022483
-782.5311639018878
-782.3159962169276
-782.080609990604
-781.833880515382
-781.6312477323706
-787.5592690411428
-787.2592054311548
-787.0757524821067
-786.7945207284299
-786.5385926802129
-786.4809861334314
-792.3106200821236
-792.0218913151881
-792.0120460066046
-791.6724967458441
-791.3162138474502
-791.1281666994377
-796.9576513808724
-797.0388685636793
-796.357371791525
-796.0714400039668
-795.6998929724459
-795.4312087937682
-801.595520671983
-801.2645681065939
-800.9380737302008
-800.6665843529202
-800.2685425320901
-806.5464453198306
-806.1612737494085
-805.9093436891727
-805.6030465422712
-805.486548098955
-805.000941702206
-811.0936800844887
-810.8602491551651
-810.362501135541
-810.2529083299654
-816.1608849939779
-815.8873939056364
-815.6462566223236
-815.3549189685078
-814.9936569100702
-814.7056105939381
-820.7844613766983
-820.4804103424822
-820.1606716053303
-819.8586979252694
-819.292214612367
-819.2391183358576
-825.3284740166995
-825.0861270887657
-824.7244641243068
-824.3825793571287
-824.094629243766
-823.8539387578123
-829.8303490058904
-829.5103975549883
-829.2210178360652
-828.9449989836222
-828.5361520604873
-828.2545305281478
-834.3541838326731
-833.9569061584652
-833.6806247409305
-833.332877662968
-833.0667179523958
-832.623969562696
-838.7028230119064
-842.5218499157955
-844.5081429929203
-844.0882867342677
-843.8205427543221
-843.6393164080273
-849.4813596961266
-849.2610396830389
-848.771835628878
-848.5450969648409
-848.268736509121
-854.1841348592408
-853.9191717747525
-853.5546249302635
-853.3461520494757
-852.9890152008758
-852.6371562199536
-858.6177130348841
-858.3378855255205
-858.034928323085
-857.7159922200935
-857.3328699032733
-857.0294048502348
-863.0904503804228
-862.656924532343
-862.3394314351145
-862.0272598782684
-861.7582280122137
-861.4936064692799
-867.4253449366838
-867.029265313178
-866.7116516480303
-866.3700922034616
-866.0779001840758
-872.0288607865004
-871.6753295155991
-871.4128976867889
-871.0546701241284
-870.7075104218923
-870.2642497085543
-876.3295061580764
-875.9977468950565
-875.6816250995137
-881.6510479740576
-881.2793242358284
-880.9927938448457
-880.6034510184525
-880.4308465658692
-879.2924723171595
-885.9105048175934
-885.5609297622817
-885.27640427941
-884.915600408871
-884.0821082594987
-884.1564062622667
-890.1412331722618
-889.8417098371203
-889.5514091973282
-889.1670652067588
-888.6848031119132
-888.4921700794765
-894.404417632232
-894.1374128596864
-893.7792389029988
-893.2912688724848
-899.293115738422
-898.9418892778875
-904.9239310103378
-904.5760484360229
-904.2687170394219
-903.8797499996415
-903.4825474736252
-909.4100915007372
-909.0930774137164
-908.7996089215555
-908.5347745598517
-908.0612702871938
-907.6825968920646
-913.5794405014178
-913.2462481839542
-912.9358539954352
-912.5367634485787
-912.1858358169391
-918.0699481398425
-917.7176795014848
-917.4130214501434
-917.0097114412488
-916.683396656077
-915.6091119540343
-922.1731493369837
-921.8622800230364
-921.4855134174809
-921.1837768386032
-920.83218681033
-920.5077434279084
-926.3657229153266
-932.1881297413973
-931.8676165254822
-931.5243232479647
-931.1306195076271
-930.7509785509814
-936.6808859705096
-935.9981571822494
-935.8668124401577
-935.4904455124522
-935.1917492881703
-941.0654793876786
-940.722332222928
-940.3947283997958
-940.0184065381754
-939.5110008848932
-939.1497691806511
-945.0788428201606
-944.7672193170919
-944.3916525740358
-944.0961239564706
-943.7110103984896
-949.6065358357872
-949.1768025348566
-948.7116753051134
-948.3573476410843
-954.2702612861782
-953.9036435017504
-953.5864538575163
-953.2187107145836
-952.8752049728811
-958.7826266129222
-958.2993244670657
-957.8877144967294
-957.46573691671
-957.0591626063677
-963.058740194474
-962.6547754985387
-962.3117081086091
-961.8734377971699
-961.4980939023422
-961.1625612443962
-966.9732449142564
-966.5650864096784
-966.1298838254718
-965.7653076905124
-965.4348094420445
-971.3147359858395
-970.988134926427
-976.8377378719229
-976.4542242828941
-976.080525251666
-975.6510446343046
-981.5437844986614
-980.9739556163239
-980.6324745889633
-980.2375509334709
-979.8732592253847
-985.7669762395776
-985.3579163067533
-984.9783195776416
-984.6399776561898
-984.2100245076025
-983.8628847876081
-989.7404425629068
-989.2880746490358
-988.790357310236
-988.3984087762753
-988.0157230524818
-993.8977252135353
-993.5534076621818
-993.1213576143116
-992.6169151684414
-992.2739615659497
-991.8264967087324
-997.8285154016035
-997.3761647930445
-1003.2232363767662
-1002.8158847687489
-1002.4072204038583
-1007.6469380223365
-1007.6450950940291
-1007.2660567965856
-1006.8538387379058
-1006.466743026014
-1006.0741684298262
-1011.9125827721568
-1011.5072289088697
-1011.1403001119638
-1010.7020255658621
-1010.3292200428297
-1016.1667813714832
-1015.7387976201541
-1015.3870129044959
-1014.9632968736157
-1014.5740536450644
-1020.3588949007702
-1020.0122878011002
-1019.5344174973052
-1019.1082672284276
-1025.000963579445
-1024.4240164399246
-1023.8584035628409
-1023.3835884711592
-1023.0217803962065
-1028.8796835650576
-1028.4746925443521
-1027.9875941675602
-1027.5237403552123
-1027.125497576999
-1032.978346654218
-1032.559960415328
-1032.0765410387605
-1031.5757482864444
-1031.1493335524367
-1037.0085818186851
-1036.5637699221857
-1037.0789315474897
-1041.8774946675053
-1041.446557716693
-1040.976904465693
-1046.7943479214641
-1046.2984372802302
-1045.872106900888
-1045.4006560938867
-1045.0284111749988
-1050.7273673109482
-1050.2217515319187
-1049.7531911167634
-1049.4055680661347
-1048.729008113228
-1054.5852767379085
-1054.0430136901202
-1053.5902507206536
-1053.022155341579
-1052.5857597978543
-1058.5646093634325
-1057.8344248381406
-1057.9806833846144
-1063.0861604146971
-1062.5983958040617
-1061.9924281957728
-1067.8667549719091
-1067.3091281808765
-1066.6774162947142
-1066.2264170483006
-1065.7362146763594
-1071.470227783832
-1070.9470344967972
-1070.4809929759747
-1069.9620555713955
-1069.4279628704235
-1075.1130364504552
-1074.6442897275463
-1074.160536989761
-1077.0120284760994
-1079.405561323337
-1078.9552558555756
-1078.406240396914
-1077.9356565608916
-1083.7107246389646
-1083.2148499129644
-1082.647985641992
-1082.2499504750265
-1087.9794617594614
-1087.5409578599447
-1093.2521604365222
-1092.7824918870342
-1092.2377685011402
-1091.785874916511
-1091.289497180739
-1097.1133752898554
-1096.6269052380512
-1095.9837731308646
-1095.5501195179497
-1095.0934228792294
-1100.751005788747
-1100.3051631599005
-1099.768083059788
-1099.443765285626
-1099.1207720691593
-1104.8525049314414
-1104.3389164913067
-1103.7580874050336
-1103.3615804765868
-1109.102512647795
-1108.6335542584343
-1114.4111374408808
-1113.914194468544
-1113.3828780457561
-1112.8556546929558
-1112.387197196853
-1118.166067036613
-1117.69394411408
-1117.1569456745065
-1116.6392549663099
-1116.1571225233354
-1121.9505974451013
-1121.4762176346162
-1121.07032345881
-1120.568838111969
-1120.0873089934582
-1125.9905317436314
-1125.5106605084873
-1124.9604149830295
-1124.5635917331565
-1124.0371181056644
-1129.746421028053
-1129.228590100114
-1128.7273689167232
-1128.1988311394255
-1133.953694379314
-1139.7450442714614
-1139.1875428347344
-1138.6777816482752
-1138.1377318240031
-1137.6152662675627
-1143.5064452272136
-1143.1413773409452
-1142.6288454735316
-1142.0492636210788
-1147.8433870340657
-1147.3038520106127
-1146.7881714327038
-1146.389027161024
-1145.7914689126605
-1151.5274897395677
-1151.028751441067
-1150.6433011415734
-1150.189444066927
-1149.5988764776712
-1155.467653173349
-1154.9491477174956
-1154.5618551311152
-1154.0489251214995
-1159.622390193668
-1159.0540882471735
-1158.5288796317795
-1158.191422532457
-1163.7281807972763
-1163.1754433406782
-1169.0262636912662
-1168.6678491215166
-1168.0758946841386
-1167.5886113044983
-1167.030297947129
-1172.7827326909676
-1172.2190351906822
-1171.6646361092442
-1171.3401028608785
-1170.826972794961
-1176.4765128326721
-1176.0159278475305
-1175.7041099182684
-1175.0775283791218
-1174.5963193772373
-1180.1062277331275
-1179.5629716415106
-1179.1876645754473
-1184.728040312247
-1184.174662131968
-1190.02327535035
-1189.6393680056553
-1189.0569868828934
-1188.5409230951914
-1188.197896837357
-1193.6721543173785
-1193.1003862682937
-1192.6702509234547
-1192.0508211898496
-1197.787446189259
-1197.3911708647486
-1196.7900000879486
-1196.4190929239544
-1201.9804495359708
-1201.4109536417059
-1200.8301444132055
-1200.4449757199811
-1206.2099944835948
-1205.6418748826725
-1205.1308730729677
-1204.476859834912
-1204.1930038207527
-1209.6220443519553
-1215.3577113815925
-1214.703478901617
-1214.2919205436638
-1213.8404625734765
-1213.2499020332007
-1218.9970868950088
-1218.3668617136998
-1217.836636788397
-1217.2053932945937
-1216.7937560076175
-1222.603635887882
-1221.9885751996778
-1221.5798260729434
-1221.004474793835
-1226.5088833163627
-1225.8918786808385
-1225.2880751475907
-1224.8381917578404
-1224.5815723329983
-1230.1050453958746
-1235.733217448844
-1235.1517898607938
-1234.5385790512914
-1234.120219461782
-1233.6171794164609
-1239.2878740293106
-1238.6651086488837
-1238.1053716198537
-1237.4244818552738
-1243.1157686773158
-1242.6776373430705
-1242.2249021255202
-1241.6485718092572
-1241.0514398378443
-1246.661822895807
-1246.0544654681332
-1251.8636830517664
-1251.3811530731696
-1250.8080068743475
-1256.4033713824736
-1255.8403358821076
-1255.197148354645
-1254.553267448271
-1254.06272865918
-1259.887772316527
-1259.2301725060222
-1258.6312024434058
-1258.0033950006741
-1263.665845616574
-1263.2015976507328
-1262.6945751657952
-1262.0956453623835
-1267.6868238122668
-1267.0369533161172
-1266.382476004867
-1265.9080147687382
-1271.733391508747
-1271.1103015572025
-1270.4752230187717
-1269.8206184289386
-1275.6101763121148
-1275.1030762030744
-1280.7907771741488
-1280.1037250021984
-1279.4509047833876
-1278.778954245134
-1278.8015475624024
-1284.0880412012837
-1283.4879071299233
-1282.8023294662914
-1282.1830870554188
-1287.917858645428
-1287.4278422751204
-1286.7687396703873
-1286.2224174473936
-1291.7011459223636
-1291.1864065718644
-1296.9986092555212
-1296.350324833415
-1295.6924284621955
-1295.0086498858916
-1300.6506853632795
-1300.1071719919114
-1299.5784633398914
-1298.8927498460898
-1298.294894388585
-1303.891908785131
-1303.4303161515463
-1302.9299299109546
-1302.2361243130827
-1307.8287430219777
-1307.1394179848787
-1312.9415156977086
-1312.4150654222644
-1311.75595466153
-1317.3418841442524
-1316.6733407876757
-1316.1413844316899
-1315.634822204862
-1314.9544494427469
-1320.5801471078778
-1320.0356050139233
-1319.5125539390667
-1325.1348836299705
-1324.432562534227
-1323.7539167868083
-1323.2268365785278
-1322.7603343695275
-1328.281968390365
-1327.6185614958413
-1327.2523384334938
-1326.3959206587726
-1332.1395199494514
-1331.4787871794329
-1330.7638595043234
-1336.571926569063
-1336.0080268873062
-1335.2963849509993
-1340.8494896834522
-1340.166559206178
-1339.60344517878
-1339.0882008283138
-1344.68401149934
-1343.998880406077
-1343.4460843267746
-1343.1344422825257
-1342.3971847423898
-1347.7701880737104
-1347.0628503840421
-1352.8053349471916
-1352.2684989744564
-1351.5330702458336
-1357.1084784011698
-1356.530229062414
-1356.044844009189
-1355.3196322605845
-1360.8700375462024
-1360.3136133654316
-1359.786979038885
-1359.054096567596
-1364.619827516256
-1364.057150072718
-1363.4840869186842
-1369.0827678288306
-1368.3330376417134
-1367.6055269762066
-1373.3298223711988
-1372.809932323904
-1372.047364365512
-1371.3048255363083
-1377.0185366068283
-1376.464209961508
-1375.7436876373447
-1375.0217475757406
-1380.7232820354454
-1380.1607379378381
-1379.4162188993319
-1378.677476352954
-1384.4061514551643
-1383.874959519008
-1383.0947920633362
-1382.407332645162
-1388.0648082791354
-1387.527818550158
-1393.0288861730633
-1392.3110004898888
-1391.722723692098
-1391.179958365976
-1396.6914453761287
-1396.1146516371175
-1395.8795760145404
-1395.1693315956509
-1400.31906236031
-1399.743471704662
-1399.2092455504312
-1398.421470031995
-1403.9266644368179
-1403.3213342478803
-1409.0564522478328
-1408.256242449803
-1407.4965117107513
-1406.910558721359
-1412.6527755101247
-1411.8511668515478
-1411.2847395934834
-1410.7053051593048
-1416.2331613251674
-1415.3986310584792
-1414.864839752723
-1414.2838542584518
-1419.7886281235715
-1425.2677132433842
-1424.725644506693
-1424.1278889710454
-1423.2949781699099
-1422.6858378795391
-1428.4565393219928
-1427.633914157526
-1426.8518780821116
-1432.5247688523393
-1431.9814263637197
-1431.180993115261
-1430.6003390202354
-1436.2970916475601
-1435.475302763279
-1434.6570718649161
-1440.3830820995502
-1439.8008028112736
-1438.9802357039557
-1438.3266309533328
-1444.088264252653
-1443.222475707732
-1448.8130408623208
-1448.2089138773292
-1447.6159272984783
-1446.7743892469537
-1446.1812306661946
-1451.8544813779113
-1451.0266331492246
-1450.230629010407
-1455.9495130172136
-1455.3516021987864
-1460.814773366139
-1460.2430094944239
-1459.6041226000334
-1458.7912404907631
-1464.4410902834638
-1463.8556160411263
-1462.951497973347
-1462.1809685286469
-1467.8606692428405
-1467.2686486612374
-1466.4289889375634
-1465.8407795317937
-1471.4597481142043
-1470.685517142233
-1476.3328037701124
-1475.7604822138928
-1474.8802617762403
-1474.2545368662209
-1480.126928071741
-1479.1349742189009
-1478.2918309518943
-1477.6925404975902
-1483.3134539018315
-1482.502257430367
-1481.8750168108377
-1487.5570054999337
-1486.6551421409858
-1486.0510330756833
-1491.6701466739103
-1490.8879455352128
-1490.244603800771
-1495.953632875625
-1495.0730832845388
-1494.4320246646112
-1493.791447336939
-1499.2601963656928
-1498.622377510298
-1498.7015695205623
-1497.7443827355987
-1502.5600543039407
-1501.899957300617
-1501.3196596024652
-1501.0565365932164
-1506.1226154200176
-1505.432739034586
-1504.560610970051
-1510.1968633352785
-1509.9851496468332
-1514.9934723170852
-1514.3622734789221
-1513.686387025814
-1513.1120889675012
-1518.43447681711
-1517.833418039958
-1516.9637974782322
-1516.3316468678777
-1515.955605818747
-1521.0391740711373
-1526.650327553176
-1526.0201775955363
-1525.1571384466079
-1524.5080903277606
-1530.0993417153354
-1529.340206157089
-1528.5209216806973
-1527.4760233061672
-1533.4980721293407
-1532.8538030590823
-1531.8768618699103
-1537.619947639641
-1536.8622436810876
-1536.009222089226
-1541.6847712777808
-1540.9399983639473
-1539.9966139267956
-1545.589455666237
-1544.9037362877057
-1543.081810632232
-1549.642268891251
-1548.9432799617418
-1548.0331112482522
-1547.3468191744503
-1552.96376910365
-1552.0365659184117
-1551.3609234275798
-1556.9680123491917
-1556.062880784132
-1561.639165694193
-1560.9526894696269
-1560.3104283252048
-1559.4339132655646
-1564.9152631490867
-1564.242074112752
-1563.530360094286
-1562.566744466248
-1568.243304003497
-1567.5146194850195
-1572.8005024238018
-1572.131132601576
-1571.4542207397883
-1577.0830619822748
-1576.3296845550494
-1575.4063355050046
-1574.6725086469417
-1580.257016030878
-1579.3205881157423
-1578.630118364317
-1584.1802367470318
-1583.221620046312
-1588.817189524107
-1588.5710077153678
-1587.33821421473
-1586.6291886979325
-1591.937283752973
-1591.193008463973
-1590.430998541048
-1589.5964210528327
-1595.1663460408497
-1601.421324889973
-1600.0417491447997
-1599.2978794729004
-1598.3363064785083
-1603.9197922071842
-1603.8084985180099
-1602.2189108046493
-1607.7397314118832
-1607.7462483799266
-1606.224001470975
-1605.6180726827297
-1610.9304552571823
-1610.0402106781555
-1609.4366785518873
-1615.013428813049
-1614.3581336821944
-1620.3845838722036
-1618.9575211253837
-1618.193976300126
-1617.231015836188
-1622.8313512403442
-1622.0042924676686
-1621.2086198361665
-1620.6092612317468
-1625.9429538500767
-1631.4262385332559
-1631.4853063692676
-1629.9625605439544
-1629.2914590010025
-1635.199927533947
-1633.91081288053
-1633.1125855983555
-1632.39526738648
-1637.9367086905672
-1636.913112663529
-1636.1429992476496
-1641.7694439307043
-1640.993743454961
-1646.9538120321415
-1646.056185925161
-1644.831030204708
-1644.1216151981125
-1649.680786763275
-1648.9051391786006
-1647.8836811270523
-1647.1635210999696
-1652.693896898968
-1658.3019326546657
-1655.0673663287348
-1656.5724035374622
-1655.7741083299645
-1661.3400847026658
-1660.6253149174104
-1659.8958978253943
-1658.826791160002
-1663.6892487830435
-1663.5899689281073
-1662.8945372959283
-1662.105853013323
-1667.416385646324
-1666.6774326743364
-1665.9595297503063
-1671.4703371722999
-1670.7228592193553
-1676.251403267525
-1675.4568339914717
-1674.462764697449
-1679.995987360123
-1679.2846252488623
-1678.500306959324
-1677.7471271437616
-1683.0298787726408
-1682.2480935538415
-1682.0637098969219
-1680.7285620666319
-1686.2489302794168
-1691.7961369667153
-1691.0047168510685
-1689.9692856384568
-1689.2580013912527
-1694.7511097089782
-1693.9754340011
-1693.0986742442942
-1692.4226745912626
-1697.935481827524
-1703.1913015485882
-1702.420369548704
-1701.6635621512855
-1700.8883676791665
-1706.3762427386055
-1705.6693636696539
-1704.8415843529294
-1710.08089589249
-1709.2840870519176
-1708.5043022808718
-1707.70658874248
-1713.2641320335383
-1718.7207704672855
-1717.9611010619712
-1716.8691659262608
-1716.1405638611077
-1721.5955804230819
-1720.8631361912644
-1720.0017978712904
-1725.5684298727754
-1724.7387719419291
-1723.7039676973106
-1722.9441167513628
-1728.3853069288045
-1727.6051890540243
-1733.2173825680331
-1732.3150901942386
-1731.4616349740102
-1736.9910099779208
-1736.1649053031547
-1735.0379218457745
-1734.2936872580306
-1739.8110938866664
-1739.0280989738844
-1737.8127353285035
-1743.7350178939503
-1742.8560666265018
-1748.3754789577351
-1747.6225603504538
-1746.7334501579046
-1745.913869971991
-1751.1066239588722
-1750.2906947831352
-1749.4911058362352
-1754.990485007147
-1754.1257953308595
-1753.3360162576537
-1758.8013550018645
-1757.978170260389
-1763.4462708492003
-1762.6449366965987
-1761.8071103606837
-1760.7284462112823
-1766.1696649898156
-1765.407229786617
-1764.500573321364
-1769.9782994870213
-1769.1812001139206
-1774.6020692480267
-1773.765581236567
-1772.8563848694228
-1778.3544376711698
-1777.5882481842036
-1776.3755753291343
-1775.5433060111977
-1781.0909005430524
-1780.1579742412343
-1785.6052020861168
-1784.798942162117
-1790.2177868740873
-1789.3751941887028
-1788.5356871816687
-1787.6889188072234
-1793.1118960842434
-1792.2740940595718
-1791.4555528330236
-1796.8989997911349
-1795.99979220729
-1801.4092086044036
-1800.5838449574076
-1799.429439993835
-1804.8599975443663
-1803.9895025835624
-1803.2342671425167
-1802.2428870840886
-1807.7321317482513
-1806.8892752993017
-1812.2039047271066
-1811.3673574806592
-1810.5228355424667
-1815.9170217163612
-1814.9983026939733
-1814.1259211667334
-1813.223201115443
-1818.7794957763174
-1817.7500104381702
-1823.1579244584257
-1822.3381464666445
-1821.6228359780225
-1826.7259586291775
-1825.9478021633067
-1824.909560519529
-1830.3252026466978
-1829.390410673503
-1828.4576909805219
-1827.2653139894894
-1832.6533412686347
-1838.0550581958175
-1837.201631176336
-1836.2116088912505
-1841.5586869834638
-1840.6092941074646
-1839.70148712805
-1838.4307002911842
-1844.137501978928
-1843.216821502487
-1842.225681373194
-1847.6473962472146
-1846.6433062878118
-1851.9982698936694
-1851.2438730919405
-1849.9871863789226
-1855.4331811899535
-1854.453772489186
-1853.5127364285127
-1852.4715832881648
-1858.0491115976808
-1863.187327590258
-1862.0776558345192
-1861.2619276819569
-1866.614883615401
-1865.6025567472736
-1864.5181339021988
-1869.9996166011556
-1868.9775272757781
-1874.3186423536226
-1873.387641993168
-1872.3872254884707
-1871.3917007861742
-1876.6731162978554
-1875.5790659134711
-1881.0889949334853
-1880.099438632204
-1885.3947376972517
-1884.502551745876
-1883.5575282609177
-1882.5547575605228
-1887.8249153621555
-1886.7426164153335
-1885.9849491772861
-1890.9916916669024
-1896.519650178302
-1895.693705745357
-1894.699572975458
-1893.7240010985515
-1899.3818110748505
-1898.442634553208
-1897.4579399959216
-1902.5857820785916
-1901.7233591233087
-1906.9506204804525
-1906.2447387026054
-1905.276367377864
-1910.6392065800283
-1909.6262025082142
-1908.685922769655
-1914.0609177444755
-1913.004920103634
-1912.1302447802632
-1911.1834594728368
-1916.38395735287
-1921.8922158415212
-1920.709628038435
-1919.9886569968967
-1919.0053527898358
-1924.3193296401369
-1923.4101664346695
-1922.4602658976364
-1927.8153055169687
-1926.7740292971846
-1932.5034953506934
-1931.5200541626893
-1930.591634506921
-1935.886258388936
-1934.90781173641
-1934.0070790091884
-1939.3340945136015
-1938.3355338422898
-1943.7103681215076
-1942.7808102024935
-1941.7886740103957
-1947.1490404760264
-1946.1652335476458
-1945.1825343948822
-1944.2473816436532
-1949.8763685106417
-1948.9280422983559
-1954.2092110968376
-1953.2491895507565
-1958.594584018319
-1957.6171943908323
-1956.6412561398952
-1955.6767032060714
-1961.0047576627837
-1960.0397633501118
-1959.0908970878484
-1964.3982949097167
-1963.3956737653464
-1969.048517877787
-1968.070285356601
-1967.1192002063922
-1972.397221137008
-1971.4512987714954
-1970.4456534912774
-1975.7830278559543
-1974.8255362151945
-1979.97030816381
-1979.1152086170916
-1978.1171419630364
-1983.767055343571
-1982.794140188554
-1981.8005277961881
-1987.140751439748
-1986.1323451566614
-1985.1660959000274
-1990.476441874688
-1989.4789772240795
-1994.7827358959935
-1993.7787960355859
-1992.8272855366477
-1998.4251675929781
-1997.4947056006722
-1996.4457295076515
-1995.446750810878
-2000.7741417923037
-2006.0170459610392
-2005.0605805922503
-2004.043507263043
-2003.0259284713884
-2008.662694835697
-2007.6400329767675
-2006.6329548165163
-2011.9870363069651
-2010.9133010643754
-2016.2035847518955
-2015.2146120633456
-2020.476137512258
-2019.447189838862
-2018.7843274234365
-2017.7486709106647
-2023.0396298188514
-2022.0285750640935
-2021.015677776977
-2026.324583773551
-2025.2612758155087
-2030.8817959014923
-2029.8454317252915
-2028.8267307938272
-2034.1731972185885
-2033.058856598038
-2032.056440066362
-2037.343518995974
-2042.587323139805
-2041.5456581836638
-2040.8618919490825
-2039.821180034206
-2045.0699629411224
-2044.1477358137395
-2043.0187514755253
-2048.284255142979
-2053.5203503076
-2052.8040594795248
-2051.8168586484685
-2050.7313110450236
-2056.076436946012
-2054.9408976427803
-2054.211141095193
-2053.1874368712506
-2058.4226010216225
-2063.7256660051567
-2062.6924399676923
-2061.561567235432
-2066.796704639736
-2066.159505910689
-2065.0524858638946
-2070.2920503505916
-2069.3564138876586
-2074.4413064260466
-2073.408227502571
-2072.3062778643975
-2077.897021909687
-2076.839705288916
-2075.783897444693
-2081.0895241626195
-2079.9309322810095
-2085.5063329157365
-2084.445831972139
-2083.3741550887244
-2088.5902737174256
-2087.488288018014
-2086.410165509094
-2091.5915347257483
-2090.901277117854
-2096.112515359205
-2095.114034027495
-2100.2716185459562
-2099.148128125974
-2098.4173079637067
-2097.352895384882
-2102.5472729790276
-2101.4368221454197
-2100.3527827184275
-2105.9490280162545
-2111.1120847913844
-2110.0112893323453
-2108.8990013306748
-2107.8179755453953
-2113.365759347985
-2112.2463524236387
-2111.166348637051
-2116.329140552514
-2121.506258080984
-2120.438707875896
-2119.2893303641204
-2124.8871080378954
-2123.7978626529216
-2122.626107577668
-2127.837455549624
-2126.7220252769794
-2132.270145442801
-2131.155502903529
-2130.0462690053596
-2135.2472224940248
-2134.1361419028804
-2139.618844769307
-2138.499000074083
-2137.3815664603358
-2142.909257121167
-2141.8125589278893
-2140.674092247253
-2145.8168432196903
-2144.6731078093885
-2150.2162206285334
-2149.0955601512906
-2154.259306465511
-2152.438272688397
-2152.011118556273
-2157.508403899366
-2156.4028253108536
-2155.290924636347
-2160.392196209584
-2159.193014178209
-2164.7791032556315
-2163.6490084853745
-2162.5539950794296
-2167.697356513277
-2166.4957292889885
-2168.421149741405
-2170.89435425078
-2169.7314118670583
-2175.2811589748385
-2174.1268751569496
-2173.005081121766
-2178.140048098617
-2176.968909246621
-2182.4959221997833
-2181.3479159234366
-2182.1713814657674
-2184.832311842212
-2184.1816969607603
-2189.744883655984
-2188.5788947609544
-2187.44411425916
-2192.934030563077
-2191.765436119785
-2196.8976795791905
-2195.7167312121537
-2194.558624752851
-2200.1023147085557
-2198.9462508353304
-2197.772342312993
-2203.26494186329
-2202.1106639074274
-2207.2512169437673
-2206.080421225587
-2204.9132350719537
-2210.4188956475846
-2209.254630457278
-2208.092127721671
-2213.5923109563446
-2218.6813662714585
-2217.501953333709
-2216.313733506373
-2215.15893372423
-2220.649284709508
-2219.4598399068427
-2224.599932693995
-2223.7792117506474
-2228.9027891121923
-2227.6927452256127
-2226.505169589322
-2231.678016373068
-2230.823315773567
-2229.637071481064
-2234.7665893664757
-2233.9410821642255
-2239.027062212956
-2237.8170859299285
-2237.0228784725728
-2242.182063360158
-2240.8845895799395
-2239.6952560330833
-2244.802783294635
-2243.958175919552
-2249.072720078904
-2247.852915161737
-2247.055025056634
-2252.219307257863
-2250.9207058963384
-2256.452923185367
-2255.199629430951
-2260.2777363653995
-2259.522216326864
-2258.2709961248656
-2263.326695321664
-2262.1535633706226
-2260.841118960473
-2266.3367488515264
-2271.3906019195706
-2270.151962576097
-2269.3363028603394
-2274.3698887218043
-2273.133434461122
-2272.311757329542
-2277.3771544634233
-2276.1570853901812
-2281.6027210295747
-2280.3690604632984
-2279.14735666363
-2284.5906056548747
-2283.3717044952996
-2288.41518914765
-2287.200660201414
-2292.299321668218
-2291.3774422329525
-2290.1534864389178
-2295.2196661783855
-2294.3859713521247
-2299.5387840143158
-2298.2283248894432
-2297.3705219039866
-2302.5071425877723
-2301.1624713735473
-2300.3273118440297
-2305.393843695082
-2310.422393877383
-2309.588538125616
-2308.3023217085347
-2313.3093951340657
-2312.514133026639
-2311.2216113813633
-2316.2885181896254
-2315.3488193930907
-2320.627889928888
-2319.186729272608
-2318.369064577094
-2323.329197340212
-2322.099943335314
-2321.2290040024054
-2326.309102823368
-2331.3483005522635
-2330.4468623502603
-2329.233466862832
-2334.2511122898736
-2333.3248633606227
-2332.114939263187
-2337.1760501893577
-2336.2605662895908
-2341.420689102919
-2340.0133641672865
-2339.208316120079
-2344.315630559502
-2343.0147630848023
-2348.5686601192456
-2347.33093071061
-2352.358350774011
-2351.532178501472
-2350.2053703710153
-2355.2797984718886
-2354.4392766056876
-2353.1630141251558
-2358.106729571893
-2363.586767863246
-2362.3384139380137
-2360.9217209195936
-2360.2134177698076
-2365.1887812920672
-2364.1540221784117
-2369.3104481307296
-2368.137236926358
-2373.190683029707
-2372.2381216915655
-2370.956674543912
-2376.135336321027
-2375.266324232535
-2379.9153601950375
-2379.028185766278
-2380.718286171632
-2383.144150872484
-2381.9646158448213
-2380.979674393475
-2386.2544830841966
-2391.2232468001116
-2390.0616258095206
-2389.326190275344
-2394.6634149984984
-2393.5775046498197
-2392.4858064103437
-2397.6727923515277
-2396.8653210840707
-2400.085680807917
-2400.616427357084
-2404.2982766197815
-2404.77913000468
-2403.576004286898
-2402.377782133631
-2408.5604667601597
-2413.1853272510157
-2411.3573398696117
-2411.665849855981
-2416.1517990844127
-2415.336984571435
-2414.4901330648718
-2419.146326867068
-2419.8897650600134
-2421.7132498829337
-2422.023397098433
-2427.6478856998174
-2426.7564344775096
-2425.9154964992026
-2424.679328977095
-2430.604324992885
-2431.581379988812
-2432.4240902394026
-2433.691814772867
-2437.9973192605753
-2437.8404354386116
-2437.5972472487683
-2440.9444555003806
-2443.240222763418
-2443.601827044435
-2443.4346918340607
-2449.5201082551002
-2448.246387694601
-2447.951865052922
-2450.584150756408
-2452.9546647845677
-2453.644658608797
-2454.610606454874
-2455.3602205120765
-2460.499869906717
-2459.2330704758906
-2458.7430426124197
-2464.505327872845
-2464.0485421102344
-2463.8960830467395
-2466.126025164977
-2472.5831115286774
-2470.890794465924
-2470.651641237691
-2472.3428796131866
-2475.48267901511
-2475.2296134238954
-2475.621990908053
-2478.6294246010057
-2480.517690818093
-2481.0417849805713
-2481.3481880828654
-2486.171130961035
-2486.010279311073
-2485.396580738052
-2489.1508002776936
-2490.875205738067
-2491.687893626311
-2491.792791456516
-2494.528396745569
-2497.9737014693224
-2497.659353643778
-2497.2894978105874
-2502.5344128794427
-2502.202333281304
-2502.740370476099
-2503.8813996274125
-2508.8994730946583
-2510.306455089608
-2509.2958764597424
-2510.347260359805
-2514.564032093401
-2513.875604798121
-2513.7730107796974
-2518.756978704068
-2518.603202672511
-2518.8863925378887
-2520.7357964024386
-2523.171373632138
-2525.5780876171434
-2524.750761352921
-2527.2305343027297
-2530.658987802884
-2530.106732171182
-2529.8414849598776
-2534.286780446491
-2535.6326370625725
-2535.9014159222256
-2536.3083094117605
-2541.5494929150555
-2541.1552247115096
-2540.940818356273
-2543.952619619449
-2546.114499889502
-2545.904253668998
-2547.4246954298046
-2550.157180436141
-2552.3364528550524
-2552.0971453427824
-2552.962527434048
-2557.9176837930445
-2557.5515314671597
-2557.1289315778195
-2559.430967469182
-2562.6926800240803
-2562.846953440328
-2562.4393386565744
-2567.0702394887003
-2567.6601968903597
-2568.0047130331914
-2569.116049148721
-2574.293599181429
-2573.736499220383
-2574.1283867248453
-2575.5551236376004
-2579.2186504437805
-2579.309699585257
-2579.797627536751
-2583.6859889647694
-2584.5788419741525
-2585.130489664885
-2586.051730951644
-2590.061688671213
-2591.1651774746374
-2591.100039875805
-2592.3662388774583
-2596.478202003373
-2595.9204905032616
-2596.772214738471
-2599.186119918553
-2601.121255950962
-2600.8871876830167
-2602.3817963369506
-2605.294485535416
-2607.5344814889568
-2607.5461495528825
-2608.7270932743822
-2612.5588190471285
-2612.9033006728723
-2612.1465705575824
-2617.642797186265
-2617.435657058864
-2617.888964651975
-2618.904627205051
-2622.76376656536
