-0.7064541181010452
-0.3980605324059888
1.4142676031182821
0.035392447330015446
-0.006994739565855871
0.24794744737937366
0.5506095813138913
0.43133979557637675
-0.06698196905510609
-0.05301225387453545
-0.03091254078096322
-0.11794766007850827
-0.38663188368780116
-1.501981086526013
-1.6982927461738369
-1.9592481278753926
-0.7707586834527355
-0.6370924787433997
0.15818949842014532
0.25181092079319956
-0.34087965492522593
-0.5295555564714026
-0.2703569476947603
-0.3259635196311301
-1.0946114262344464
-1.4069036543819042
-2.1796426536875497
-2.420847030828853
-2.4044679282672656
-1.466300753204017
-1.4516971435306285
-0.4228279465427692
-0.282264459801086
-1.0640901421871785
-0.8842091935005201
-0.9018475656036028
-0.42100451975739966
-2.4295088854585547
-2.2580502378387863
-2.3220848429153036
-2.529374356750447
-2.525147484225238
-2.366635491001648
-2.2930665873289917
-2.0090123819585615
-1.9426106771535083
-1.3411170243880164
-1.3590476199469668
-1.837029170859423
-2.2163207690880458
-2.256640867960476
-2.1542681035899673
-2.1391422617745834
-2.481052231477273
-2.4541054511816256
-2.4121753987185484
-2.292068567335779
-2.3714564592786345
-2.3512309777549283
-2.390439426525323
-2.433256390299266
-2.5593901097226675
-2.5201868092230955
-2.2818787872138238
-2.2903067349160895
-2.469541820193146
-2.5341224489415803
-2.3731244036393027
-2.276613298128995
-2.4364870233601135
-2.6166488511434833
-2.531870435906534
-2.371015835315597
-2.415994025900433
-2.68345687355741
-2.6896402592346367
-2.137906140791406
-2.456252030860848
-2.6465520842088144
-2.724506373254272
-2.6067859347896185
-2.509825215016324
-2.6451576900313847
-2.772938691342139
-2.8137687184381304
-2.6996990272497827
-2.641522902325596
-2.7364785327445804
-2.748486929355834
-2.721835093156418
-2.761582425505112
-2.8885317845089173
-2.769562661521716
-2.846715267451887
-2.852573164479841
-2.8651271849424584
-2.8389154973311634
-2.777105772185616
-2.8183835814974043
-2.908509634281165
-2.9016856607647354
-2.842235052243884
-2.7512812901172863
-2.8993808726024053
-3.145986153421467
-2.8910105101255508
-2.798234322179611
-3.064425931322026
-3.04389897402266
-3.0600662967017542
-2.969687926329612
-2.979659774301605
-3.056524363787867
-3.2222580007066393
-3.256469729710488
-3.3053913747530044
-3.1681551414246902
-3.207795617651292
-3.2455776504695284
-3.283967570366988
-3.48137761130647
-3.232215781937215
-3.2196771055880165
-3.2423548897214154
-3.289665054380804
-3.2971310679736385
-3.2615225347417054
-3.430068640214698
-3.589629081715716
-3.4501226808400483
-3.424130220728348
-3.508948874489951
-3.417623400244668
-3.637740501235792
-3.6212138571677155
-3.555002903884282
-3.5686783421697816
-3.669110128437361
-3.7360192241275736
-3.741914004471731
-3.7697282715385563
-3.60385253067371
-3.6410800194992694
-3.633979354427527
-3.9142757653889224
-3.635787295267338
-3.8508699559189363
-3.866850227959663
-3.745853126178546
-3.810583730916935
-3.833519772214555
-4.166549543659929
-3.893202683478734
-4.0939733343900375
-4.093189571551882
-4.091732837476729
-3.9617471550052974
-4.052595309189226
-4.083262880219448
-4.039498245379073
-4.4961703946493365
-4.13263445367142
-4.223451719783863
-4.205292293157599
-4.167963455704405
-4.228007457008872
-4.318151634129142
-10.595110969928399
-10.542179286491116
-4.336407261406348
-4.45817742846745
-4.462273991657499
-4.383487666118683
-4.410342541796833
-4.548125976775342
-4.612645905350085
-4.557180633811818
-4.511353054395448
-4.631600089283946
-4.725457695667832
-4.672068816692534
-9.892357282922319
-10.739898748097335
-10.639898140495301
-8.734363078057626
-4.8180213139402985
-4.904383458618793
-5.01650540993362
-11.278624042829696
-11.214574041705584
-11.328388419043396
-11.302220370215428
-5.165681446220749
-5.031372887554435
-5.149248396265495
-11.595513674057706
-11.63814422325723
-11.491571795199832
-11.515447064345784
-5.452289424332218
-5.603822209383843
-5.505935895411614
-5.405026119464321
-5.53527669662895
-11.000005306990388
-11.943165199527963
-11.823240411609904
-11.880320128580525
-12.030567245312447
-11.530107060069325
-11.910023915130866
-11.966271726562102
-11.475506144076675
-12.189574912888633
-11.798061386390804
-12.15443797811049
-12.32128547355988
-12.4154013468611
-12.59965233488372
-12.628239994844066
-12.80688232698787
-12.869203323019171
-12.48607147798065
-12.422568728668706
-12.520714230835507
-12.694632264312597
-12.778839377353679
-12.841683735415067
-12.993030692040218
-13.213165654208078
-13.190787317930795
-12.984314082385636
-12.7543120468022
-12.539999498264297
-12.476260551798172
-12.639452717737944
-12.765469298798283
-12.994285487544989
-13.512100108342967
-13.464537566140026
-13.763438250288642
-14.2497199869127
-14.893923842665398
-15.729066500057632
-17.15408160617668
-17.916440543694485
-12.100986968520518
-12.573701386724238
-12.963179053806776
-13.280941760284444
-13.649451308818827
-14.103921697518516
-14.806616414402573
-15.391330816647391
-15.81176489974223
-16.381557393352463
-10.908862890111546
-11.923040125279034
-12.45898891207573
-12.846831995226593
-13.299240101321208
-13.79481943685585
-14.277932545314751
-14.74734998162257
-15.14034667299129
-15.501531155572868
-15.902776743755599
-16.513274746340407
-17.629189502519726
-19.070527948533897
-19.814461313657606
-20.36276197999748
-20.606290994523295
-20.368914960513763
-19.83931983239575
-19.775424075628177
-20.008149503744484
-20.358321175553513
-20.740246251411484
-21.142588119511984
-21.49875514641443
-21.871809607109025
-22.33172272363557
-22.95268645486555
-23.651010454716747
-24.226131972749762
-18.627755242937337
-19.746751579451814
-20.63944840446019
-21.040231317537533
-21.342852522699918
-21.302570004253976
-21.15218945937268
-20.93574057226167
-20.921998587123174
-21.222300628383312
-21.638547456624465
-22.057786734953922
-22.53214232263089
-22.924133108615273
-23.355886164460873
-23.77052085077987
-24.20547296598211
-18.36241039559138
-21.59182790040863
-22.473022457904413
-22.645296186788165
-23.796436394968644
-25.596140468501197
-20.382025847623787
-20.706754235336017
-21.224339978298747
-21.711785113183023
-22.227108431998243
-22.749350183226056
-23.142320075169376
-23.379645453203093
-23.45209426369297
-23.316366031519998
-23.253058650301597
-23.348551464010868
-23.59901077431432
-24.03294930012319
-24.61039777071091
-25.215949227057298
-25.692105418608
-26.313471161091712
-27.243102544991135
-28.264817773283234
-28.795641469509064
-29.130177059126808
-29.79302795855342
-29.034304559297627
-28.626988440912974
-28.94935227712258
-29.33384649579279
-29.71122595755618
-30.04777261351986
-30.409259151685006
-30.815918504457603
-31.146578329803074
-31.01620066407218
-30.729826429169435
-30.92336950369591
-31.349339020048813
-31.76490106943115
-32.150010596908665
-32.71749433151973
-33.17838913172753
-30.024172011522587
-29.8529951028403
-30.212271846089784
-32.09568750733855
-34.41301719107592
-29.502904894129834
-29.080052733021116
-29.337690195720526
-29.822595714169005
-30.442752095243428
-30.960815536688912
-31.257696225003365
-31.413976711253742
-31.32842930969271
-31.34562155356252
-31.46752668006307
-31.707439592000846
-32.05451517349416
-32.38798461886171
-32.84736811813563
-33.32153301257769
-33.6174517992625
-33.286330604690626
-33.18667281608375
-33.51491069381384
-33.88370021544507
-34.311768810797595
-34.71284970476812
-35.42224563150913
-36.11318782103892
-36.72629963905433
-36.16638400896667
-34.818932449057435
-36.538026177947984
-36.809282487037585
-37.25877614182548
-37.728461947826865
-38.11703471881485
-38.47195475781418
-38.81024137159823
-38.46111770613568
-38.491276737938804
-38.57105912765021
-38.853427874977754
-39.30783586565861
-39.89923112974068
-40.361148922540025
-40.75468890577301
-40.9244932798427
-40.22460137520512
-40.40578916448224
-40.895989728906756
-41.16999607336914
-41.51852749557966
-42.083289498578004
-42.706374990908294
-43.006441988898096
-42.8032302363895
-42.572973661431575
-42.86260815790985
-43.279859784060335
-43.65041968421905
-44.067109009956404
-44.538402947312015
-44.87979222581532
-44.93354883467988
-44.762505599069684
-44.84463099289349
-45.13959067807362
-45.54813896458826
-46.019926677376525
-46.460336430960204
-46.7614273620355
-46.84098400213949
-46.64936695872652
-46.63435631041762
-46.88034953147767
-47.226400479089925
-47.64867565542842
-48.15534256418866
-48.63958199127724
-48.66372858382914
-48.4490993686738
-48.47448570762708
-48.834185261710054
-49.294005172107354
-49.71140611901265
-50.076459923836104
-50.36716784865499
-50.30828041439906
-50.19325851956745
-50.28459576789575
-50.63207229115458
-51.07476797143705
-51.579018806956746
-51.98352341015674
-52.17796684488399
-52.1511552358742
-52.17245291784976
-52.237812104323694
-52.4954402038714
-52.819345297357565
-53.12504562210107
-53.369042206978925
-53.35517799486406
-53.23288182380493
-53.32320294692937
-53.5689861602775
-53.9504995807568
-54.40632263464797
-54.758710217795404
-54.89815980537239
-54.719436312065106
-54.6291321194208
-54.93366804365707
-55.27209141636188
-55.620544946595714
-55.95559569415125
-56.06602218267913
-55.891182485932305
-55.797586146915414
-56.059297918218256
-56.51630208412352
-57.06881251867973
-57.67570967579081
-58.20851964035767
-56.300515717886604
-57.70923713452305
-58.014475822161025
-58.419653158444774
-58.73595076335054
-59.070471913177066
-59.46063441485138
-58.17840323394864
-58.41198861904463
-58.79152828618571
-59.55220897758789
-60.10321525546719
-59.96667671163251
-60.06908025553699
-60.89339629210835
-60.2234912936321
-60.83301184999598
-60.99340990891307
-61.296481265091046
-61.61735253453961
-61.806988850764384
-61.68237545507454
-61.61038798210508
-61.73821852667574
-61.969741260229725
-62.19839199054951
-62.462906215372286
-62.644518551658514
-62.62495934328595
-62.49832363078834
-62.73406588896315
-63.13759052054968
-63.539688366320284
-63.808713528802436
-63.782411042905956
-63.661128548520864
-63.767947581999344
-63.97736224180611
-64.27444944663829
-64.52492691467154
-64.62858893098759
-64.40455542013406
-64.36399585602257
-64.60243999655437
-64.9449932097093
-65.36762710166474
-65.6772462027417
-65.7615702400965
-65.5330145215524
-65.58929986321066
-65.81790369367471
-66.60984001079471
-67.07957950072793
-67.34662189186928
-73.39842676744098
-73.25636767167086
-73.47607408780642
-73.77031124561297
-73.99587031928158
-74.18539762980508
-74.24916877737948
-74.02248370385735
-74.06227965531507
-74.37608638560657
-74.85451145705528
-75.43223594268741
-75.73223875736619
-75.49994586196368
-75.46538269946305
-75.70240078165315
-75.99070311596941
-76.22910827978028
-76.38593337568294
-76.35834174610766
-76.23638526317743
-76.32233542874913
-76.56544506853548
-76.79287917969808
-76.90904816752953
-76.8064459478181
-76.76287187853681
-76.9118342097453
-77.13543786164372
-77.40433894309112
-77.67611151927139
-77.77671007800565
-77.65137676817358
-77.73197253385324
-78.03027643889658
-78.36663478711782
-78.56397666685865
-78.48974508418856
-78.3766442160091
-78.4713256943572
-78.64987998845798
-78.82455925004845
-78.89997226785125
-78.82425748666445
-78.77191841652227
-78.93928240622716
-79.17626752820621
-79.42929437854434
-80.09437413173019
-85.86426078549471
-85.86600467453228
-86.03892435844926
-86.24756258789468
-86.58116437746624
-86.7326911344287
-86.6641196628581
-86.56935144137265
-86.72318023948377
-87.0246966850691
-87.29201851788916
-87.39780341364296
-87.26635585091974
-87.19971397986157
-87.36854888218085
-87.66827527487862
-87.95082893758962
-88.01263451061564
-87.70254834573402
-87.68199423801806
-88.01481765191534
-88.42485489888392
-88.6137299992933
-88.598599621261
-88.3954570463779
-88.54041215685434
-88.86419642862157
-89.18327421825755
-89.35771137281932
-89.23366727912514
-88.98223494958857
-89.18622824481248
-89.52169555655138
-89.96669079611237
-90.40136125213904
-90.33659033064085
-89.92708171222868
-90.21369318570314
-90.65167463620807
-91.11795072781898
-91.25274099561729
-97.28648861384791
-97.24663479845174
-97.44921092037518
-97.73123267614167
-97.94208530347915
-97.95686796246656
-97.78832605191651
-97.79608915436819
-98.01663506473096
-98.29283785383235
-98.47290630265361
-98.44715416764276
-98.42473155473972
-98.58056235364073
-98.83573127671339
-99.12274672341906
-99.29508870977588
-99.23087497151167
-99.13059843733187
-99.23916491696106
-99.48058719360758
-99.6795497878524
-99.65472998549147
-99.54432431586618
-99.62558972605599
-99.8530278467233
-100.0650942692234
-100.12875550810051
-100.04432498995429
-100.03454723871168
-100.21484403691696
-100.45388291332422
-100.62916916347292
-106.91611660935467
-106.83273110089235
-106.93643121969258
-107.1279140428606
-107.23045964511476
-107.27568574061145
-107.21730025669288
-107.2425130572818
-107.3817583190097
-107.52720911171468
-107.64804021664399
-107.57405813435538
-107.53622301974453
-107.63975440583587
-107.83867383775453
-107.97727157948734
-107.96152605232925
-107.92504793841519
-108.02082739474186
-108.19073846591112
-108.33767654387884
-108.34516015319785
-108.2431531426568
-108.25302845898544
-108.42835642410425
-108.63991691408665
-108.6821545644894
-108.53932748645764
-114.82372204823618
-114.97671026570538
-115.14610037371448
-115.28051894711699
-115.09069604702134
-115.09738071555965
-115.22706531513393
-115.38138207699116
-115.45681994136582
-115.39180919664071
-115.36268924572188
-115.52262147182901
-115.74053926173983
-115.83008692925029
-115.73373201993522
-115.690093321861
-115.8266219914817
-115.98077021407937
-116.01991161711152
-115.96746089687862
-115.98321269820941
-116.08803653655976
-116.19072195336165
-116.25560502631839
-116.23168206974053
-122.4831674122587
-122.56135406088518
-122.71676747717984
-122.86546285203248
-122.88328472562972
-122.80872453180442
-122.89055411797469
-123.0679793148855
-123.19455746534481
-123.17563143576676
-123.14919267928569
-123.18900197591624
-123.2930821672029
-123.36988205450032
-123.3522430795194
-123.29993666661727
-123.34291086539575
-123.47817338314442
-123.61616288146965
-123.63349637540854
-129.84124769166957
-129.87410273842482
-130.0370052275268
-130.2095624645149
-130.2595912488751
-130.18767757185182
-136.47968874705484
-136.6174232345468
-136.90556645810426
-136.71885985890304
-136.6336957985311
-136.69191685580773
-136.82567363912244
-136.9275698657428
-136.9228835555005
-137.0057037113506
-136.88843438776618
-137.02040499464255
-137.11757329059589
-137.12743656184054
-137.1089439080078
-137.16191087248373
-137.2838232233385
-137.4044955455083
-137.399710144523
-137.33296549555783
-137.41277314624512
-137.5507217394206
-143.92969587350183
-143.81264604740716
-143.78839353169582
-143.8922157144167
-144.00391308045118
-144.0448201833599
-144.03249549113144
-144.00139075054457
-144.09787227724806
-144.2145464156078
-144.2895377247708
-144.28385290415605
-144.2814928134196
-144.36962489258806
-144.48235191154507
-144.49139555597623
-144.46073218002982
-144.47696585224537
-144.5681985486364
-144.63687901052518
-144.65389847734798
-150.8761197765482
-150.87924581889627
-150.98372999655186
-151.11520796208976
-151.10585595119173
-151.06509961353296
-151.12171222696105
-151.26586753223884
-151.33539268141405
-151.29246228874186
-151.30212290959284
-151.46039429858794
-151.46986572170053
-151.48809555753525
-151.48128661669574
-151.47379074961145
-151.58224574689905
-151.61866607785853
-151.66133108459144
-157.8760993785768
-157.93581239943663
-157.98691651613393
-158.12619860896146
-158.33316308763102
-158.097959684532
-158.11270699340542
-158.26817241818947
-158.32697269944384
-158.29307135680608
-158.2778965642789
-158.3486734187486
-158.45216724048333
-158.4637752413468
-158.39499236167688
-158.41291739263207
-158.5141654159533
-158.65046739145214
-158.6018624627543
-164.82766112619845
-164.8937249383408
-164.97364813388342
-165.06308371109463
-165.0451007212708
-165.0572346307626
-165.12226104795704
-165.14064616415544
-165.21952812013254
-165.16423813102588
-165.1127570292105
-165.24415028140774
-165.33933032727418
-165.28801567397667
-165.2122083741331
-165.2840716150148
-165.40042048430936
-171.7358547877256
-171.67183132475677
-171.64913061758057
-171.74339893427623
-171.8514927613431
-171.87079236097983
-171.81816998259023
-171.80483414584535
-171.91196278811407
-171.99706518329978
-171.9816414838687
-171.92928984922168
-171.9666658867948
-172.07168889880143
-172.12028052245444
-172.06032951867144
-172.04473851857642
-178.3945492237508
-178.47869116937505
-178.5454820829285
-178.4078623669419
-178.4987307472298
-178.55952076644414
-178.61045471830758
-178.55935557448575
-178.56368475924896
-178.66242025509865
-178.7371927295509
-178.73206212523255
-178.69342875793456
-178.72912627648736
-178.7830921737347
-178.83525830920394
-185.0446145866835
-185.01615280540483
-185.07301811953644
-185.14573757809052
-185.1361630300082
-185.09264763183495
-185.1247999694165
-185.22709149519736
-185.29437021967965
-185.2972179407048
-185.2550547320475
-185.3524082831121
-185.44733622562865
-185.453225701466
-185.36540993466937
-185.39319486607488
-191.70480507486891
-191.75071876247338
-191.67676667656303
-191.6495902168264
-191.71816091532406
-191.78387103761668
-191.77263800776376
-191.7529082199621
-191.83154047012763
-191.9066312679828
-191.9008878445883
-191.91353348108063
-191.90364484387615
-191.92902115653257
-192.00604456273322
-198.28635292148954
-198.18708162041972
-198.21100352732276
-198.28712164082077
-198.31315186544836
-198.26090777956466
-198.25385246941832
-198.3370328050622
-198.40491151534502
-198.41839349160344
-198.3678362519379
-198.4425551922898
-198.51672497399002
-198.4771871274772
-198.4645297797121
-198.49384860073113
-204.75798137673746
-204.7961470662619
-204.75564720858935
-204.72488443657036
-204.773440246576
-204.84047478672164
-204.83675840043117
-204.83589698118232
-204.85574397198616
-204.91093053487174
-205.00158485965883
-204.92673558122783
-204.93665311976704
-205.00033333395595
-211.24043340328066
-211.21809313495052
-211.16326441670773
-211.2035903064261
-211.2781254179584
-211.26401598981138
-211.21133685003062
-211.35971923230662
-211.36123127910318
-211.4009657644087
-211.3222442953621
-211.39315259512816
-211.37072459657688
-211.45444916659054
-217.63477366998757
-217.58901480998415
-217.60003406556723
-217.6760847448745
-217.67718086078034
-217.61387248762614
-217.62962841045308
-217.75867994363506
-217.82977546542097
-217.69289789505044
-217.71110958439883
-217.71899733806825
-217.8109265313052
-217.82655101161725
-223.98139841084907
-224.00664491665893
-224.05670459840877
-224.06536470551612
-224.0015829030722
-223.99691014017688
-224.07420055301156
-224.09247844820416
-224.06437327301288
-224.0523440406965
-224.0941629826187
-224.1464688521709
-224.07747861646257
-230.3117262141536
-230.3954903137897
-230.4168443871502
-230.37199775285248
-230.35722531603207
-230.40243252871386
-230.42544541011264
-230.45112367418946
-230.43063999157295
-230.38853394344457
-230.46634385830055
-230.45989763880635
-230.36725590441876
-230.39977698071786
-236.68640424852262
-236.71960706762377
-236.6655717442056
-236.65450565213243
-236.71808367169018
-236.76426973714857
-236.8755412564056
-236.76491276296105
-236.81494346452695
-236.8431667009182
-236.7219034956757
-236.73365278302364
-242.9581177615084
-242.9912011879687
-242.96816679860225
-242.89880151228866
-242.94283763345103
-243.00309629599303
-242.9958410179069
-242.94683513761174
-243.06705113574992
-243.11356255451048
-243.03297427149036
-243.03704059854942
-242.94471281664394
-249.26544686431458
-249.2691862601119
-249.22474952776378
-249.20005470063919
-249.22388016545295
-249.27183642912513
-249.22973309464177
-249.2029723900163
-249.3117313540131
-249.2820201621594
-249.29949961683394
-249.22084150102688
-255.4525423561761
-255.51801043491554
-255.4613916561612
-255.39816641005086
-255.43629262320295
-255.48548210052033
-255.54389049491186
-255.50697357452606
-255.53625214949943
-255.5768977687928
-255.5676345841945
-255.40790657236067
-255.41048156800255
-261.7137778533711
-261.7078065105618
-261.63275822691855
-261.61948059317683
-261.6691446198391
-261.6703743871842
-261.7014358840872
-261.6888833387043
-261.6203296463526
-261.661396449128
-261.6977777534412
-267.831912753925
-267.8778445997222
-267.902599000965
-267.8515478719119
-267.79636148834817
-267.83438185458044
-267.98175307149677
-267.91817495861045
-267.86674945862933
-267.78101808774073
-267.9288449379056
-267.8586664231145
-273.97214386274254
-274.0196623079035
-274.044575223231
-273.9911321494871
-273.95303227582247
-273.9861666726027
-274.12785693517776
-274.0672823003953
-274.0496273669625
-273.9186013028294
-274.0805239875398
-273.8913032079395
-280.11489677633864
-280.12590202837197
-280.159495347003
-280.1187203408178
-280.06352889183046
-280.07347870069543
-280.12127315976386
-280.1972772332777
-280.02090775596145
-280.0513119930881
-280.06068413004675
-286.27970398914755
-286.2522808823087
-286.3122889712298
-286.2557835578943
-286.2374075691225
-286.1807170178535
-286.1799999267311
-286.2044281612648
-286.29747372279934
-286.11363560255813
-286.13511274733685
-292.43503847076755
-292.3985083395803
-292.32186079282525
-292.35339279940786
-292.3673378270436
-292.27778649203935
-292.2773866839281
-292.2752321380342
-292.27003528923177
-292.33438582310976
-292.1759287881256
-298.48159063302165
-298.48418640323945
-298.4472736670403
-298.39628830398334
-298.4121856011757
-298.42474395293044
-298.39609666665154
-298.2954955858975
-298.3320564816795
-298.339012674955
-298.22795952542424
-304.46886159062245
-304.5217499155706
-304.5348903578436
-304.42956486699165
-304.4021815016878
-304.4554576303235
-304.433680398135
-304.34988401440745
-304.3906213347451
-304.3542611527486
-304.3219367522971
-310.5281291417732
-310.5016838853929
-310.53240450873847
-310.52543799526467
-310.4363606831476
-310.4728165053221
-310.46328464766407
-310.4419843924594
-310.33667860228314
-310.41277037075236
-316.6578129601052
-316.5828910084264
-316.50132114445904
-316.5280614854389
-316.5338157878103
-316.51569117872435
-316.4180811308797
-316.4372368429743
-316.4124536833774
-316.43492755701755
-316.329881013134
-322.61343037359353
-322.58755171236754
-322.54741454653157
-322.4927502405628
-322.4810742577919
-322.48879021135286
-322.41742546402287
-322.4414413626202
-322.3924172443816
-322.38416864505945
-328.5840353253884
-328.55357540625084
-328.5855849807878
-328.5449236905299
-328.44888669466906
-328.5266559228242
-328.4741672453165
-328.39327591367544
-328.38570841731297
-328.3318529962535
-334.61529548581
-334.57343412711015
-334.4702616155746
-334.49313884207544
-334.5011707309436
-334.4585752261238
-334.34944962802734
-334.397210066777
-334.42743737405914
-334.2575366925322
-340.5472752948644
-340.5431867090913
-340.4788915102876
-340.3968728027623
-340.39250842794564
-340.3805836323783
-340.3166705244046
-340.2734402570412
-340.26390571050445
-340.23595332121346
-352.77903175385933
-340.1486286494195
-340.0995586770741
-340.11406688986546
-340.04480678107143
-339.9623452022677
-339.9628025834438
-339.9688841085651
-339.8545266893724
-346.09517663122176
-346.1449206941974
-346.08825608103393
-345.9693571061637
-345.99764551957094
-345.9954589067262
-345.9090684385392
-345.84449598264405
-345.85373322871123
-345.7994453319197
-352.00484861865976
-351.96320183772366
-351.9636270270887
-351.93399143067444
-351.86354505085734
-351.8208904374983
-351.84049006247176
-351.7809510774457
-351.69560658291977
-357.94479990489015
-357.9384396617359
-357.8466140235219
-357.7791991366828
-357.77980618904314
-357.7560860241074
-357.6769662032644
-357.622006254152
-357.632826900247
-357.58488672818
-363.78323305781504
-363.7140062467226
-363.7298556554506
-363.6686323834692
-363.5600011272315
-363.52955513212413
-363.5614060536882
-363.4654638660295
-363.363118451313
-369.6820350474339
-369.6582159935133
-369.51257428625667
-369.5120164253344
-369.51551147808095
-369.41756711551807
-369.3324305012369
-369.34326850257423
-369.2659125288262
-375.46287166096283
-375.45456361871686
-375.4116043512011
-375.3322773580711
-375.297174850719
-375.23530092541694
-375.1875953827935
-375.15887333062983
-375.0788431434826
-375.00757945480177
-381.29814190037325
-381.2195507728744
-381.1120858740147
-381.1016486769466
-381.0873622080019
-380.93746462248805
-380.8945944646211
-380.9200128547375
-380.82349320662723
-386.9957222759808
-387.00307410455554
-386.9833879521504
-386.84438504802887
-386.7858157350936
-386.8189135242077
-386.70989868675287
-386.59732807477127
-386.5616608705594
-392.8374325012638
-392.7335651324176
-392.6708015711961
-392.6553888302154
-392.5843274274317
-392.5242740404256
-392.44192941587545
-392.39954055055733
-392.29895552526244
-398.51784460134974
-398.4793271730889
-398.40324063585126
-398.3332723304923
-398.2639845340152
-398.20170316614673
-398.162799236284
-398.07780719898227
-404.2576599793316
-404.22995913265
-404.17528276880955
-404.0202344918419
-403.9798809933196
-403.97013992111124
-403.81846407879783
-403.72306224933425
-403.7476086749584
-409.9185839024562
-409.7714105234986
-409.78055387012415
-409.717095606674
-409.5363448715613
-409.5182824842336
-409.48907686224163
-409.34840117149895
-409.27224228660117
-415.54017469147107
-415.45104762423335
-415.3512505500971
-415.2824243660126
-415.2319487369106
-415.13197924026497
-415.06820310356443
-414.9820980346433
-421.19106613173284
-421.090370866909
-421.0143373825252
-420.9607830826525
-420.8799813130905
-420.76477154410395
-420.68346211690147
-420.6642386590405
-420.5669186665987
-426.7403642847265
-426.69832445178935
-426.7241733383095
-426.4952242942945
-426.43279711051787
-426.3856151612581
-426.2588851884844
-426.15323729564847
-432.4022503719817
-432.33723805457674
-432.2988363423808
-432.14034451001663
-432.11650342726
-431.9600027869203
-431.8715087907628
-431.87615339763494
-431.7474440736108
-437.8878821360612
-437.8658499359644
-437.8943624614423
-437.72095221891607
-437.60377000772803
-437.5587764643939
-437.415771519003
-437.34439615657317
-443.5811183413919
-437.12406501023605
-443.3413645734839
-443.28510695761275
-443.2067200539182
-443.11556001985883
-443.034889938193
-442.9462846502919
-449.1694106822463
-449.252840071812
-448.95350828484453
-449.08334594742183
-448.8172533474627
-448.68287268512086
-448.6301753249897
-448.5859017882417
-448.6696964698319
-454.61522478661203
-454.6721141237692
-454.6477562389841
-454.44504164172673
-454.3386601917547
-454.22959980897195
-454.06246587496014
-454.0328355606078
-460.2101549489988
-460.0551605021502
-459.9913637374953
-459.9414914269239
-459.8098919647824
-459.71413305567114
-459.65591758915014
-459.56418982661637
-465.7093767424692
-465.6197948455944
-465.5446417614279
-465.4309625387981
-465.3299836652815
-465.2433154643288
-465.1707543909964
-465.0415957798762
-471.20476873198334
-471.1258738591075
-470.8744710860248
-470.89025540427645
-470.8246322497314
-470.7124641530168
-470.5945083331617
-470.50556010179866
-476.69035200945723
-476.5463714064796
-476.45244053506605
-476.40034907830494
-476.2641246673619
-476.1400367201008
-476.1084279026722
-475.9818828636656
-482.09189287466063
-482.05311081866364
-481.9522444576759
-481.77728583650673
-481.7433922084517
-481.6569153467385
-481.49743111816076
-481.4270512476113
-487.59597429313015
-487.4708511817332
-487.3769210821363
-487.27083255901096
-487.1382284927829
-487.11737379004086
-486.98457075399295
-493.1581636036426
-493.0610268306666
-492.9029992138454
-492.82232511187635
-492.76733590392143
-492.59092203320927
-492.49829038652706
-492.4359706309964
-498.5065756875583
-498.3953605219685
-498.3351808897417
-498.1514714303731
-498.05430323439737
-497.9773970627906
-497.8270699806298
-497.6950302278299
-503.86301274790566
-503.74499344536395
-503.6358107456664
-503.5117770912651
-503.42919131090235
-503.2862185972762
-503.14816288778604
-503.047752964046
-509.17866405827175
-509.0297245025552
-508.9323044606054
-508.8403413949998
-508.6732652266933
-508.5739511774134
-508.5113939496146
-514.6097051193019
-514.4662248569167
-514.386421622368
-514.2473098982208
-514.1067739598546
-514.0240104177959
-513.9038499448706
-513.7422630555477
-519.936766418336
-519.8394117203616
-519.6699012169088
-519.5580840816406
-519.4786351232789
-519.2285124126068
-519.2081854910141
-525.4507086159011
-525.2485068253535
-525.1159143272951
-525.0119011555812
-524.9063497404524
-524.7509716219481
-524.6378973343435
-524.5152560641199
-530.5951461671078
-530.5062198562138
-530.4100666029882
-530.2452889046898
-530.1376617203335
-530.037325391654
-529.8986022553145
-536.0281412787481
-535.9027647188619
-535.7620599719794
-535.5936355402073
-535.4897590772786
-535.3713557330159
-535.2507106953225
-535.1006813211128
-541.2542879330548
-541.0797296793764
-540.924108700285
-540.9039642988342
-540.7274476411784
-540.5398779912684
-540.4311869566293
-546.5131305397117
-546.3441393947891
-546.3342440591126
-546.1467522718306
-545.9934797027828
-545.8755125363025
-545.7287052576806
-545.5631524135811
-551.7003033500569
-551.5795496578385
-551.3916269105828
-551.2908435000379
-551.1966049639167
-551.020649741784
-550.8872881293755
-557.0143071534275
-556.838934700525
-556.7296085524616
-556.6289610510361
-556.4724016559724
-556.2932921417633
-556.1572863533653
-562.3155184544985
-562.1503638930327
-561.9727131343536
-561.87362241018
-561.78176628144
-561.5828302899782
-561.4738686278231
-567.7066417368009
-567.3925560168999
-567.29345431281
-567.1121461411602
-566.9421232051051
-566.904224278417
-566.7222449265862
-566.5164347683133
-572.6892394384168
-572.5416339122476
-572.3296812098786
-572.2517274271885
-572.0771501651112
-571.9289888043928
-571.7973950381108
-577.86383464321
-577.6700354001146
-577.5946476790979
-577.4703492916569
-577.3084798881829
-577.1245277794014
-577.0186416429086
-583.0795434981343
-582.8926098010261
-582.8057275288958
-582.6166684393626
-582.4518772021031
-582.3192362622065
-582.1797386157768
-588.2033520320649
-587.9755579425344
-587.9402289502407
-587.7142028824903
-587.5869996054959
-587.4442286530756
-587.2706377461614
-593.3771869551193
-593.0209475467748
-593.0693984035929
-592.908302194607
-592.8031466033198
-592.6198872507248
-592.4679837986257
-598.4262327796433
-598.4112496744552
-598.2478677426462
-597.9649777983972
-597.9749854539588
-597.7870476652911
-597.6400460103271
-603.713024547421
-603.5146246199116
-603.3635727211454
-603.1910318166363
-602.9306427715325
-602.8821559995403
-602.721448451938
-608.7807650356538
-608.6112307304728
-608.4692663096899
-608.2752225003528
-608.1398140446515
-608.0211413235035
-607.810689206509
-613.8747150442871
-613.7707456484129
-613.5330702070378
-613.3948559779087
-613.2928557025097
-613.0344294656086
-612.8678147026835
-618.9806316159746
-618.7372019821302
-618.6089519784573
-618.4114163669109
-618.2168954800428
-618.1044387265531
-624.1944274323023
-623.932490695611
-623.8001582137383
-623.654056925456
-623.4496718592909
-623.2706434474915
-629.4381186712336
-629.2526618028393
-629.0744831690147
-628.8984637041578
-628.6697517385755
-628.4917538259887
-634.6290513744697
-634.420329090205
-634.2288561788577
-634.0920672331495
-633.8457203276695
-633.660548588618
-639.7553705833944
-639.52643387126
-639.382849115856
-639.2414180774518
-639.0662652541862
-638.861095667929
-644.9222914183822
-644.7471339032012
-644.5427746823109
-644.3974145769103
-644.2350814968352
-644.0561471409892
-643.8519501584515
-649.8690059289216
-649.6809540098765
-649.5229291865639
-649.3436997273119
-649.1161160666502
-648.9586014529924
-648.7435905417366
-654.8065999444846
-654.6600208272124
-654.4316774911451
-654.2951646725826
-654.1113004676484
-653.9188630211986
-659.93758826707
-659.7482081782335
-659.5265871617345
-659.3391968130791
-659.2131340910305
-658.9594256691782
-658.8181940464822
-664.8705943443977
-664.6530235888208
-664.4650836141792
-664.2917362723521
-664.0746913340232
-663.8572055900768
-663.7146146072757
-669.7232229808862
-669.5286787705195
-669.2837638930232
-669.1466613011792
-668.9151630094865
-668.7661492209819
-674.7601456392958
-674.5824212158421
-674.3055688740347
-674.1669996952222
-674.0044851785422
-673.850708486149
-673.5616204451361
-679.6735244335582
-679.6077586194752
-679.2141480059096
-679.0549925929408
-678.8428057259232
-678.5788286024574
-684.6624143658648
-684.4081398508771
-684.2106605615309
-684.0216672881406
-683.8152424149498
-683.5683700832059
-683.4115074011047
-689.4669149254748
-689.3481117944539
-689.0668526437832
-688.8929246891234
-688.6177453091816
-688.4554226832598
-688.201640459025
-694.2229835339677
-694.059089486028
-693.8030992301618
-693.6224759323958
-693.4082214052669
-693.1357899558458
-699.2479425625374
-699.0295820132044
-698.7241955977241
-698.5698635692621
-698.3547717027857
-698.0551432121912
-697.8429740970832
-703.8838517674478
-703.6920418877204
-703.4817688107621
-703.3111334269778
-703.0725332508358
-702.8956837598473
-708.9334445326327
-708.6634968512778
-708.44020469132
-708.1943759249418
-707.9329222828246
-707.7404176235993
-713.7760645442949
-713.5311152769976
-713.3782386562586
-713.1405381233753
-712.8939836281854
-712.6987154461285
-718.7176490837285
-718.4776896814561
-718.2839609067387
-717.9632845928933
-717.7622587558276
-723.862487308981
-723.5626979463259
-723.3920509235711
-723.1289560775366
-722.8749401973262
-728.9613672553708
-728.6838311159798
-728.4938521527504
-728.2716597276852
-728.0069253948219
-727.7548362096968
-733.8140459991989
-733.5964822511205
-733.3592794596989
-733.139816691707
-732.876494409427
-732.6232293237396
-732.393036631385
-738.3887063420258
-738.1884597848903
-737.9565874934989
-737.6682000830046
-737.4319842474971
-737.169576718787
-743.2269569841104
-743.0038267113862
-742.7439010150222
-742.4647253319646
-742.2484922811645
-741.99835601645
-748.0254024131648
-747.8082069646917
-747.5569370614417
-747.3210970109654
-747.0735221945166
-746.7994789935808
-746.5699461928604
-752.6345050540934
-752.3448406700824
-758.3909156948268
-758.1084106198564
-757.828980435388
-757.6253753927658
-763.6477809175269
-763.3376546370442
-763.1749979432009
-762.8708939928226
-762.5846970132944
-762.4065219047764
-768.3555143180536
-768.1345566407653
-767.8562961379228
-767.5363141824729
-767.3750352987948
-767.0791109227694
-773.0833239464113
-772.9098851877877
-772.574365279753
-772.3282830534123
-772.1334102904887
-771.8136381376752
-777.8675896931285
-777.6185910522105
-777.3118003570003
-777.0540113737761
-776.807364026084
-776.5085707497418
-776.2345315902942
-782.2226723060317
-781.9535006957605
-781.7253772943883
-781.4102972189507
-781.1231326652877
-780.9071101391295
-786.8830212932118
-786.6295645107148
-786.4017620330708
-786.0887185411232
-785.825434677623
-785.5964216295976
-791.6054655468462
-791.354702141429
-791.0443990057148
-790.7894434671115
-790.5215955851161
-790.1955392931924
-796.2614099031547
-796.0102149756489
-795.6107340577125
-795.4097144180654
-795.0790046935886
-794.7658425632171
-800.853025802319
-800.5470309039063
-800.2320932488745
-799.9837547161995
-799.6615066960447
-805.6761745821156
-805.438358664943
-805.1697691184082
-804.8993681787979
-804.5709361435498
-804.2825782144455
-810.2976576831445
-809.9303632736679
-809.6862537234643
-809.5045704962097
-815.4591527559345
-815.1465271942141
-814.8387694736665
-814.5063888118924
-814.2335974556195
-813.9307692072678
-820.014609771792
-819.7846502206368
-819.3628082724049
-819.1137873961084
-818.7761757359683
-818.4559992333785
-824.5200395272627
-824.2440458133631
-823.9309281853232
-823.5831140187626
-823.2819570165864
-823.0583405648425
-829.072885372398
-828.6911620992851
-828.413482763494
-828.0595023730918
-827.7191892219714
-827.4570483194265
-833.4922401967217
-833.2545399946043
-832.882041691029
-832.5451482166285
-832.3108555662963
-832.0079046485615
-837.9216028720161
-843.9487522279143
-843.65810087207
-843.2869148585778
-842.9476902067663
-842.657139359037
-848.6882621869099
-848.4333025342534
-847.9694434561801
-847.7407768909889
-847.4079146572415
-853.5174826532955
-853.0626747650821
-852.7404510769151
-852.5048717914714
-852.1161319009276
-851.774672752023
-857.7828364854
-857.4892162892472
-857.2070484280781
-856.8601886612445
-856.4646203826555
-856.2169829446647
-862.2185141105181
-861.96969574998
-861.5284149299249
-861.1507847571518
-860.907182904038
-860.6141874981033
-866.6460483711306
-866.2130655136114
-865.9001071257992
-865.5958712883868
-865.2323970866332
-871.1230669896021
-870.8666211003991
-870.556586423835
-870.2466330913901
-869.8824067483984
-869.4771852102523
-875.4978272357605
-875.1794512467563
-874.8806465199419
-880.8436770634394
-880.4100931264568
-880.1257296747972
-879.8233271915443
-879.5148814653837
-879.138400184835
-885.0482575627948
-884.7176615197724
-884.4316274049346
-884.0981710207759
-883.7225703311248
-883.3479496831898
-889.3005888922941
-889.0010215977588
-888.6991832342705
-888.3745514561273
-888.0018483814033
-887.6117800634014
-893.5731381646963
-893.2763151640588
-892.9177834694723
-892.5653127664458
-898.430141452907
-898.1151716877787
-904.1018207487317
-903.7410536416603
-903.4425575151024
-903.0402024343665
-902.645010590791
-908.6245677807025
-908.2527661704411
-907.9569945016
-907.6693990799419
-907.2101069193621
-907.0769651531439
-912.7096062396608
-912.4170737893292
-912.0781253947156
-911.7759779281479
-911.3745292839825
-917.2334887879533
-916.8800008821019
-916.5407925539115
-916.241635276016
-915.9460319845526
-915.485165629279
-921.3047852244571
-920.9800558991092
-920.6097248351422
-920.384205158189
-920.0149196171461
-919.680869831247
-925.5826543181728
-931.2789128896142
-930.9573427109776
-930.7180043507035
-930.3539168304738
-930.0580539818068
-935.8367331951441
-935.5874829078091
-935.108748275508
-934.7557370350737
-934.4374099585425
-940.1816181293848
-939.8527858461498
-939.4935262545506
-939.2625782172863
-938.822471187845
-938.398055008637
-944.1839583339021
-943.8354253604427
-943.6170363290952
-943.301775719218
-942.9124788868049
-948.6765588461963
-948.4394983018088
-947.9936937908783
-947.5766321135789
-953.5591078135454
-953.2072215542835
-952.843327088593
-952.3856510465583
-952.1107288787682
-958.0239080092377
-957.5516608015432
-957.091480499039
-956.6699997368247
-956.3456248619145
-962.289609466229
-961.9109668209722
-961.5684969500253
-961.081288094508
-960.7627139450886
-960.3562446935784
-966.2148513315121
-965.7820481478782
-965.3821930928801
-965.0011719796007
-964.5684670333635
-970.569389727423
-970.1821305758864
-976.0672256401483
-975.629319691877
-975.2437568187934
-974.8333181310161
-980.709024666192
-980.228156813731
-979.8705700662183
-979.402929210024
-979.0413377459286
-984.9904351196526
-984.5999402950556
-984.2208542779056
-983.7646483819592
-983.3377693892834
-982.9849770634167
-988.8785934538419
-988.4587045110047
-987.8265851043976
-987.486819338158
-987.0556329656719
-993.0157161958582
-992.634180602846
-992.2150424073232
-991.7644952110012
-991.3546420225437
-990.9323026676799
-996.9049163639181
-996.4469207098319
-1002.3612792965065
-1001.8611743331447
-1001.4834976318156
-1007.3373302806626
-1006.8146043136403
-1006.4119525239809
-1005.9305296182414
-1005.5220895761471
-1005.1050695814088
-1011.0076211849021
-1010.6067232761014
-1010.1099059783883
-1009.682383829864
-1009.2940107687252
-1015.140588373288
-1014.8137628372501
-1014.3269931527987
-1013.9179276696435
-1013.507938669465
-1019.3987161758872
-1018.9490888407157
-1018.461806773147
-1018.0712619497282
-1023.9689189419943
-1023.4485135327297
-1022.8422197454533
-1022.4256378674696
-1022.0118903896115
-1027.9062270979557
-1027.495615095334
-1026.9771621397601
-1026.5367614487716
-1026.110795754363
-1031.9877279457796
-1031.5848589997481
-1031.0906791050545
-1030.6424800495872
-1030.2082102444947
-1036.0785653314394
-1035.6381389466676
-1035.2015479798674
-1040.9948211057117
-1040.550090734387
-1040.079655192941
-1045.9868872513207
-1045.489109981511
-1045.0474454979658
-1044.585580443221
-1044.1447463768802
-1050.012454389492
-1049.5438534140915
-1049.126881200765
-1048.606753114738
-1048.1625643481116
-1054.0032561503072
-1053.5308836123154
-1053.099348359263
-1052.594458646538
-1052.1700533185985
-1057.9773687226484
-1057.5563341755135
-1057.091038505253
-1062.8658836518382
-1062.4277921161975
-1061.9540422483703
-1067.7805037032192
-1067.3204519213182
-1066.8359260667057
-1066.3697009534853
-1065.9018361180638
-1071.7335910027944
-1071.2469875092509
-1070.7511433949855
-1070.293926139498
-1069.7919569977341
-1075.6175335746402
-1075.1040425959925
-1074.6699696186647
-1080.4395466167691
-1079.9907488830952
-1079.4925214143764
-1079.0246509456892
-1078.534720907596
-1084.3174431006819
-1083.854123890879
-1083.3460655243869
-1082.9038343056986
-1088.6803867676356
-1088.227861298762
-1093.9810357110116
-1093.4850388276413
-1093.0072425632532
-1092.503269515335
-1092.0119438840104
-1097.7996249972475
-1097.299651674523
-1096.8249805567534
-1096.2883243932672
-1095.835608868438
-1101.6001961730465
-1101.1421379766773
-1100.5945697434004
-1100.2538719796662
-1099.8709623456164
-1105.6485371037365
-1105.148741877435
-1104.6167616725988
-1104.1658326679624
-1109.9343362462973
-1109.4387646673395
-1115.186852579502
-1114.6663989183423
-1114.213928295271
-1113.6873626872377
-1113.1918177288424
-1118.9113279759547
-1118.4082977325354
-1117.8892724307764
-1117.3547889506785
-1116.9411231416118
-1122.625243826812
-1122.1364576039737
-1121.6206660142782
-1121.135380528552
-1120.6997055947393
-1126.5693855123448
-1126.1016944063304
-1125.5286354646894
-1125.0929278154147
-1124.5341670144326
-1130.280613758884
-1129.747525511827
-1129.2244475641387
-1128.7595425846334
-1134.4240490235668
-1140.2291074154375
-1139.6651223242734
-1139.2117350104754
-1138.6159479601508
-1138.145065287231
-1143.9669419105571
-1143.5968180140846
-1143.0921385228926
-1142.5004555474059
-1148.2775265758648
-1147.7324478327016
-1147.1914343880148
-1146.7249391531436
-1146.1370439908942
-1151.8703245495626
-1151.3298477348615
-1150.774710645496
-1150.233121463861
-1149.8445589889798
-1155.7253965627121
-1155.1782393606477
-1154.630275678501
-1154.0674368477007
-1159.8910879413334
-1159.27745168117
-1158.7471004372687
-1158.1746883117235
-1163.932949776197
-1163.37018701481
-1169.218666031887
-1168.8704795813308
-1168.298656370177
-1167.7899788271166
-1167.2043626597604
-1172.8628608144725
-1172.3547661982675
-1171.865913911226
-1171.2372013225886
-1170.6831367041711
-1176.5776958648844
-1176.1141871344962
-1175.521097065587
-1174.9841548651548
-1174.5161051093032
-1180.1724419873374
-1179.6294800493226
-1179.0424430393136
-1184.7628226757456
-1184.2056898328394
-1190.0391666588152
-1189.6324074241168
-1189.0503577394309
-1188.512015354231
-1187.9297840665292
-1193.6342190023456
-1193.0621272859153
-1192.4822691361203
-1191.934151933444
-1197.7783969783347
-1197.3583355631533
-1196.7567654623222
-1196.2263508397996
-1201.886761512522
-1201.3348819733685
-1200.735551896321
-1200.1804831925274
-1206.0528449398087
-1205.550312943463
-1205.0418435672557
-1204.4034239969212
-1203.8621841280478
-1209.5326380464396
-1215.266047071085
-1214.6418849691718
-1214.2302554591288
-1213.7915283870464
-1213.1709439952026
-1218.9025051725537
-1218.2797939686939
-1217.7234632306527
-1217.1009674537277
-1216.6844262625139
-1222.510100009279
-1221.8939201747567
-1221.3234506803856
-1220.7171872765293
-1226.405532210812
-1225.8122842579655
-1225.2153599473102
-1224.7478484744656
-1224.311203221409
-1229.9852016210018
-1235.659197979684
-1235.0667716745386
-1234.4520850811293
-1234.0150630026062
-1233.5451639218707
-1239.2333183402961
-1238.605502275455
-1238.0013052168356
-1237.3797091381318
-1243.0602991819446
-1242.5954784813682
-1242.1494621261324
-1241.5257828095098
-1240.9203337380943
-1246.5577872746624
-1245.9646392981138
-1251.7635069973385
-1251.2897865869395
-1250.7079966017
-1256.3265898654693
-1255.7507203886012
-1255.0810712309874
-1254.4877972020065
-1253.990826901403
-1259.8201035730492
-1259.1835285001916
-1258.564524361487
-1257.9356128000716
-1263.5808307224509
-1263.1415011184895
-1262.6197112117711
-1262.0004775937502
-1267.6327516327356
-1267.0132900285726
-1266.367805574645
-1265.8923818130681
-1271.7007304482088
-1271.0550769367096
-1270.4039330345063
-1269.7665672003975
-1275.557584255587
-1275.0683980238214
-1280.7345227623807
-1280.0655335389306
-1279.432145507952
-1278.7654171629822
-1278.3270425933852
-1284.059038135424
-1283.4450018366829
-1282.7698541508114
-1282.1415755459907
-1287.9170339048176
-1287.4164380122754
-1286.7817762677087
-1286.0958678972472
-1291.736591040664
-1291.2240620093576
-1297.02569562705
-1296.356737714275
-1295.7134044973154
-1295.0200341890775
-1300.6551662832555
-1300.135285308586
-1299.6437586242066
-1298.965548599618
-1298.3237335153628
-1303.908745061237
-1303.4270047801092
-1302.926796722173
-1302.2232315225206
-1307.8434423822027
-1307.1560380656122
-1312.9613460847102
-1312.4316820489466
-1311.768221494359
-1317.3486206369669
-1316.6822921973783
-1316.1513892863225
-1315.6460572974577
-1314.9577517266835
-1320.5751231109612
-1320.0460734328915
-1319.5271868766683
-1325.131928167534
-1324.4308292487437
-1323.7454311195634
-1323.2115588446723
-1322.7297958778643
-1328.283507463941
-1327.6223376907765
-1326.8952721212327
-1326.3854426020414
-1332.1384455516422
-1331.4567062176006
-1330.7311736067602
-1336.5323927209638
-1335.9804458724589
-1335.2891797500781
-1340.8391806129675
-1340.1582910181723
-1339.6103846334347
-1339.0865191458663
-1344.6778384651716
-1343.9690759603138
-1343.41890626404
-1342.891976670825
-1342.1936029425174
-1347.7414730716484
-1347.0458056773532
-1352.8080149084985
-1352.2649221517588
-1351.52475693465
-1357.1183519596734
-1356.536779273672
-1356.0280039719908
-1355.309291563829
-1360.8680265165965
-1360.3177511612478
-1359.779331278091
-1359.0353298957182
-1364.6178082572542
-1364.0864681149753
-1363.5003191506921
-1369.090454271903
-1368.3497584784848
-1367.5902372246276
-1373.3311624313108
-1372.8008095834207
-1372.0402125647247
-1371.339947252992
-1377.0379565117858
-1376.5358244478548
-1375.7637141594944
-1375.0461506025138
-1380.7336957150346
-1380.2199320133202
-1379.4617062842797
-1378.743392898304
-1384.4374549395643
-1383.9059448356625
-1383.1420480248726
-1382.3986654907467
-1388.1069822098368
-1387.5568174590883
-1393.0954007901958
-1392.3534249800534
-1391.7953913306494
-1391.2065436190576
-1396.693855272403
-1396.1765930302818
-1395.6186577757508
-1394.8579652138726
-1400.386660415819
-1399.79668285052
-1399.2486042036526
-1398.468670690522
-1404.106625564049
-1403.42371737949
-1409.1559077371526
-1408.3591039024268
-1407.6129173739675
-1407.0065104216956
-1412.7458986121808
-1411.964655562082
-1411.4180193617665
-1410.807768152124
-1416.3297557647043
-1415.5288362915524
-1414.9842045243654
-1414.3849776170437
-1419.9057036774734
-1425.3785497114004
-1424.835080808249
-1424.2239936496728
-1423.451796351767
-1422.849937926704
-1428.5685383587636
-1427.7653307549467
-1426.9943856189864
-1432.6713271102205
-1432.0859844937827
-1431.2909652965648
-1430.7083372963348
-1436.4029435615475
-1435.6145733316214
-1434.8015524915622
-1440.495825530627
-1439.9044308282266
-1439.1079015465052
-1438.5086763155068
-1444.1890474578781
-1443.3989144488314
-1448.8741004146707
-1448.2688377407055
-1447.6601608548146
-1446.8744402333036
-1446.2547929132018
-1451.951910932854
-1451.1264684526252
-1450.325583232616
-1455.9939704772926
-1455.3829153369863
-1460.8581305807586
-1460.2843136563743
-1459.6268306105417
-1458.8337836270923
-1464.4896363107669
-1463.8965246483556
-1463.0605755077706
-1462.2715574582487
-1467.8966095088058
-1467.305905596592
-1466.4570735942311
-1465.8585237316838
-1471.5203150346604
-1470.718527821301
-1476.343577543344
-1475.7559421241835
-1474.9053119421283
-1474.2949694773636
-1479.9417271883995
-1479.1397702011714
-1478.2747789417058
-1477.6699095202687
-1483.2969940689156
-1482.4791775738074
-1481.8408107651142
-1487.5224815943031
-1486.647062280975
-1486.0467621422556
-1491.669812004274
-1490.8394005210928
-1490.1933832003308
-1495.863212022275
-1494.993775303334
-1494.3798269917438
-1493.710560051721
-1499.1693772782505
-1498.522235410048
-1497.8997409171832
-1497.0177331950333
-1502.4607739703001
-1501.7899374877197
-1501.185165492763
-1500.3079143270857
-1505.9682672848649
-1505.291083536051
-1504.4483663658552
-1510.0517463874137
-1509.4461853860416
-1514.8447036989842
-1514.214317984789
-1513.5278743381555
-1512.6850488979935
-1518.2791990839248
-1517.6625078915197
-1516.7826138198814
-1516.1523558062547
-1515.4525680918307
-1520.8736491645634
-1526.4929885134156
-1525.8516812562461
-1524.962472661949
-1524.3125199984017
-1529.91353614616
-1529.0356027812295
-1528.388770903082
-1527.7190735951463
-1533.3303915159636
-1532.686081049518
-1531.7757357676087
-1537.3898168834944
-1536.728484110707
-1535.843862469829
-1541.4482991317525
-1540.7863387412874
-1539.8876205001075
-1545.4935621706306
-1544.8223312040896
-1543.925245483439
-1549.5385755364366
-1548.8618901821428
-1547.9548961791832
-1547.2960777855176
-1552.8858095959279
-1551.979259487209
-1551.306591541053
-1556.911399886247
-1556.007908396685
-1561.5982977092226
-1560.9312748797113
-1560.241182710164
-1559.5547625108422
-1564.919724366075
-1564.246629675219
-1563.5472686166063
-1562.6516327965264
-1568.2120000136138
-1567.5336509769672
-1572.893177846904
-1572.2379192055378
-1571.5105512113396
-1577.0908578920346
-1576.411655946818
-1575.4982745155828
-1574.7814866765136
-1580.3911123216199
-1579.457637702464
-1578.7856914993997
-1584.343256000445
-1583.413175821168
-1589.0050652028044
-1588.3051848165596
-1587.6078406784584
-1586.9069310704142
-1592.2468051164467
-1591.5419015945495
-1590.8211955673862
-1589.8963868683666
-1595.484917193493
-1601.0545834264997
-1600.32978273712
-1599.6310435079993
-1598.6879824652356
-1604.255206923286
-1603.5491131146114
-1602.5788870722124
-1608.1726288860652
-1607.4434449237453
-1606.7534945953885
-1606.0050320095409
-1611.3563576217348
-1610.5982183471988
-1609.925647623142
-1615.442854110419
-1614.7697624486534
-1620.0657364607357
-1619.3657762481728
-1618.6098156082423
-1617.6689049693057
-1623.2258358403194
-1622.50695047913
-1621.7656110696093
-1621.0528983147256
-1626.3721133632391
-1631.9037055688887
-1631.195589137773
-1630.4564731639002
-1629.7366510382535
-1635.0164488328464
-1634.332623983462
-1633.5642199166966
-1632.88095112373
-1638.3816357639455
-1637.4177721477513
-1636.6706227602397
-1642.2214279508808
-1641.4874087686767
-1647.033768522257
-1646.0165546220728
-1645.3016338725465
-1644.5459650563012
-1650.0916896046103
-1649.3450170959716
-1648.3550578708746
-1647.6105182935457
-1653.1439082834922
-1658.6778449192202
-1657.9425191832513
-1656.9454935848337
-1656.179671328751
-1661.7201535874879
-1660.9634122500945
-1660.2252683196236
-1659.209408789883
-1664.7532297772846
-1663.9790927145345
-1663.260374365241
-1662.4633179005511
-1667.750073622273
-1666.984502634212
-1666.2184722959494
-1671.7529786463415
-1670.985702359377
-1676.519046127969
-1675.7490548720018
-1674.7240956863368
-1680.230467129799
-1679.4848845950978
-1678.7021110893384
-1677.9544900684832
-1683.1998810113719
-1682.4267786338894
-1681.657013661784
-1680.8847141802682
-1686.4067139166295
-1691.9347360455922
-1691.1379906115042
-1690.1077336279689
-1689.3423797450364
-1694.8516912362209
-1694.0774858397394
-1693.2914105224115
-1692.5145774567952
-1698.0186292638691
-1703.26754909157
-1702.4666765375807
-1701.7041420260407
-1700.888342115303
-1706.4186443181427
-1705.5963943746278
-1704.8551326070437
-1710.0670468939618
-1709.2792648151426
-1708.4857455450149
-1707.6893490638577
-1713.2156282828978
-1718.6912185940023
-1717.89027192067
-1716.8584944973072
-1716.054901261632
-1721.505686147897
-1720.7526513786288
-1719.9040862047764
-1725.4229343385957
-1724.5937261683566
-1723.5221672544126
-1722.7425142358677
-1728.1902939420402
-1727.4195641402146
-1732.8614579856367
-1732.0893368411305
-1731.2547021605233
-1736.7590131390375
-1735.919001693591
-1734.855634993864
-1734.0284026531674
-1739.5069134631215
-1738.7019001820836
-1737.8879849022348
-1743.3525763666225
-1742.52172602955
-1748.013838629768
-1747.1719793424397
-1746.370565226411
-1745.5393662419701
-1750.7246604886357
-1749.9012468057772
-1749.0889777499656
-1754.5251453061037
-1753.7116240730204
-1752.8965368065997
-1758.347331587336
-1757.5171970496233
-1762.9615097737585
-1762.1458541248735
-1761.299295539179
-1760.1960718906137
-1765.6390194474586
-1764.8009503110964
-1763.9556250178762
-1769.396640912641
-1768.5542554777246
-1774.006393518788
-1773.157243634961
-1772.3170972058736
-1777.7734983138791
-1776.9052014508252
-1775.7983207894067
-1774.9316910365349
-1780.379285878012
-1779.5425344619916
-1784.959035027834
-1784.1055291641233
-1789.5296804761965
-1788.6934607761607
-1787.8330282636662
-1786.988888549293
-1792.387226986332
-1791.5550601389298
-1790.6719172922656
-1796.110598514832
-1795.2408175133721
-1800.6649429222648
-1799.7948554974519
-1798.6352908851336
-1804.0632690980178
-1803.1850652542514
-1802.3278433625408
-1801.4492498440286
-1806.8679060066377
-1805.9974717969137
-1811.4068253737348
-1810.5289798531526
-1809.648489060836
-1815.0703337423488
-1814.1834436483841
-1813.3156851834224
-1812.4072829896224
-1817.8377198407582
-1816.9421301593975
-1822.3465471016677
-1821.4548429867245
-1820.5745858449059
-1825.9871284357225
-1825.0888100697014
-1824.2128677522
-1829.5797601752902
-1828.7373967088492
-1827.7956823161765
-1826.6094905265584
-1832.0185334858065
-1837.3802500392972
-1836.5105717930078
-1835.5820016311316
-1840.99172876251
-1840.068849344164
-1839.16895112267
-1838.267429593595
-1843.64315891695
-1842.754470520373
-1841.811405266166
-1847.216572963473
-1846.290713344722
-1851.6756807495851
-1850.7553220253603
-1849.870094456951
-1855.2202480609126
-1854.362016530749
-1853.4429402550459
-1852.468614929271
-1857.8656317186997
-1863.2144487641256
-1862.2667629530176
-1861.3512585520277
-1866.686590387193
-1865.778096310564
-1864.82550353921
-1870.2029808741236
-1869.282392794898
-1874.6306447102208
-1873.7155296893252
-1872.771206447375
-1871.8596423592999
-1877.2078749798106
-1876.2842970754182
-1881.612975567869
-1880.7150759188328
-1886.0433181900173
-1885.1078042273948
-1884.1725839647595
-1883.2452622217686
-1888.5940862729003
-1887.6255955075783
-1886.6968351502824
-1892.0316539681348
-1897.3956402650479
-1896.4501775080714
-1895.4876589067455
-1894.6110747078708
-1900.2030203018815
-1899.2681859280983
-1898.3223592378076
-1903.6751618188086
-1902.7098306302871
-1908.06542918708
-1907.137681347564
-1906.1322685728176
-1911.5022638085222
-1910.535231731519
-1909.6117830094825
-1914.8944709468499
-1913.9526439266083
-1913.0291322939515
-1912.059814352882
-1917.4618198341373
-1922.6957556075788
-1921.7622790220994
-1920.8296595493107
-1919.8958616369764
-1925.153440206768
-1924.201300564362
-1923.259196828042
-1928.6332988656595
-1927.5820923915478
-1933.2297746426948
-1932.3333314986453
-1931.2818086485645
-1936.6370496823183
-1935.6743196924244
-1934.7598564396728
-1940.0291897578495
-1939.0500734866816
-1944.35337416901
-1943.436363319517
-1942.4288623503653
-1947.740459265571
-1946.748482737234
-1945.844517275074
-1944.823283562135
-1950.4577876780822
-1949.4796455965363
-1954.79520916148
-1953.8152077093646
-1959.0924729277885
-1958.1867605174482
-1957.1740783169762
-1956.170674250391
-1961.4884721334688
-1960.4867644855697
-1959.5313109820133
-1964.8067611810654
-1963.8179586891633
-1969.440271047057
-1968.52739933121
-1967.5073890947158
-1972.7649333127117
-1971.80045085185
-1970.854442051631
-1976.079007225508
-1975.1117223545566
-1980.3641813023369
-1979.3906443055819
-1978.3958540893702
-1984.0190617128574
-1983.018224467384
-1982.0342389443415
-1987.3943889885747
-1986.3016004623757
-1985.327642292104
-1990.6082628203199
-1989.5126204148337
-1994.8298878379248
-1993.839894208403
-1992.869467246878
-1998.3999839027106
-1997.4628218361413
-1996.43618355726
-1995.4724448948255
-2000.7526493816213
-2006.0124106601643
-2005.0283764513365
-2004.001310449486
-2002.9897559570925
-2008.6044025398803
-2007.5898468770754
-2006.587985422642
-2011.8524547847635
-2010.861819178154
-2016.1078389441227
-2015.0896604498405
-2020.3570251767806
-2019.321110833611
-2018.6736961741326
-2017.6284751200778
-2022.9143759922347
-2021.8741749153185
-2020.8365194169965
-2026.1232122737417
-2025.0637178024915
-2030.6936910204813
-2029.6504463776819
-2028.6322199855092
-2033.8991176928728
-2032.833363139086
-2031.8307070401984
-2037.0780764978906
-2042.3209866507193
-2041.3159149323064
-2040.5956244527285
-2039.5800669815785
-2044.8037747309472
-2043.7692950221954
-2042.7345321300054
-2047.9723194592227
-2053.234260872403
-2052.515494140799
-2051.498010453505
-2050.446945242537
-2055.670648785808
-2054.642064022494
-2053.9156539929218
-2052.8864313322183
-2058.1252758669593
-2063.35749197644
-2062.3228271811936
-2061.2617291196925
-2066.4888371307984
-2065.786281684269
-2064.7341866616625
-2069.957040158578
-2068.8969437263568
-2074.1243778143066
-2073.066982655507
-2072.0030683832165
-2077.575877203824
-2076.521729411821
-2075.4550993843054
-2080.666419771343
-2079.6241262861427
-2085.1656656074356
-2084.1217551200634
-2083.0532296145716
-2088.2452626618324
-2087.1900844661905
-2086.0939778891584
-2091.28701210112
-2090.599696692133
-2095.7986738691707
-2094.753918478947
-2099.945492163706
-2098.8657895571414
-2098.1477822069633
-2097.0619409899905
-2102.264893965522
-2101.1665989287344
-2100.0630362549446
-2105.635171422628
-2110.828496302461
-2109.771626067348
-2108.6815634101904
-2107.591953140311
-2113.1497899671685
-2112.048551626783
-2110.959984387925
-2116.1414696455686
-2121.3129205787627
-2120.229686479151
-2119.11765547848
-2124.68952776578
-2123.5811507080502
-2122.483180696222
-2127.679131839427
-2126.565844778985
-2132.12496389177
-2131.0015310507933
-2129.8987605253333
-2135.0735553190766
-2133.953899993371
-2139.510609761431
-2138.381367770141
-2137.2839660623335
-2142.8093756840976
-2141.7069417938637
-2140.5929741095574
-2145.740966200202
-2144.6329604536636
-2150.191360379784
-2149.0561616834566
-2154.2199240219443
-2153.0729764645084
-2151.9493110402586
-2157.4853903140315
-2156.3497402685693
-2155.2949629560544
-2160.4276221055525
-2159.2338183774295
-2164.8287757138946
-2163.637828922275
-2162.532821158374
-2167.6704742981005
-2166.528118108786
-2165.7872780613807
-2170.907765359654
-2169.774355424482
-2175.2914588425274
-2174.1469390624698
-2173.043248120852
-2178.1572449391006
-2176.977194345818
-2182.5002349109172
-2181.3422994718385
-2180.2204599227234
-2185.3465787872115
-2184.1940362699993
-2189.748578347314
-2188.555232111912
-2187.4260220046335
-2192.9327017033843
-2191.758590091291
-2196.8853177360947
-2195.7192739712655
-2194.5404136596744
-2200.0849744724824
-2198.8823159425924
-2197.7298257469884
-2203.211288501273
-2202.0615765197667
-2207.1828821465847
-2206.0049614103136
-2204.8508677664518
-2210.337434474749
-2209.1753201740294
-2208.0127379762766
-2213.501951752911
-2218.614811613195
-2217.4265850916954
-2216.2420508343484
-2215.0746973412274
-2220.544218235386
-2219.3723302106855
-2224.4842763287115
-2223.66604519223
-2228.779360637228
-2227.588311940344
-2226.4006376735265
-2231.518956695737
-2230.696844322335
-2229.530279566879
-2234.6252339075686
-2233.8195341323412
-2238.921588369121
-2237.7228329962995
-2236.9196914187505
-2242.00289670126
-2240.78426562017
-2239.5945079103667
-2244.6790292394753
-2243.861816166396
-2248.9436919155364
-2247.7239120354966
-2246.920311045771
-2251.995767912141
-2250.778146329312
-2256.2772623687547
-2255.067963874478
-2260.148978386129
-2259.3520248652057
-2258.1485927867484
-2263.2344355402884
-2262.020800009226
-2260.796809375009
-2266.282687540793
-2271.3356926756987
-2270.1144894879367
-2269.305865444955
-2274.360641710009
-2273.1493946040237
-2272.3090905599684
-2277.365843600712
-2276.152775094426
-2281.5974709125417
-2280.404476222034
-2279.169063504081
-2284.628188903914
-2283.393481655663
-2288.435466917809
-2287.197957817815
-2292.247422131663
-2291.448948872726
-2290.2264839853215
-2295.290411001913
-2294.427110097677
-2299.504693068247
-2298.275913250865
-2297.4624643951875
-2302.536404041958
-2301.28067313849
-2300.481677551462
-2305.502568576974
-2310.5324397501086
-2309.7488717035026
-2308.4674083109844
-2313.5053241909213
-2312.7077300867722
-2311.451978537395
-2316.512773661271
-2315.6614395177476
-2320.6894392081554
-2319.4598735969603
-2318.609465671393
-2323.6392773956854
-2322.404846675577
-2321.545410756997
-2326.5727903645275
-2331.6295191461313
-2330.7679426630725
-2329.6003710575937
-2334.589120578996
-2333.742749127126
-2332.519056054261
-2337.539699209547
-2336.702768099068
-2341.7570772841655
-2340.4931063946547
-2339.721935640034
-2344.7496130522845
-2343.503391693608
-2349.009650643874
-2347.796433095325
-2352.849773078763
-2352.0433311150573
-2350.744458158349
-2355.7433437176333
-2354.9358882313577
-2353.6120903107553
-2358.627624745592
-2364.0188581112757
-2362.7341284736035
-2361.466665269957
-2360.5940505852436
-2365.626305221818
-2364.393666366807
-2369.7740810711603
-2368.560502828107
-2373.6017023800446
-2372.764873879787
-2371.5081928196496
-2376.52913368306
-2375.70732764656
-2380.7715144266767
-2379.4650555218154
-2378.6406167875375
-2383.6947327429234
-2382.3330021017023
-2381.6167857638407
-2386.656232100058
-2391.630977120554
-2390.8654413674462
-2390.0391091240936
-2395.1505157756696
-2393.9239020304617
-2393.048535766973
-2398.178284300068
-2396.8588640252133
-2402.3892013842606
-2401.1699048205514
-2406.1808053679315
-2405.4381654717135
-2404.1702243245063
-2402.8739433777887
-2408.448546739584
-2413.4209530197745
-2412.1471307197494
-2411.511434651077
-2416.5529722758733
-2415.2620520092714
-2414.632720399309
-2420.078333453017
-2418.965122761014
-2424.0567211991797
-2422.960867201175
-2428.4142734982065
-2427.1549377094734
-2426.3545387520567
-2425.225347872467
-2430.239139168559
-2430.922796845862
-2434.5806293203427
-2433.260920276953
-2438.844183725287
-2438.085079915231
-2436.944378768131
-2442.1268301380173
-2441.3140333893098
-2446.617025053435
-2445.4388274500234
-2450.9956480406026
-2449.845608263999
-2448.6791467556905
-2449.3276958422152
-2453.218035060908
-2453.0022119440137
-2457.6662420747175
-2456.4174465303818
-2461.8049821932364
-2460.457119283467
-2459.6740867257545
-2465.122426956669
-2463.7490589531567
-2462.9936858499213
-2468.430465998493
-2473.703903337116
-2472.96501667321
-2471.812658479434
-2470.9118070380323
-2476.458766253778
-2475.1287539859577
-2474.5287895109623
-2479.8754442480517
-2478.7747425352295
-2478.474152114664
-2483.3436250786103
-2488.679681821037
-2487.902733954238
-2486.850420831728
-2492.297844490814
-2491.0836286200397
-2491.3450514375345
-2489.725119313181
-2494.4123643297307
-2500.832612812921
-2499.1900875174556
-2497.66447897855
-2504.132737284059
-2502.153995210648
-2502.0367763336512
-2503.873133254668
-2512.2049338755182
-2511.6716614293287
-2510.67188197748
-2509.8046043601603
-2515.499856272239
-2514.299206563607
-2513.826729436391
-2518.8044385219146
-2518.325583946871
-2517.34227679822
-2522.745229273462
-2522.397191096289
-2527.63689022119
-2527.001743701024
-2526.0604604536934
-2531.6116016107876
-2531.060954976614
-2529.6425836523485
-2536.128233281006
-2534.9729784026913
-2534.8797146285074
-2535.224705992612
-2541.9539585174
-2540.2321003447973
-2542.55689638883
-2543.998061836275
-2547.6283049775006
-2545.8983167905576
-2547.333282609567
-2550.7857914593837
-2552.2676862461285
-2551.4865407273737
-2552.9571889664094
-2558.000764407367
-2558.7297241943056
-2556.8981333097277
-2557.821653755166
-2562.293721648788
-2561.9205926402888
-2561.168277183961
-2567.3686288005697
-2566.4360997004937
-2570.897173422404
-2570.4538028358897
-2576.177706144881
-2574.6228130516415
-2575.162490134093
-2573.452918860057
-2579.5108827988024
-2579.0732056683446
-2579.0874821427274
-2583.963621784016
-2582.8323928851655
-2585.1374879910395
-2587.499840648309
-2593.5442954557593
-2592.4726002889356
-2591.191312207021
-2591.3593602039587
-2596.405781740496
-2595.5827804984337
-2595.3500829923178
-2601.0654631017196
-2600.1832694003433
-2599.0771342202493
-2605.18208247276
-2604.1721677239734
-2610.0492408077153
-2609.0509033805674
-2608.335730097224
-2614.2535812297897
-2613.385396498807
-2612.857941725388
-2618.409686315934
-2618.1216421597546
-2617.1055037554097
-2615.8284804716263
-2622.371072191266
