-0.9749849024123042
-0.01841690646367121
0.2092590008705838
0.035776650113489405
0.0018828273615829844
0.24938444590482525
0.312086993824072
0.1994475082375831
0.0648288597402872
-0.03184559940822846
-0.018399010479079766
0.02170165742939111
-0.07279018088945909
-0.40127688028171793
-0.6183182759772216
-0.6898856545797744
-0.22147263938470188
-0.1005221733650745
0.1812415786996556
0.2520291444886197
0.19967839614231847
0.20405483718700484
0.22756076570880573
0.08286250764710572
-0.24786638049729146
-0.4568121332283175
-1.1834032942249724
-1.1241263405511035
-0.9376408428519201
-0.41282109776276016
-0.3811540089241648
-0.29418758406101114
-0.16665861378324073
0.09213905685356305
0.23820651882981403
0.15864643429428005
-0.28040329468162994
-1.1090638667312394
-1.3013597059833444
-1.2839628877354807
-1.3308944640789668
-1.478503234867362
-1.506269568286238
-1.4023122898360252
-0.6866185186899721
-0.22186065525955767
0.21502007638685802
0.0672499490361127
-0.4846528635589214
-0.8191812320714612
-0.9307507678630037
-0.9932028707626053
-1.0440497235755535
-1.7486369152338732
-1.872750845429979
-1.8613282259784856
-1.239582170569711
-1.2731193276590937
-1.2244485869673514
-1.8326984366883978
-2.0188334756094575
-1.9349847730871739
-1.7667474140047377
-1.2831039268345639
-1.3637725677785364
-1.5254231026582419
-1.6171955035267147
-1.5877783095975027
-1.5472933532670987
-1.6633391316908865
-2.464145208569987
-2.5816182540872274
-2.5078698943526168
-2.335186816996026
-2.2982432631150136
-2.124598537283369
-1.5256035950686349
-1.6569497309722683
-1.7039457811551588
-1.7443122639901094
-1.7618843857391002
-1.8811800995048586
-2.414196169100254
-2.671983261821927
-2.7435921365029037
-2.677325004242063
-2.6406218770439445
-2.682066941303458
-2.7507580746217237
-2.832799197084239
-2.894112739939577
-2.918454058560223
-2.897385972217338
-2.895039341636401
-2.872203484226536
-2.8742033551968955
-2.7921076458164116
-2.5365764696630526
-2.488856354335831
-2.517537103227558
-2.644064968829767
-2.873071837426677
-3.029747880598211
-3.1544885980643222
-3.220578989149574
-3.1849521411846613
-3.1468250079432583
-3.147567059427241
-3.1968151031708554
-2.9594409017219983
-2.893454350219744
-2.9265461944562223
-3.0456936750085846
-3.2331452104977125
-3.317481208402993
-3.3377025952839707
-3.3213144209563104
-3.333945337502
-3.4017462393436837
-3.5363745304514302
-3.6345598084811233
-3.686546191033286
-3.771925576233918
-3.882408817584251
-3.975529278843553
-4.010379545200382
-3.9483044990250686
-3.8995250529803624
-3.6254797561784633
-3.5232159556257177
-3.5800747827682877
-4.142574188728348
-4.118125974018492
-4.164487196021886
-4.063368210966831
-3.9887627609497653
-4.004699161228803
-4.146160251183372
-4.341716941639273
-4.481238542604682
-4.723261086417973
-4.513939266046504
-4.7339768886610765
-4.929087671098431
-5.094238210053031
-4.287536326336477
-4.505341851322718
-4.241403690920635
-4.174999379305524
-4.914421394021402
-5.156094036438626
-5.421130385774981
-4.538845756956343
-4.684433406999058
-4.627913527898872
-4.66717687628668
-4.69782036628873
-5.39742958115906
-5.582953091438959
-5.678722727008226
-6.159740194902871
-5.735734805000788
-5.8419519079453766
-5.974904401160273
-6.135811726747788
-6.27762684746846
-7.009639276678783
-9.09957870719748
-8.885818646599104
-7.049062654250278
-6.226570175966985
-5.133765383109024
-5.115844269770541
-6.17951779745681
-6.318964192281678
-7.161909634452022
-6.936680750018921
-5.927451744024765
-5.813197782076443
-5.600057862107773
-5.719292667847208
-8.412153147009874
-9.134437876613639
-8.858971856536938
-8.45247841564154
-6.704217671120225
-6.447804047599183
-6.577349861364968
-11.251947535240364
-11.379004416863934
-11.199253511507582
-9.62595893867663
-8.051756815430995
-7.5449925454875935
-7.991452254361387
-11.190423969733427
-11.834544950643018
-11.6033232886224
-10.184434293489412
-7.617839926861126
-6.771029398710701
-6.958276886982987
-7.3398693901541865
-8.925044561545931
-10.237303830432259
-9.893481940331878
-10.000511657823266
-10.158689180558062
-10.6103846116906
-10.87736680138479
-11.179226068037737
-11.27364471615251
-11.250080659833863
-11.489953404066856
-11.642455341109724
-12.328140561266812
-12.674116305834932
-12.892322597883327
-12.787656695798692
-12.889672050858817
-13.113269147462542
-13.204276864474863
-12.37837691177101
-12.429342425471559
-12.392114611605633
-12.499541717736058
-12.641665504116165
-12.773291694056667
-12.930558329389445
-12.979487272739595
-13.034612103984458
-13.066005689046797
-13.14985944110287
-13.223724967948447
-13.244990540829198
-13.335962370886717
-13.26884680016413
-13.722427050709532
-14.09231961254903
-14.22921607737315
-14.67922402149243
-15.343187567381285
-16.065975653375926
-16.82396017665391
-17.613420428649913
-18.287956698328788
-15.258360429266082
-14.049880668427988
-13.934154530047808
-14.194744484703703
-14.561209538357767
-15.012275881514785
-15.511510349801258
-15.870800842133
-16.09917038606503
-14.276276286358188
-11.888041817394347
-12.629035665083713
-13.089404222394416
-13.46194219068305
-13.876375318445644
-14.318140738572888
-14.76544014194935
-15.178329189598106
-15.528944657987607
-15.885038578500755
-16.274732215356224
-16.812208868063607
-17.549910470322462
-18.174172773367072
-18.60502862016223
-19.669292185041158
-20.178707107619545
-20.3676857486501
-20.41371381127847
-20.507995811773142
-20.715240194656968
-20.946981547900705
-21.213825696534993
-21.519776856020577
-21.830964805664845
-22.17942653239441
-22.62255742761335
-23.200153948835943
-23.756963677538728
-22.379658182647223
-20.683203079792744
-20.68885283965795
-20.95429674330118
-21.242201721183015
-21.526752276993648
-21.76916866259501
-21.326918909418648
-21.424038115755476
-21.45753874725312
-21.502678839676616
-21.76334817353658
-22.16834713517573
-22.575682439901502
-22.97873926457694
-23.356138667533212
-23.496418219944957
-22.642376249906732
-20.953340769745754
-21.297307342817703
-21.953260616390335
-22.360636916838768
-22.820464962476088
-22.97940580314977
-22.572716271242726
-20.550657020468694
-21.070184206718405
-21.625032086879724
-22.19689620096548
-22.746864069622458
-23.175088227715708
-23.481168929085232
-23.761516060852212
-23.891746266413037
-23.679838947369287
-23.637086365963533
-23.58121139670677
-24.008896409725146
-24.53257721777349
-25.092534556803436
-25.660205634249866
-26.336563556641583
-27.11485887485467
-27.998652706969477
-28.68392649049899
-29.149476567887966
-29.570420555461464
-29.142182287388945
-28.885501943195436
-28.888275307006115
-29.14221954516145
-29.488967626761998
-29.815962213484895
-30.158917899199402
-30.49589742794153
-30.79081176252008
-30.801496699334734
-30.60663494854456
-30.751675719588874
-31.11067421854688
-31.456629447980472
-31.740882771731933
-32.09013352993261
-30.493944612184237
-30.42262209928695
-30.487004187516625
-31.292517320526024
-31.613247068953577
-31.76778706699121
-31.30464392713149
-30.946811089605834
-30.81915526087129
-30.88979057897329
-30.97512434432132
-31.182123653737662
-31.356757435403782
-30.735116310752016
-30.731281061096837
-30.973289901756875
-31.211251666508506
-31.46932313171818
-31.769842830233593
-32.0969550943499
-32.32917587806175
-32.31562387308138
-32.14282200387251
-32.26880452240618
-32.56492821220525
-32.95620334474107
-33.449549912760496
-33.812113874422124
-34.11778993018678
-34.30575538950851
-33.998296927537716
-33.75258537847432
-34.02505764663965
-34.48123937346047
-35.231459927218424
-35.81881843506762
-36.46735289620966
-37.10643336473252
-37.56421346695771
-37.87489750586045
-38.001739116382545
-37.79897129671075
-37.995582105863825
-38.16034952718795
-38.438856640806115
-38.81589064452226
-39.30265432855772
-39.688842738626605
-39.807569789438915
-39.71288479521211
-39.67057062957607
-39.885971323958685
-40.23617157175078
-40.48053571030792
-40.74488698530853
-41.07253260651135
-41.35144585741602
-41.236960097778315
-41.06745726723877
-41.253722497792246
-41.692774418966515
-42.646596605429615
-43.071340371988086
-43.44606509974921
-43.731840324789744
-42.58571310168383
-42.58468694708949
-42.845180658937444
-43.28008875667211
-44.52608967156229
-45.04630276386488
-45.517605418175755
-45.874976652223
-44.54718119619316
-44.6302300392856
-45.80604969436084
-45.999965805698004
-46.32079649026972
-46.667599861349785
-46.99059333929973
-47.16065240875427
-47.26855439866927
-47.04287371138898
-47.130978753275684
-47.46372254895226
-47.910862862934465
-48.41180914254319
-48.78304271993547
-48.93783298377748
-48.80819503135256
-48.71707799779217
-48.90920399865121
-49.19861924020132
-49.53623144527056
-49.902695182182846
-50.80546084251665
-50.96185236852876
-50.02222053787284
-50.160110115295495
-51.11308226310133
-51.610331947230186
-52.05901026191207
-52.435020808783634
-52.70926841473254
-52.81922335902854
-52.64668015336714
-52.69529871871629
-52.89217961908777
-53.172083142748974
-53.53220500227037
-53.911520710737136
-54.10185431318201
-53.99117326005033
-53.89801016129003
-53.932527076755626
-54.42326649051955
-54.76226237658733
-55.02723609781833
-54.928163634173266
-54.87549178527084
-54.95950539912421
-55.1454869465993
-55.43887521002148
-55.773107338025945
-55.98576300359497
-55.96710394111298
-55.86311510077976
-55.738081881101664
-56.22755677102657
-56.698413595875245
-57.179772713552644
-57.61753374980416
-57.77831675039104
-57.581813565932485
-57.445162166193604
-57.6385532426903
-57.952014466914456
-58.56091074511499
-58.90898278325156
-58.529701390453845
-58.51228697326152
-58.82537000904877
-58.91791301812385
-59.59913560023364
-60.27190356089367
-60.72338047407709
-61.04444754707347
-60.80812814969987
-60.77942647000214
-60.934442245229874
-61.27357627243617
-61.499552529692075
-61.706650233355724
-61.90030586946057
-61.865445291641684
-61.81858383229655
-61.97832469944013
-62.32096304485015
-62.73351248110923
-63.06842113677045
-63.1380425936653
-63.04217258947108
-63.130353869664994
-63.36007756360389
-63.601346535824426
-63.906300175370504
-64.0707525245908
-64.01574171451115
-63.8560371487879
-63.9763869195257
-64.22525319688037
-64.49002711964476
-64.7051792570599
-65.73291029575482
-66.26824032621042
-66.93585947175319
-67.06916752941048
-66.34186270678944
-66.48062566350629
-67.03900782384032
-68.32024085244419
-72.29598239942246
-72.64091707439492
-72.9101610023879
-73.24882005650663
-73.55243550694355
-73.69017817222164
-73.57168059351832
-73.32734946976404
-73.5308573711055
-73.99938169951992
-74.48478580357286
-74.98869553064826
-74.93489404355785
-74.69757831700302
-74.98330200940045
-75.34186255100884
-75.68234949028572
-75.97763859821093
-76.14191480148418
-76.01757158205386
-75.72989623701966
-76.06106634847376
-76.35712695963069
-76.58810111605771
-76.50382804521752
-76.45932061423144
-76.54047207417528
-76.7641530909747
-76.96361852954631
-77.21167955897697
-77.36361052890578
-77.39222163904657
-77.3176835383326
-77.51155399021563
-77.82319740787356
-78.17118835799386
-78.31787432183012
-78.254950638573
-78.24949482849995
-78.37232771794125
-78.58772460260616
-78.76460318283226
-78.83113506422501
-78.73955461607606
-78.66360722004043
-78.80034196577355
-79.00249937487764
-79.20814940298254
-82.33140980352663
-85.56162674724119
-85.61586252059071
-85.82401645234819
-86.09090697465953
-86.34404621121416
-86.49594919617705
-86.37592022307545
-86.3596824972825
-86.5377037260891
-86.81754256740452
-87.01871877162856
-87.07501794652835
-87.02504751021995
-87.04576755056743
-87.22833584969189
-87.5070164898143
-87.69201095424481
-87.75395421760761
-87.6903795727322
-87.67085095705448
-88.06701022571745
-88.46011065950496
-88.58858244081482
-88.58530734448316
-88.36388627590017
-88.47575860323457
-88.77876905880754
-89.10304204363248
-89.58869362276147
-89.77237934978952
-88.9519033749146
-89.07189874616446
-89.48040450438732
-89.99236169648267
-90.85220609214174
-91.07963657638216
-90.15564833426785
-90.26663380922344
-90.81728456063689
-91.99568082121229
-92.8001377492804
-97.5068751429885
-97.41214291402268
-97.60916883456952
-97.91260468427508
-98.1810221221963
-98.26735688160935
-98.06937021942555
-97.97726623558916
-98.19629219923705
-98.51831387179939
-98.81459210420614
-98.89472723931974
-98.78825485480469
-98.87050190695766
-99.07592419502063
-99.38657159133
-99.70438485723565
-99.75854811816579
-99.69784825284134
-99.45317539530754
-99.70261865452521
-99.94396695970288
-99.96511351736642
-99.83427235487265
-99.85950160081775
-100.08780400067916
-100.32671555379198
-100.44256823766287
-100.3893719306461
-100.34938246149105
-100.47743427666715
-100.77025017213558
-101.05355293956963
-107.24741439259574
-107.19605138263344
-107.22661023666912
-107.40090266006548
-107.53438887741895
-107.57876579551657
-107.56590694213928
-107.57395597335466
-107.66906915675558
-107.82938343430868
-107.96076313204412
-107.96597530983385
-107.92219853917344
-107.97082020785842
-108.15798257535889
-108.3438782785049
-108.40373916699143
-108.35652389438606
-108.37938855425416
-108.5278489064014
-108.71280458435736
-108.78402162900173
-108.69053221925199
-108.71870579599697
-108.86268405138226
-109.08660608362625
-109.08932521544416
-108.9679830712695
-115.02885010638138
-115.35031138810366
-115.53317095768737
-115.61322349790728
-115.57993048293352
-115.51897699112605
-115.5799624198084
-115.74227612781664
-115.89761953070108
-115.91936878633659
-115.79664341368657
-115.89514367135018
-116.11556907884855
-116.73984007342077
-116.26505074198991
-116.08238462734906
-116.1941093115264
-116.33549262182362
-116.3830865583767
-116.38194869248582
-116.44623135235976
-116.46831152304861
-116.52788743539907
-116.65641432480727
-116.75698219337991
-123.14837020021216
-123.1751578694734
-123.10982222920386
-123.30414009293543
-123.424502627762
-123.33977527365833
-123.3056235498978
-123.46299424684351
-123.64522829540513
-123.71912932003313
-123.62488876796826
-123.59868253627714
-123.68444965433314
-126.08596290171742
-123.86308680434712
-123.73189029098542
-123.75635050691243
-123.89350525379409
-124.06854410267744
-124.09924195662975
-127.72750806247431
-130.2626045550785
-130.43933494381173
-130.67578061706672
-130.93014122434263
-130.63221264000038
-136.8461038845392
-136.97275626798438
-137.12318748888552
-137.13910622610467
-137.0292073950644
-137.02559273861226
-137.14041938531784
-137.27355959767908
-137.2722901448841
-137.1996237302977
-137.2628594999545
-137.40386795681232
-137.54772022554528
-137.58499852958352
-137.53358545410342
-137.55957593329197
-137.67524624481788
-137.8080379691817
-137.84830192804094
-137.77441732271973
-137.76694066046738
-137.89673688253657
-144.24851610848745
-144.23236245122786
-144.17536571299945
-144.2455222237465
-144.36766092324902
-144.45036441906035
-144.43811095284576
-144.4194393749439
-144.5043961169956
-144.66480829968387
-144.77668713294113
-144.78506415640229
-144.75440199685158
-144.7957307097748
-144.901050052738
-144.98052451842418
-144.94422383415218
-144.89936229936313
-144.94132684124872
-145.0544006352285
-145.08247260728834
-151.3152182862343
-151.28861281840577
-151.41024416804714
-151.570805420101
-151.6028611354634
-151.49849200667427
-151.51571039874514
-151.6603297508949
-151.82785751729796
-151.82640629051033
-151.7611074984972
-151.8349055423419
-151.91538775746145
-151.95023651671477
-151.93047328796098
-151.91835186159415
-151.954972260443
-152.0117049429369
-152.09167196660704
-158.3553517424815
-158.28564605806187
-158.39396431450692
-158.56541408118423
-158.6431246627527
-158.5346418097558
-158.53395732645697
-158.68409633240927
-158.81994554936298
-158.80501036094483
-158.73386232333166
-158.78161436942162
-158.86813196936438
-158.92427409799686
-158.90353014170537
-158.88444410547473
-158.95762100329313
-159.07812858229832
-159.06440061077967
-165.30308009622868
-165.3119390870945
-165.48025781351927
-165.61186122060414
-165.54339773225016
-165.4664374368619
-165.48077111481305
-165.59691362919986
-165.72245161207445
-165.69925845327697
-165.54450292243857
-165.61497460935436
-165.80006494488322
-165.82548421273898
-165.67303717358837
-165.68672202490492
-165.8770624897611
-172.1940103677869
-172.1652345674372
-172.11655071588126
-172.1822867650577
-172.2938237322593
-172.42589602875097
-172.3959801766861
-172.35224122299925
-172.35766175315658
-172.45807635706305
-172.48870955539684
-172.4325962049418
-172.42396637105796
-172.4700008520415
-172.5543954895161
-172.52566415223222
-172.47814027228344
-178.83862298183573
-178.93164422035207
-178.96244598059346
-178.90589133234351
-178.91319378063864
-178.99930994348748
-179.08079267571793
-179.0736423478842
-179.0135568397679
-179.1080507677332
-179.1529808286455
-179.2377255711412
-179.19001970338527
-179.1162882898745
-179.18280176576593
-179.2343057836749
-185.3632719965242
-185.47255186166396
-185.60439453642508
-185.6897271407512
-185.62553740695262
-185.59599925317755
-185.60425232775754
-185.68120353178423
-185.75992802912728
-185.80039536893617
-185.76775456920097
-185.77824842163218
-185.86384196732894
-185.90389609669006
-185.80151899879627
-185.8013411117187
-192.12378541664984
-192.20452707064834
-192.1579777922994
-192.0928745336594
-192.25036586658916
-192.349592481683
-192.26804089918875
-192.2336315078699
-192.24557755353916
-192.3153067948413
-192.36129386918464
-192.40271442588292
-192.32662041143396
-192.3386219473325
-192.39650240160464
-198.76466762684882
-198.66811090145987
-198.65587435182283
-198.71903672627818
-198.77888822628285
-198.74154830911974
-198.71580823329572
-198.85183513839215
-198.9199343026181
-198.84469929117682
-198.80763640436538
-198.82196638972775
-198.8817789198612
-198.91690373767375
-198.87976590519474
-198.8583007969354
-205.20816326333994
-205.25883796571117
-205.25002746725116
-205.19834998615565
-205.22373095268807
-205.29811239488347
-205.32068159029578
-205.27174216942635
-205.2845318730833
-205.333804825912
-205.3758855811839
-205.3604212708068
-205.3207908452672
-205.34562836780444
-211.7040394049186
-211.7022058607509
-211.65349713520345
-211.6600832343202
-211.74839051065788
-211.7641177592082
-211.70394475634598
-211.74310309753048
-211.756875130995
-211.7849450824885
-211.7623553430059
-211.73280383996644
-211.76640315975038
-211.81390343800862
-218.1550656137888
-218.07831658866263
-218.06247633516895
-218.1298635885179
-218.16333639403737
-218.12635835944653
-218.11207393843765
-218.19952099454602
-218.1966923829536
-218.1595490612861
-218.1779602238561
-218.21923365899264
-218.2569559834838
-218.21674479741668
-224.48207382545561
-224.48947636836922
-224.52556758510903
-224.56944756586037
-224.50621166779737
-224.4711384341761
-224.53244284860781
-224.60365242075466
-224.50415691133662
-224.45123132892948
-224.52609135477627
-224.58752893385898
-224.53274217530452
-230.8256852360097
-230.85914908857706
-230.89806885353576
-230.86453969890826
-230.83718834742925
-230.8616532915961
-230.87844040562172
-230.85662572325998
-230.8248078989886
-230.8072374357538
-230.84514872758618
-230.86862428557654
-230.8247275823839
-230.79884347357623
-237.16208646093472
-237.21555000519763
-237.17289423486238
-237.1376123477197
-237.1889640273026
-237.24708262895894
-237.19571582058583
-237.1344523121972
-237.15353972438916
-237.1863992515748
-237.16169059630977
-237.09469079003844
-243.41402052920793
-243.4454307907705
-243.43853586012764
-243.3743400283239
-243.39192088188057
-243.46230436386924
-243.47162863432044
-243.40419925747318
-243.40222947254702
-243.46708725440175
-243.46031587961778
-243.466008408154
-243.42614296660636
-249.70656729730587
-249.8752704217648
-249.84604121924843
-249.65677246869947
-249.66502439052462
-249.7016529193447
-249.6977094662707
-249.6262723720976
-249.6748322327699
-249.6925468934799
-249.68564681857944
-249.63365994460685
-255.89958878551528
-255.96761780062306
-255.92543289064713
-255.85441136465025
-255.887676303745
-255.93699684424928
-255.93652542392553
-255.8473262494752
-255.8531473123492
-255.87751927215265
-255.89508799269848
-255.8432731377752
-255.81078581610768
-262.1335459581014
-262.1598305308563
-262.09203272925413
-262.0423083619852
-262.09111281872157
-262.1211109201883
-262.0514462011195
-261.99649401039306
-262.04939987100175
-262.08414770297173
-262.0381940384382
-268.28360754026215
-268.31799709881864
-268.3465265954079
-268.31423456497305
-268.241229299713
-268.2513359618564
-268.3189409298155
-268.29623312316124
-268.2150725592853
-268.22694881888486
-268.2734482332944
-268.24078548316794
-274.41498759600734
-274.4433201625938
-274.490410242778
-274.44629385448314
-274.3892335007859
-274.4066658921936
-274.4659883187736
-274.420977651623
-274.3712607494133
-274.3630005465307
-274.3853890672238
-274.4063291247021
-280.53435796482745
-280.5263844260914
-280.5814085787837
-280.5732930253496
-280.4919543646931
-280.5081672695276
-280.57669820297673
-280.5390135432233
-280.47080022185946
-280.49311691645227
-280.50560072885435
-286.70526721783784
-286.66614291700387
-286.6831120775382
-286.6623822714252
-286.65593401915555
-286.6340187325145
-286.61116959559934
-286.632386916239
-286.62628099882585
-286.5583898870096
-286.5478906268313
-292.8413484710599
-292.81956793248054
-292.7246007266507
-292.7373760705447
-292.77242950640226
-292.6949000419427
-292.6761012284667
-292.6919903068217
-292.7085690433265
-292.65004129182086
-292.6179269760994
-298.8821568695102
-298.902450954609
-298.8679120165194
-298.80446782812527
-298.79172172444413
-298.8419765676609
-298.79694735060013
-298.7145296919586
-298.7201882199458
-298.75364732098024
-298.6624854917547
-304.86048780201287
-304.89985326013505
-304.92936947602567
-304.8379967186777
-304.79294581700555
-304.8514145101779
-304.8472956944727
-304.7740349691463
-304.74430185094843
-304.74816776605627
-304.80592092967146
-310.9226769683152
-310.88363886341006
-310.9099403638415
-310.92218306659964
-310.83277011240386
-310.821879013439
-310.85111537297627
-310.8606522732575
-310.7489017576813
-310.7224205127301
-317.0061897743149
-316.95427658430896
-316.87441868933934
-316.87861760798415
-316.886506792035
-316.87530143194243
-316.8037832917356
-316.80516608087106
-316.80480866218494
-316.778667598712
-316.76735303115044
-322.94319241338525
-322.94184699940615
-322.90294139631914
-322.82979757090675
-322.81848438883696
-322.84693792922354
-322.78994147326506
-322.75034257034497
-322.73995966274197
-322.83704535339297
-328.94214158860586
-328.8832135765309
-328.91660348815685
-328.8966631543472
-328.79195273842055
-328.7989773367788
-328.80684062800395
-328.74755185689395
-328.68658131466026
-328.6494050045649
-334.9359362218978
-334.8641089050245
-334.7812520568717
-334.7974241903185
-334.8103560354967
-334.75830574729906
-334.6739582919956
-334.7061249044257
-334.7151128266398
-334.5813552640806
-340.80561734275534
-340.8280004752431
-340.78269177491256
-340.691456067717
-340.6674377591961
-340.7185906342644
-340.6414636545603
-340.5960223130378
-340.5638645680043
-340.55829983422194
-353.2056968495082
-340.44939521675167
-340.42391124397443
-340.43176550367735
-340.37425879308336
-340.23808228537195
-340.2213685227305
-340.23679561927486
-340.1226302380467
-346.4171335723773
-346.4687712604347
-346.4289558538245
-346.3110262831906
-346.28803038499444
-346.2453276423788
-346.18530968055614
-346.11227166487356
-346.1136772490614
-346.07947954792974
-352.2648303818754
-352.2268550256309
-352.27246621410063
-352.26246449027474
-352.1839634066831
-352.05831783616816
-352.08266853505376
-352.03113788217223
-351.92422654324326
-358.20025089614757
-358.18105681285624
-358.1042071221741
-358.01053195480574
-358.0619088567182
-358.0217612014804
-357.9135209284354
-357.8383051088248
-357.8551828134577
-357.80943312471703
-364.0049523399768
-363.927392266414
-363.93433127998986
-363.8892717993295
-363.7785699501342
-363.75186538912357
-363.7620376296754
-363.6873759161018
-363.5670246827328
-369.8798695498938
-369.8747679485196
-369.7281938546188
-369.69777485692777
-369.7788199843534
-369.6146411848288
-369.5144472468192
-369.5174265020428
-369.45548794779694
-375.6483287358445
-375.6330316338012
-375.58008861666355
-375.50954477746836
-375.4651021656717
-375.39230898732166
-375.34469775231594
-375.3291369321886
-375.23480437768785
-375.1471082757942
-381.4406399892896
-381.380971275969
-381.2393018974581
-381.23951714626975
-381.25597352228334
-381.0954965632548
-381.01724471131143
-381.06411669165766
-380.97329247834176
-387.12233644571654
-387.12057995999214
-387.0902791265602
-386.96559025655444
-386.89580713353496
-386.8781961555866
-386.8204202650923
-386.70297913475446
-386.6696130418645
-392.93473220451733
-392.83132216112466
-392.75380972386756
-392.7300226251152
-392.6728941610575
-392.5661874115526
-392.5220533449956
-392.48051765695885
-392.37331043293494
-398.5861307179127
-398.52620765957175
-398.4570073647687
-398.3824608730248
-398.30399440407814
-398.2411960479384
-398.1863408010104
-398.0926913478597
-404.2670072108404
-404.2410763376142
-404.1820331995975
-404.03568382569483
-403.984612542573
-403.9839602762479
-403.8137179231925
-403.7276946130769
-403.7532162459353
-409.9144789757318
-409.7630639163503
-409.7796103634391
-409.6856824553725
-409.5279552653884
-409.4895933316665
-409.45257398598636
-409.2975835842011
-409.22924540360276
-415.47929916297437
-415.37299932428937
-415.28249913208805
-415.21216477541265
-415.14272309179563
-415.0527266167996
-414.9739928750125
-414.87538445489406
-421.1006135775981
-420.99712924193517
-420.8976219986307
-420.8437014637396
-420.77594837772807
-420.6348066939754
-420.5781673959324
-420.5522003489425
-420.4316727471133
-426.60253988482134
-426.56969580767816
-426.45919436812443
-426.3346431884869
-426.262178649947
-426.198526064378
-426.0906432279168
-425.9811052817116
-432.2449008523843
-432.1583724305573
-431.99062843462707
-431.9429391517233
-431.90329993392254
-431.731645122821
-431.6653207473919
-431.62256190658525
-431.46193060248595
-437.6645619247798
-437.6509373147302
-437.5291846751448
-437.3883672001836
-437.38853816294784
-437.2744210635496
-437.1722820848814
-437.133274746996
-443.3365299047509
-443.25629981822107
-443.12272838093105
-443.0373839375457
-442.9821600057391
-442.89922741742873
-442.78435161554717
-442.70026249457993
-448.95688367862084
-448.8040026250826
-448.69165588296454
-448.6390208960323
-448.5336279600311
-448.4154265041055
-448.36868998194956
-448.29569686442096
-448.1180247707215
-454.3333080274794
-454.28139949529475
-454.1273132055047
-454.042997325356
-454.029373305938
-453.8909220903445
-453.7546749589507
-453.70851501458463
-459.8961534107792
-459.7197204913742
-459.6510382550873
-459.5734736202029
-459.46660720521567
-459.23516580384273
-459.28522915626377
-459.1990974372667
-465.35828408818844
-465.26342728026043
-465.15790662643417
-465.0306104286527
-464.79983464959247
-464.72607062333816
-464.7637175665732
-464.6234099865621
-470.8117655169219
-470.693491971316
-470.53229910228384
-470.43631480123383
-470.38986603584954
-470.1237030543005
-470.1421098904178
-470.0753043277038
-476.2274107378952
-476.0679167828618
-476.00678563405654
-475.9302026956957
-475.61425087351205
-475.5559244876683
-475.64809555428286
-475.48181036632525
-481.61607105438844
-481.56260730179315
-481.422375626078
-481.28244865391014
-481.0945036137659
-480.96633976474754
-480.99679948989154
-480.90217438308537
-487.0907744316709
-486.94199699968715
-486.8072881473425
-486.7588747302916
-486.6865207261105
-486.3927793833528
-486.4135667482652
-492.6162191388251
-492.4582045957191
-492.2899007670475
-492.2471757388862
-492.1485805701083
-491.964233293963
-491.75557670339225
-491.79434156641764
-497.846694106857
-497.7713281908349
-497.65661645496374
-497.4714684251195
-497.2595058478536
-497.2837373632467
-496.9725591740036
-497.0211395432581
-503.15058956640286
-503.0954636078268
-502.9376633303798
-502.8090965919104
-502.5932765299411
-502.59898050332816
-502.46510480900423
-502.3788635738178
-508.47873620721737
-508.33939538494457
-508.2535689584777
-508.1558633600611
-507.9945806881433
-507.9186668777882
-507.84469778750287
-513.9244875230592
-513.8042810969189
-513.7259280309911
-513.5570289835255
-513.3006339496515
-513.3791009059515
-513.2258735395795
-513.0821030867601
-519.3195276104055
-519.1669410825433
-518.9944209364708
-518.89824485746
-518.8196437706042
-518.6417099382078
-518.5387107747308
-524.6786261382753
-524.6014699194837
-524.4146705958178
-524.3586437682997
-524.039730316171
-524.0376544031516
-523.932402288404
-523.7821674115746
-529.9240847751677
-529.7929741950234
-529.6570798238204
-529.4898309930363
-529.4025351304514
-529.2682184332114
-529.1346449960524
-535.3261426297512
-535.1897148285872
-535.002010302265
-534.879283012813
-534.7444249772731
-534.620736884493
-534.479901882912
-534.342586527278
-540.535952371426
-540.2825384551268
-540.2097571957133
-540.0463403261748
-539.9310121432467
-539.6402034082965
-539.6679331757058
-545.7758929062106
-545.5840919751415
-545.4668777475159
-545.3511179345323
-545.2132497641917
-544.9652982184157
-544.9389620011804
-544.7822568507162
-550.9443116667086
-550.7987620350488
-550.6109555597736
-550.4015882256441
-550.421120877459
-550.2469289192227
-550.1293359692066
-556.2835165000515
-556.1289938215408
-555.974350267665
-555.8626199767567
-555.7065763166446
-555.4032149464194
-555.406038652235
-561.6017693484781
-561.3689454332075
-561.2151842048113
-561.1726591940883
-560.9850500946108
-560.6889178288216
-560.5727781067467
-566.7340648402302
-566.6277751801778
-566.5325068767853
-566.2960833682929
-565.9771383781973
-565.9836112964208
-565.7562132603094
-565.735744526855
-571.9543172690037
-571.7350914626172
-571.5487636684201
-571.322801143877
-571.0778105784113
-571.0054812495155
-570.9901497480427
-577.1008742790477
-576.92374808685
-576.5333891428135
-576.5350113234924
-576.4750220394134
-576.3064045051227
-576.0895810792091
-582.0336733677567
-581.8577546492701
-581.7906212147233
-581.562345001846
-581.5280773639774
-581.3837314829785
-581.2604316787744
-587.4208739743597
-587.2907166098711
-587.1752027842462
-586.7938926816987
-586.7617031697347
-586.7121800196413
-586.5341549692222
-592.6773749136172
-592.5168145867834
-592.3512514115232
-592.221194989663
-591.9482402297451
-591.9002233385687
-591.7695009119726
-597.9208941859249
-597.6821690201022
-597.5352553614098
-597.3868135698461
-597.1311159462382
-597.0615870889585
-596.9263561510727
-603.022265131446
-602.6494890819624
-602.6628922651404
-602.3395023569244
-602.1091936914639
-602.1951564955094
-602.0285602430104
-608.1142343933523
-607.8105300787769
-607.673674569674
-607.4518355249529
-607.3618366334392
-607.2403270514403
-607.1115976314463
-613.0541786624146
-612.9292333205254
-612.8436733101661
-612.708818606163
-612.5997839987225
-612.3508858056929
-612.2191091965478
-618.314543533642
-618.0935154963487
-617.9733202549658
-617.7701300741846
-617.6008090814871
-617.4752372649136
-623.5696737079124
-623.3851823501407
-623.2464839480891
-623.0764477363473
-622.8770732341021
-622.7154386213653
-628.8576525538389
-628.6533837448625
-628.4844218687018
-628.314260225594
-628.1024750193947
-627.9383337451211
-634.0794830164007
-633.8364321525336
-633.676544169303
-633.5129201784071
-633.2893405169536
-633.1225329833484
-639.2496626439581
-639.0269934221022
-638.8896806754698
-638.7269369181996
-638.533712709881
-638.3340242359558
-644.420466784187
-644.2631868186864
-644.037545432997
-643.9075273371354
-643.7304425343563
-643.5430492676627
-643.2962937667089
-649.3839940169805
-649.2392767714178
-649.0454974675848
-648.7926532045733
-648.5941244540338
-648.490348172021
-648.2645395902963
-654.3572158448163
-654.2074822294252
-653.9921813241965
-653.8514830183746
-653.6916585983894
-653.4767424588715
-659.5717046819586
-659.344157813377
-659.1326428359206
-658.9612529387734
-658.6980841150435
-658.5085359657769
-658.4073359354906
-664.4842472928731
-664.2787945023955
-664.0797452744458
-663.9234656253298
-663.5835120494385
-663.4902822635942
-663.3482596770965
-669.4105077169046
-669.1974378663526
-669.032368014874
-668.7533252510938
-668.6168951555529
-668.431631548581
-674.4577395953866
-674.3000835251954
-674.1317662947313
-673.8610240447398
-673.715746547846
-673.4808831535896
-673.2320738406099
-679.4153299316453
-679.1996909092533
-678.9685343849685
-678.7643984275869
-678.5332644636431
-678.30854779125
-684.400775766177
-684.1825138474555
-683.9924503408706
-683.7361287842889
-683.5502530780736
-683.329436519797
-683.166516109566
-689.267621482129
-689.0300171733936
-688.8981354304367
-688.6844904442622
-688.4403168145055
-688.2584885254057
-688.0360643749415
-694.0802886248468
-693.9218373255188
-693.6566020660396
-693.4515115339375
-693.2634015337268
-693.0143629173969
-699.1243399456465
-698.9333250896127
-698.6774564726061
-698.4597507826454
-698.2361569708626
-697.9971336497142
-697.7679908042564
-703.8538409208536
-703.5954328681764
-703.3886345728168
-703.2527524036483
-703.0052990546754
-702.8081808557658
-708.8886194387316
-708.6169230473316
-708.4272312390759
-708.1932137164035
-707.939027494736
-707.7413968884788
-713.7898572312264
-713.534943690851
-713.3944445455
-713.1607141662479
-712.8872492446636
-712.721028392801
-718.7443729946168
-718.5155872111927
-718.3329339184744
-718.0270510418534
-717.7107311103047
-723.9315838180531
-723.6238812973291
-723.4517042892157
-723.1956793750827
-722.9414204999507
-729.020407769804
-728.7668715756356
-728.5887773015777
-728.3804936067694
-728.1122242591538
-727.8807571306328
-733.9375386253195
-733.7253794780539
-733.4670685316619
-733.2577623236211
-733.0023383412494
-732.7516390064354
-732.5419372900799
-738.6436841075922
-738.4335743855858
-738.1165407975087
-737.8223200499967
-737.5939982514092
-737.3462600234433
-743.3903512586379
-743.1637059075764
-742.9220570417774
-742.6541882855491
-742.4696798704409
-742.2134715950685
-748.2477199564213
-748.0225092293298
-747.8152599469445
-747.5293696844807
-747.3151812781122
-747.0318199081645
-746.8683091361946
-752.8647240495005
-752.6284169648555
-758.6399288033364
-758.426375355439
-758.0936442630923
-757.8924300238141
-763.9485518254422
-763.6229228266553
-763.4684085165158
-763.1701065818455
-762.8659192344682
-762.704151418023
-768.6895591284846
-768.4587861401673
-768.1962709063993
-767.8472632189213
-767.6858777063082
-767.4200699930915
-773.3768775199577
-773.199273340906
-772.9134219711375
-772.6216012232275
-772.4467361499344
-772.1343649499313
-778.1700415234635
-777.9455079305858
-777.6936039127287
-777.4029732465923
-777.1698168796626
-776.8599391341196
-776.5996432147582
-782.6388315561794
-782.300451549627
-782.0868672123521
-781.8267385838908
-781.5456211930368
-781.3322326776246
-787.2768373928895
-786.9886024112278
-786.7819060968618
-786.5099217313914
-786.2486986345942
-786.0438766068111
-792.0108234050409
-791.7343513703307
-791.5896759503448
-791.185202451105
-790.9133146045876
-790.6268327031083
-796.6358752205768
-796.478495009152
-796.0372811700507
-795.8579207101354
-795.5520790248106
-795.2177076151925
-801.293581094468
-800.9647725850107
-800.6726957262022
-800.4748203314202
-800.1504284006185
-806.1505339182609
-805.8916826430905
-805.6304467745591
-805.3417321552281
-805.0730442447269
-804.7965835456326
-810.7849149473365
-810.4624044523775
-810.1886782730377
-810.0680305286432
-815.8951982737548
-815.626840236418
-815.3543134428909
-815.0177592966536
-814.7970921352776
-814.5052494218316
-820.501511227363
-820.207309758367
-819.8562759977694
-819.6418438908706
-819.3391863077885
-819.0075584987335
-825.0163486426441
-824.7488799684397
-824.4019143302302
-824.1431674678151
-823.8476440974166
-823.6238624672154
-829.5286085189283
-829.1924068614733
-828.9093538512033
-828.613372214127
-828.2652752694851
-828.0080391368363
-834.0590968105308
-833.6890362567619
-833.4969266554566
-833.0922122302889
-832.8448886148265
-832.5556641935032
-838.5247935682041
-844.5483562805205
-844.2063199661634
-843.8919636172413
-843.5354254665016
-843.2471588488452
-849.2244852965016
-848.9730863501733
-848.5547246657445
-848.3273432996807
-848.0253593675989
-853.9381663274949
-853.6454943114888
-853.367896167015
-853.0951203581229
-852.7310746541981
-852.37183409179
-858.4333365895776
-858.1503815073893
-857.8489111917509
-857.4708205704836
-857.0867911312631
-856.8069381218263
-862.9051635675332
-862.4494511099306
-862.1104336034335
-861.7819530818346
-861.5182290773988
-861.2573509631011
-867.1771893973471
-866.8517215381339
-866.53391871199
-866.1670322021077
-865.8968373038011
-871.743016404504
-871.4843001105321
-871.2155756227986
-870.8630203627555
-870.5000397581921
-870.0775867061456
-876.0973230099514
-875.842316452043
-875.5261594287567
-881.4582466951891
-881.0428292072552
-880.7609380779663
-880.4524267379966
-880.1804691017188
-879.7980634783048
-885.697250026651
-885.3441950888413
-885.064238274017
-884.7469445672382
-884.3847441032456
-883.9946236889905
-889.9856418514034
-889.6868927795267
-889.3981851863557
-889.0127118996604
-888.7356648365876
-888.2819153155956
-894.208474849622
-893.933734097698
-893.5789850462696
-893.300866310023
-899.1134275826892
-898.7747039195723
-904.7694593050132
-904.4159659323628
-904.1058503227905
-903.7700402246761
-903.3134013834914
-909.335504126488
-908.9989181881704
-908.6293716261523
-908.3582417848421
-907.8816958599367
-907.5226914945304
-913.4235782696836
-913.1111669049989
-912.805626653683
-912.4389694115048
-912.1304861750962
-917.9166207968227
-917.5794267584969
-917.2634850020555
-916.9000130123999
-916.6212620850822
-916.2082143012376
-922.0443257876898
-921.7807647710584
-921.4041708578429
-921.0711144950034
-920.726955076151
-920.4137662251202
-926.2837485682605
-932.118976231457
-931.7855247185681
-931.461768765552
-931.0616060842287
-930.7624781164014
-936.6745640493812
-936.2410336438379
-935.8215461169096
-935.4397004404768
-935.1431519448165
-941.0479783205926
-940.7007790807016
-940.3631318329009
-939.9797492441503
-939.5683952579546
-939.1025088224784
-945.052400477176
-944.7293884021578
-944.3194966639104
-944.011828398053
-943.6245998862615
-949.5784720303475
-949.1252457267165
-948.6742884677824
-948.3003334992899
-954.2487193421872
-953.8949574986378
-953.5261090627062
-953.1207197234465
-952.7827336171191
-958.6845556231282
-958.2238713167831
-957.8072025202575
-957.3913834647851
-957.0640481087718
-963.0043562000275
-962.5869499847724
-962.243777702136
-961.8493203410625
-961.4909936578197
-961.1329837570574
-966.9134066763294
-966.4955306261106
-966.0713517571268
-965.6858423726569
-965.3406390268733
-971.2635514508802
-970.9127386190123
-976.7754126468193
-976.3810731629394
-976.007717211626
-975.586947700693
-981.4416058224319
-980.9139086861038
-980.5710631055055
-980.1705973795207
-979.7892811976212
-985.7150114709297
-985.310979264685
-984.9330985737961
-984.54904136407
-984.1132770262675
-983.7641597479746
-989.6081179860198
-989.1616052274429
-988.6274982169049
-988.2482900164425
-987.8614102495324
-993.7581008675267
-993.4048013400707
-992.9722481076228
-992.5387915976188
-992.1618437450122
-991.7143378923804
-997.6798170341632
-997.2323202137503
-1003.1191750961187
-1002.6568205940889
-1002.2507627203266
-1008.061250532879
-1007.5351104387425
-1007.1433378151802
-1006.6896936231078
-1006.28564952059
-1005.994142698029
-1011.7185649551798
-1011.3064391107554
-1010.9038504724881
-1010.4605372824061
-1010.0842618002215
-1015.924032892265
-1015.5201524939819
-1015.1013999879217
-1014.6768882279621
-1014.2835554792698
-1020.0915353848372
-1019.6958753488066
-1019.2320543524555
-1018.8048727487121
-1024.7392480469596
-1024.1345432355263
-1023.5928288545499
-1023.1296553986915
-1022.7750672560221
-1028.553699672596
-1028.17946419222
-1027.7182673179439
-1027.2541201204617
-1026.8125645024152
-1032.6418890353616
-1032.2321298259633
-1031.7894118281374
-1031.2700509336378
-1030.8603063544726
-1036.7264592390095
-1036.2774879913497
-1037.0932118130686
-1041.5855753319518
-1041.1545931067024
-1040.6469744424417
-1046.5420983783774
-1046.0284662735628
-1045.5587734584558
-1045.0927099332098
-1044.6147803132017
-1050.4678283579076
-1049.9730331607345
-1049.5275860240542
-1049.0065916895744
-1048.5235115248345
-1054.3571573806175
-1053.861112594203
-1053.425337362452
-1052.8549564860698
-1052.4212893388244
-1058.2016191317396
-1057.7427800955663
-1057.5059675268583
-1063.011170948788
-1062.549489195582
-1061.9992550609056
-1067.8293650423984
-1067.2943257680965
-1066.8195578918298
-1066.3049640817499
-1065.8231520794704
-1071.6606609392372
-1071.1529835113226
-1070.6507828231963
-1070.1087100533807
-1069.592795735757
-1075.4494542361072
-1074.9095869102323
-1074.4640421989
-1077.2949146687297
-1079.6680942732557
-1079.047614727021
-1078.7481551655962
-1078.1862659160151
-1083.9571434651223
-1083.551669081275
-1083.0167376216018
-1082.5695419064764
-1088.3184459134186
-1087.8684077537664
-1093.6133544411384
-1093.1196571887488
-1092.6408324786332
-1092.1484888870768
-1091.6480133467328
-1097.4133874376953
-1096.9212345296548
-1096.4106428693283
-1095.8892332870255
-1095.4353360144944
-1101.15807078519
-1100.6976328043725
-1100.1367396016028
-1099.7987020701528
-1099.440133938903
-1105.163635145943
-1104.683288318415
-1104.1229800864398
-1103.6717594176848
-1109.4215934069023
-1108.9327090320576
-1114.6834100911285
-1114.1309446911175
-1113.6871669205207
-1113.1512135377802
-1112.6610886782728
-1118.3837219567858
-1117.8822951622897
-1117.339712234273
-1116.8197179053948
-1116.3192249954416
-1122.1305484480804
-1121.6445514384093
-1121.084464416664
-1120.604698168709
-1120.191880957208
-1126.1163322408363
-1125.6414955476998
-1125.0800773304577
-1124.5788069174619
-1124.0326196811227
-1129.8583953168365
-1129.263709680986
-1128.7607300325574
-1128.2773189877923
-1134.0298510816297
-1139.8568986782614
-1139.2933877934015
-1138.7666167516845
-1138.2569332728808
-1137.733266226887
-1143.6044815351909
-1143.2391140041825
-1142.7045162254224
-1142.177212028968
-1147.9538279882895
-1147.400958280788
-1146.8713529182821
-1146.3400426392102
-1145.8426530727545
-1151.5788368062913
-1151.0543833381062
-1150.5179845413998
-1149.9935675975369
-1149.5950193186486
-1155.475201833656
-1154.947670753289
-1154.4130330761416
-1153.8505792937651
-1159.6202191374296
-1159.0533979442112
-1158.528610236955
-1157.9798694904423
-1163.7440493461404
-1163.1850251538021
-1169.0460440325571
-1168.693524576796
-1168.0885838984725
-1167.5973050290606
-1167.0149463149942
-1172.7703273548823
-1172.2091491407707
-1171.679111707421
-1171.1146769755414
-1170.5654667172162
-1176.4624502225024
-1175.9994101257175
-1175.491027157646
-1174.883025751628
-1174.3788110480484
-1180.0724530167984
-1179.5322935052964
-1178.9619134146299
-1184.6960052893994
-1184.1375891658704
-1189.980924210992
-1189.596999000757
-1189.0029981367663
-1188.4808524375117
-1187.897933544182
-1193.624478239501
-1193.0545450972534
-1192.4805572060723
-1191.8968256727035
-1197.7632798307316
-1197.3394555129212
-1196.7409067299157
-1196.200119304698
-1201.886340526347
-1201.3481122365893
-1200.747812975531
-1200.195345902018
-1206.059104526123
-1205.5726831951167
-1205.0654454821213
-1204.426405258508
-1203.8973413072415
-1209.5667840580131
-1215.3034937226598
-1214.6660351823984
-1214.255916079718
-1213.8343018920564
-1213.2278161298345
-1218.9472237261996
-1218.3156161686113
-1217.7698469161535
-1217.1497124756174
-1216.7425734260876
-1222.5614581692712
-1221.9526252614608
-1221.3687624913132
-1220.7629849900404
-1226.4493009638068
-1225.854230372166
-1225.2609012108198
-1224.794850810594
-1224.3690556028002
-1230.0633334908634
-1235.712673848584
-1235.1168513552932
-1234.5176595419064
-1234.0728909189386
-1233.5998001651064
-1239.272826101574
-1238.6408427261736
-1238.0663358722518
-1237.4017850105768
-1243.1001845709764
-1242.6498153838736
-1242.1949577867497
-1241.5769729010003
-1241.0085335209542
-1246.620543627975
-1246.0161594249319
-1251.830014742015
-1251.358823877752
-1250.776495591761
-1256.3820672256993
-1255.8057473456163
-1255.133019355215
-1254.529421876568
-1254.0270241030878
-1259.8590361019776
-1259.2032025168387
-1258.6068014837729
-1257.9742336674983
-1263.6098124536363
-1263.1712959968756
-1262.6463021274872
-1262.060959890803
-1267.673537454938
-1267.0446844527671
-1266.3852860806808
-1265.923111435478
-1271.7306889520876
-1271.085657144377
-1270.4400122274142
-1269.8024797939324
-1275.5808592001747
-1275.0938206390367
-1280.7592942220592
-1280.097402256919
-1279.4556471370217
-1278.7840964797992
-1278.334172892888
-1284.0680052231532
-1283.4472556299563
-1282.7872628878267
-1282.1659371067403
-1287.916273234102
-1287.4278805372533
-1286.793825517808
-1286.1079362474898
-1291.7414366260225
-1291.222975094291
-1297.0278404464007
-1296.3572102504004
-1295.7266861888008
-1295.0297884497284
-1300.6557132269177
-1300.1360755294304
-1299.633973753492
-1298.9536907421684
-1298.302072090514
-1303.9031068587535
-1303.4334418478832
-1302.928671248441
-1302.2337825875964
-1307.839666222412
-1307.1482786049664
-1312.9590296254537
-1312.4171309306587
-1311.7636370355572
-1317.342702828973
-1316.6790575051493
-1316.1521817629755
-1315.6437889021392
-1314.9567486911412
-1320.5782218929055
-1320.0602720510553
-1319.538327468312
-1325.141239680526
-1324.433109194148
-1323.745058075284
-1323.2107568822798
-1322.7347659251307
-1328.2798956297586
-1327.6185629450058
-1326.8956409975106
-1326.3906508179261
-1332.144777830645
-1331.46782241873
-1330.7367963610568
-1336.5297535431762
-1335.9751821346224
-1335.2946196435662
-1340.839558071833
-1340.1568485964578
-1339.6060673736529
-1339.0824446584356
-1344.6830610871036
-1343.9665705467996
-1343.4247820680257
-1342.8938207298759
-1342.1980796496737
-1347.7480958347658
-1347.0385167420363
-1352.803284142134
-1352.2575983480403
-1351.5206652657068
-1357.0990549682062
-1356.5219553505265
-1356.0272777723496
-1355.3043607052477
-1360.8572746744776
-1360.3025086406044
-1359.772153202194
-1359.0352514825765
-1364.6016915350742
-1364.0577889075093
-1363.4860856265796
-1369.069294074132
-1368.3247701328758
-1367.5884089676717
-1373.3131481732287
-1372.7986712537054
-1372.0397067933666
-1371.3053532965966
-1377.020783270885
-1376.4857193560956
-1375.7352153014324
-1375.0029908803601
-1380.7134156131874
-1380.1723063025902
-1379.4224564338233
-1378.719595054431
-1384.39672357126
-1383.8593541714483
-1383.094777686981
-1382.3517867998291
-1388.0510153265861
-1387.5184940888632
-1393.0304790543128
-1392.3085485609095
-1391.7336832064386
-1391.161484265889
-1396.6868593394731
-1396.1116771283346
-1395.5515748909465
-1394.790098550859
-1400.3112628387953
-1399.7334430225005
-1399.1941074344138
-1398.4144336554918
-1403.9471340977773
-1403.3543633202853
-1409.0868062189234
-1408.2880566655974
-1407.5381034082536
-1406.9312854384825
-1412.681262387508
-1411.889075134594
-1411.335017651784
-1410.7363884988727
-1416.2538096991887
-1415.4310476851379
-1414.9088191539718
-1414.28907259344
-1419.8378971035738
-1425.2895286240816
-1424.770608484746
-1424.1435529705877
-1423.3829671043975
-1422.7700660897044
-1428.4746451041897
-1427.6630746130145
-1426.9262196237196
-1432.6017226085612
-1432.0048777977295
-1431.2251993921197
-1430.661084822109
-1436.338759202151
-1435.5610645472882
-1434.737580354671
-1440.4351234137769
-1439.8456204432202
-1439.0678986301436
-1438.462046435964
-1444.142547737732
-1443.335491291135
-1448.81572626702
-1448.207603181392
-1447.6174451214413
-1446.8378357772635
-1446.2214731059807
-1451.9166311002489
-1451.0920947292677
-1450.2878051458233
-1455.9698442751892
-1455.369996780746
-1460.8246899271123
-1460.2593831935837
-1459.6166871095113
-1458.8125845739653
-1464.4692742888162
-1463.8644668195705
-1463.0348742105455
-1462.2472127591645
-1467.8848301384953
-1467.3057948257613
-1466.456895570867
-1465.8560315001957
-1471.5022099316368
-1470.7123123100255
-1476.3484004050483
-1475.769789100146
-1474.909746517081
-1474.2972718980247
-1479.943553193053
-1479.147664422619
-1478.2892111728333
-1477.6909736239747
-1483.3161728638556
-1482.5092185418498
-1481.871974519048
-1487.5499489208707
-1486.6788485220152
-1486.0810547645312
-1491.7045033649893
-1490.882730521109
-1490.2517255370767
-1495.914418181125
-1495.0415170773813
-1494.4339134596817
-1493.7600836649278
-1499.2313811669765
-1498.5971624837737
-1497.9612074169434
-1497.074173196043
-1502.513736885349
-1501.8622670348234
-1501.249562659693
-1500.3744903803438
-1506.057276922934
-1505.3468898442763
-1504.5038187956272
-1510.108427224254
-1509.5051524830044
-1514.9081183222195
-1514.2677931361764
-1513.591910907652
-1512.7397880245435
-1518.3311435626747
-1517.7214366566343
-1516.846960390972
-1516.2158669027212
-1515.5183902064816
-1520.9228304790083
-1526.5432357799343
-1525.90127338395
-1525.0304952463173
-1524.3772982406997
-1529.9803889453171
-1529.0953895677135
-1528.440714906909
-1527.7736561200895
-1533.3990217691228
-1532.737267879679
-1531.8325611286132
-1537.4342572139767
-1536.7685485512018
-1535.8823057536702
-1541.534134881601
-1540.8178201854346
-1539.9249090245662
-1545.5253186530742
-1544.8477843038609
-1547.272421690637
-1549.562665611231
-1548.879716217256
-1547.9696186563808
-1547.2862330142
-1552.8937840498952
-1551.9880968669552
-1551.3105829594476
-1556.9007386730962
-1555.9824747051568
-1561.5692853073424
-1560.9041255336658
-1560.2253754318806
-1559.5447616986937
-1564.8748980187013
-1564.2025544432474
-1563.4897104024096
-1562.612515249048
-1568.171832359054
-1567.4912183544745
-1572.802949503727
-1572.1388383622023
-1571.4340465148268
-1577.0526854113562
-1576.3133259663807
-1575.397420350975
-1574.6711986623134
-1580.2566987737132
-1579.3208745796508
-1578.6412269971743
-1584.2270148976058
-1583.25143493019
-1588.851450966106
-1588.1483471794788
-1587.4571985215346
-1586.7617908876957
-1592.0819308933728
-1591.3542770771191
-1590.6319219463599
-1589.702200412721
-1595.314559019785
-1600.8570233708067
-1600.1356450613027
-1599.4632296303223
-1598.5231670680068
-1604.03976523747
-1603.3515096650065
-1602.403827342913
-1607.9658607652048
-1607.225680915972
-1606.547210623791
-1605.8342714702803
-1611.1686123727884
-1610.3667346976029
-1609.7089297813275
-1615.248957318603
-1614.5875213082597
-1619.8368254215027
-1619.1135023660993
-1618.3676770947875
-1617.411515586779
-1622.9860686019188
-1622.2615661535121
-1621.52086526537
-1620.7770612169838
-1626.1765431908534
-1631.6557959642062
-1630.9644016250024
-1630.226826150962
-1629.5288776357015
-1634.7763282687642
-1634.0633315873702
-1633.3367971079663
-1632.6324625918378
-1638.1628890326126
-1637.175512057068
-1636.4180018366742
-1641.9990118226206
-1641.2441565681875
-1646.7664709095063
-1645.7832143026822
-1645.056025252192
-1644.3264640370787
-1649.8172420470805
-1649.1167428134977
-1648.1185625389423
-1647.3806576559289
-1652.9136777830163
-1658.438566479954
-1657.6987901631294
-1656.7353373198089
-1655.9454235059352
-1661.4952883311028
-1660.6759192705558
-1660.0313171014855
-1659.003528912035
-1664.5242317799566
-1663.7796924587212
-1663.0051454074505
-1662.272274703684
-1667.4986366499934
-1666.7851125053173
-1666.0169079347804
-1671.5405682570783
-1670.8067443701161
-1676.338208953898
-1675.562597533919
-1674.5584034671738
-1680.073679843903
-1679.3402370535598
-1678.5310416598952
-1677.8077545808276
-1683.0503067034701
-1682.2967056270777
-1681.526382546578
-1680.7494107226773
-1686.2933519819026
-1691.806944100551
-1691.0196792539386
-1690.0075335687204
-1689.2643229192838
-1694.7623115704087
-1693.993954753741
-1693.204117499401
-1692.447913849788
-1697.9407016819648
-1703.1961351812633
-1702.4034964879618
-1701.6571648650304
-1700.8539276210872
-1706.3793863519618
-1705.589910160933
-1704.836707914788
-1710.0706308327854
-1709.2782422718622
-1708.4961651892154
-1707.6942147140428
-1713.2167467819884
-1718.7207532110235
-1717.939121719422
-1716.8659558191616
-1716.1314127653236
-1721.5951426215865
-1720.842114554564
-1719.9974868603535
-1725.5313751137019
-1724.715358658584
-1723.6640150713765
-1722.8945259045702
-1728.360602252618
-1727.5843931539728
-1733.0352799224272
-1732.264246089751
-1731.448209255533
-1736.9674346449665
-1736.1244633024337
-1735.0495730992566
-1734.2376430015704
-1739.7424683718737
-1738.9758568664806
-1738.140399840741
-1743.6225609038343
-1742.7768693102282
-1748.2997070347574
-1747.4589878063978
-1746.6591354214906
-1745.846725560963
-1751.026954314649
-1750.1999192297424
-1749.3979890517537
-1754.8549313932176
-1754.0631998504866
-1753.2345410428625
-1758.696585474667
-1757.8903008664086
-1763.3600637435432
-1762.5248447039494
-1761.6909747244445
-1760.614351675372
-1766.0790956891328
-1765.2520169215984
-1764.4273635671539
-1769.8387157043353
-1769.0145137220998
-1774.481840988052
-1773.6280617841553
-1772.825265721558
-1778.2694457550358
-1777.4046489377276
-1776.339716822591
-1775.421393606593
-1780.9082024260917
-1780.0313966900835
-1785.4607667426237
-1784.6296632649976
-1790.0851472013535
-1789.216802733109
-1788.3551287129594
-1787.5331910565576
-1792.9642805822075
-1792.099910855141
-1791.2618485910677
-1796.6948449830968
-1795.8115793247234
-1801.2238335004192
-1800.4077838675862
-1799.2206412376165
-1804.661249873989
-1803.8026315133216
-1803.0116185652669
-1802.035219102344
-1807.4644976035086
-1806.602689851614
-1811.9657394648646
-1811.095331473712
-1810.2277978270804
-1815.6692262128877
-1814.724181733894
-1814.0004313457484
-1812.9505352673439
-1818.421615216394
-1817.479606501008
-1822.8817526906182
-1822.0089123746263
-1821.3273104446203
-1826.486122046169
-1825.6305241076413
-1824.7218645450585
-1830.1091337008681
-1829.1865848290943
-1828.2576174752298
-1827.0559606949416
-1832.4357442264502
-1837.8290025835493
-1836.926042407553
-1835.9708683950619
-1841.3487188220067
-1840.4057700227168
-1839.5076797486622
-1838.5979734329885
-1843.9314174027786
-1843.0260522947444
-1842.0685255322066
-1847.4597280857704
-1846.492382275292
-1851.8897548921736
-1851.022036782731
-1850.006428880096
-1855.3942772149085
-1854.4246298118567
-1853.5106756185723
-1852.5439329086776
-1857.9097680616253
-1863.2358075408833
-1862.3048561861572
-1861.3659939622657
-1866.6675932049495
-1865.775314757039
-1864.797294513835
-1870.147860908001
-1869.1436120689068
-1874.038406585655
-1873.6256174019968
-1872.6742805632875
-1871.7270063660783
-1877.053244071395
-1876.096908175344
-1881.445706250427
-1880.4958662030713
-1885.3488803431728
-1884.8798461438455
-1883.9459699995562
-1882.9703892965788
-1888.3103281639746
-1887.3019665701881
-1886.404476215204
-1891.6867965432668
-1896.1635810026496
-1896.063899058058
-1895.156955063593
-1894.2297473363226
-1899.835644474545
-1898.9107548937116
-1897.9304849604925
-1903.2596412715843
-1902.2757526590156
-1907.6300530254528
-1906.7089700922265
-1905.7253126756648
-1911.083231941596
-1910.098326295881
-1909.149810381249
-1914.491487142087
-1913.4741142142245
-1912.569633172907
-1911.5962292979232
-1916.8580898389246
-1922.2153906499962
-1918.6629830435795
-1920.3858154446636
-1919.388578968666
-1924.6947794017387
-1923.7589153300842
-1922.8025891967561
-1928.1344313721097
-1927.1092938404886
-1932.8056642833753
-1931.8413400799393
-1930.9035359740096
-1936.2020209746083
-1935.2299098419373
-1934.2810665412605
-1939.596695373994
-1938.4699812668766
-1943.894338302521
-1942.9858631850814
-1942.0054172398056
-1943.7251193707223
-1946.3307454634921
-1945.3357367276064
-1944.4221274994266
-1950.0422060482551
-1949.0922918596227
-1954.3094655058685
-1953.324697858102
-1958.708434829334
-1957.7223686913903
-1956.733387790452
-1955.779166279953
-1961.1162386863903
-1960.07733898725
-1959.1809146751525
-1964.4304676816491
-1963.4870913410084
-1969.1342911430413
-1968.1447499942967
-1967.2053406013376
-1972.4377527994532
-1971.4726970641445
-1970.5135543994497
-1975.8376218610017
-1974.8489760917118
-1980.1445399014585
-1979.1818454170084
-1978.1945427123621
-1983.8258972546423
-1982.814896518314
-1981.831562975371
-1987.1528408977326
-1986.142474458411
-1985.1689513391361
-1990.4521427332131
-1989.4659759460817
-1994.774238315506
-1993.7742672995914
-1992.7901524529245
-1998.3808899058722
-1997.4048308406884
-1996.4089568114243
-1995.4321807311535
-2000.7114289571198
-2005.987781167226
-2005.004497298591
-2003.9941602922856
-2002.9812800861355
-2008.6029587849903
-2007.5956911003302
-2006.598717122536
-2011.8754059107516
-2010.8748427398339
-2016.1292035452989
-2015.1209735175837
-2020.4040522697726
-2019.3864967761376
-2018.728142365244
-2017.7187864344392
-2022.983762995183
-2021.9585153357928
-2020.9262435407109
-2026.2157303980823
-2025.1923677113955
-2030.8004297351474
-2029.7666533932643
-2028.7562396485343
-2034.031494950155
-2032.959166341676
-2031.9613544184742
-2037.2158878261698
-2042.4784375877518
-2041.4555733712452
-2040.747227439428
-2039.7827183012137
-2044.9865859214228
-2043.963792020133
-2042.9238370997882
-2048.1592278149897
-2053.4241809806267
-2052.707394183186
-2051.689828758463
-2050.644933685581
-2055.881546248266
-2054.837992483648
-2054.1213682060766
-2053.0933269700554
-2058.3335807094268
-2063.5778141486403
-2062.545341057242
-2061.5193300082997
-2066.7089181765564
-2066.0042470023877
-2064.9343623683267
-2070.193170235146
-2069.1314868256
-2074.352127390738
-2073.279325651133
-2072.2198196551817
-2077.785667320332
-2076.726866171095
-2075.675358570627
-2080.899088182416
-2079.851694254947
-2085.3964780917563
-2084.3223859721816
-2083.261390454298
-2088.4736847043973
-2087.3997398461
-2086.307164126707
-2091.492159747856
-2090.8093808781855
-2096.0117931308473
-2094.9719311870385
-2100.1672735630036
-2099.079665390051
-2098.347948542755
-2097.25059584659
-2102.455614719975
-2101.366146145693
-2100.2621750643534
-2105.828055903775
-2111.022411742375
-2109.9575650961806
-2108.85054938563
-2107.769749087841
-2113.338517529899
-2112.201960881505
-2111.1565572479913
-2116.314336292373
-2121.4510071613713
-2120.3848317936727
-2119.262194206527
-2124.832270195397
-2123.724878378855
-2122.6134965630217
-2127.7974618972603
-2126.697671908282
-2132.2364621475645
-2131.144672722889
-2130.0153851632313
-2135.1898383914654
-2134.0803083085866
-2139.608002657353
-2138.488758391718
-2137.377558981691
-2142.9045226883377
-2141.8024060454886
-2140.677129282544
-2145.821650770807
-2144.705046925529
-2150.2287480652326
-2149.102993266769
-2154.2850408647623
-2153.144346707577
-2152.028084762322
-2157.555422565232
-2156.413851746616
-2155.3079803358637
-2160.431817600479
-2159.265565441734
-2164.8367449893117
-2163.668295437371
-2162.5781273470548
-2167.724285222988
-2166.5741088481896
-2167.2416628307506
-2170.9414487782433
-2169.7894218229085
-2175.3461859955296
-2174.183288312623
-2173.0653121141313
-2178.1731966211455
-2177.0178436931474
-2182.5561437878414
-2181.3864366356734
-2180.2546622277555
-2185.394211847132
-2184.2299074280163
-2189.7784087257032
-2188.59498963156
-2187.4536108415064
-2192.9584949445307
-2191.7903022993482
-2196.9208899498735
-2195.744404103062
-2194.574187768048
-2200.110666116204
-2198.9257752442395
-2197.7812973156947
-2203.2670686277484
-2202.111254323937
-2207.2322235488564
-2206.065004708604
-2204.896624797723
-2210.394022771364
-2209.2225699293567
-2208.0693264805936
-2213.5462709238677
-2218.663417470923
-2217.481684727594
-2216.28735524375
-2215.125060028533
-2220.605463381719
-2219.439863089441
-2224.551448666701
-2223.725922165545
-2228.852361942591
-2227.648993249695
-2226.474631955636
-2231.591912382991
-2230.7743259456124
-2229.6186344144376
-2234.698846235599
-2233.879683376333
-2238.9895324406475
-2237.7845864916508
-2236.9746288870483
-2242.069887464404
-2240.842521729997
-2239.6422931862185
-2244.730078178883
-2243.9112399594246
-2249.002299942192
-2247.789327480441
-2246.9847798133737
-2252.0721698931184
-2250.8414107836834
-2256.347371221838
-2255.167723297209
-2260.220554181067
-2259.418508020572
-2258.2051240105307
-2263.2759361760845
-2262.0670628840007
-2260.839207318475
-2266.3063609424644
-2271.360961705523
-2270.119069825046
-2269.311462663575
-2274.356660065862
-2273.1284500414777
-2272.3082275913243
-2277.3618879432074
-2276.14724640606
-2281.5958505317103
-2280.3618488807188
-2279.1422635037443
-2284.589477156319
-2283.370357333415
-2288.4219595603117
-2287.1914290971313
-2292.238041701141
-2291.401875716564
-2290.1804236743383
-2295.248203581893
-2294.409130757476
-2298.8501070002435
-2298.2329806710345
-2297.400630906427
-2301.881541242878
-2301.1802772389474
-2300.3694768661103
-2305.4267341360546
-2310.445391723643
-2309.638140303545
-2308.3685410048383
-2313.381312975439
-2312.591286775885
-2311.269354570096
-2316.353650574302
-2315.4655755101107
-2319.44462769955
-2319.2617734241767
-2318.4394934802895
-2323.397085745203
-2322.212626037855
-2321.305616467375
-2326.394283955041
-2331.419622447127
-2330.553488379265
-2329.3027574322437
-2334.356689075443
-2333.4894764635133
-2332.2728043113652
-2337.2962538278484
-2336.4246980744865
-2341.3482364999927
-2340.1352591005916
-2339.341389745304
-2344.476628152775
-2343.2024700227817
-2348.716013138369
-2347.4374189290356
-2352.5078444469864
-2351.6930281952777
-2350.365225186691
-2355.434028385716
-2354.5764551424572
-2353.32231738885
-2358.31751339947
-2363.7191182010174
-2362.470847054591
-2361.0106631814633
-2360.2426833482214
-2365.317546892799
-2364.08284379559
-2369.4947697972643
-2368.269259583273
-2373.308251303359
-2372.3677216837086
-2371.211596866449
-2376.273969486214
-2375.311727501859
-2380.3317178882803
-2379.1754824561194
-2379.950608863543
-2383.30972920046
-2381.9686868535214
-2381.231865586644
-2386.311308355873
-2391.2761616126418
-2390.533039617262
-2389.6129352200196
-2394.8009242042453
-2393.568646046405
-2392.6358519288724
-2397.7627515062018
-2396.553661180072
-2400.681121318122
-2400.7475046655645
-2405.650273219662
-2404.8651662742113
-2403.7879389172726
-2402.507401433378
-2408.098274612358
-2413.166734237827
-2411.736806235934
-2411.3803136507004
-2416.289085597569
-2415.178213510773
-2414.398047477205
-2419.4946946071077
-2418.7612794335128
-2422.1316019386104
-2422.075615846629
-2427.956744564237
-2426.7701732744827
-2425.846683503512
-2424.8238155993263
-2430.0932989291164
-2431.5590822248355
-2433.8527218853887
-2433.1341339561322
-2438.44176142267
-2437.784749470719
-2437.229749493798
-2441.6156195701096
-2442.759498620473
-2444.587702780244
-2443.955264535648
-2450.251712956434
-2448.6537784117163
-2448.094373566946
-2450.594765499203
-2452.79471777627
-2453.6106006466975
-2454.979191742147
-2455.5589906517644
-2461.066306188696
-2459.3818045024623
-2458.8381078286707
-2464.602183083365
-2463.7893146076312
-2462.9581614361796
-2466.7439557777366
-2473.3845513964206
-2472.0695780383053
-2471.1913162445426
-2471.4107476465633
-2476.167070417161
-2475.162013503969
-2475.4047117553
-2478.777327153306
-2480.1987596821477
-2480.9996191914693
-2481.8333952714097
-2486.767532875265
-2486.225882525885
-2485.6559127922937
-2489.293886545137
-2490.771533169265
-2491.6643521173505
-2491.623319892338
-2494.2331503689998
-2498.314315676543
-2497.9652859244675
-2497.2233630059127
-2503.2551001903444
-2502.131983765436
-2502.5952200132997
-2503.9034760023005
-2510.1831525067637
-2510.999827481826
-2509.8238450591416
-2510.036553552499
-2515.134287330088
-2513.893527180135
-2513.75233016102
-2518.792276520397
-2518.4087581530353
-2518.263204670869
-2520.871964834558
-2523.0956107527136
-2527.093937982282
-2525.025029188056
-2527.130584677626
-2530.9254987221843
-2530.128540748462
-2529.6326483260973
-2535.0469050251118
-2535.42470925784
-2535.858705667858
-2536.3176477921147
-2541.603830213023
-2541.2057188943713
-2541.165184237758
-2544.040715853119
-2546.0667155038363
-2545.8223935694
-2547.3867182027466
-2550.289982317535
-2552.8214749555937
-2552.1751122517335
-2552.9622534572636
-2558.569486410492
-2557.6267139929937
-2556.963955197594
-2559.1017255682036
-2562.459748571815
-2562.767972052825
-2561.579984780568
-2567.0793709115633
-2567.446175247576
-2568.066863936443
-2569.19227935648
-2575.823804644933
-2574.010583561004
-2574.33350357001
-2574.195884215065
-2579.2132845481474
-2579.2976775673837
-2579.765282116163
-2583.940753283371
-2584.135451014438
-2585.1368642310217
-2586.4235743639797
-2590.2858588196264
-2591.704755517052
-2591.0921791052824
-2592.019086797353
-2596.4420664378854
-2595.8688811818215
-2596.4507617576865
-2599.3430162368613
-2600.6815149648746
-2599.962166889547
-2602.4461458318747
-2605.0208052601015
-2608.436934223027
-2607.8301813023227
-2608.0876329252546
-2613.65953290966
-2613.0387923496955
-2611.938695930275
-2618.129029167231
-2617.482518320007
-2617.716609098021
-2618.8096626146685
-2622.65736090442
