-0.741409850055205
-0.46191494062386335
1.1310507980211006
0.035369536879353555
-0.004255289572821833
0.24919966821530978
0.49710348401203563
0.3810085110731115
-0.01698926042306801
-0.045586188499626035
-0.025851678083133708
-0.05357333970420805
-0.2648942576499222
-1.1572767918476123
-1.348684131343185
-1.5916573456723047
-0.5621858695004298
-0.4300045068665438
0.1682593090718124
0.25191399334416986
-0.11577991858246793
-0.24433227340598515
-0.05900510097946275
-0.13813471972520033
-0.7819635623449313
-1.1227701537165915
-2.1082735333244
-2.3162460518209205
-2.2785733652629925
-1.1474518089589043
-1.1314146627525725
-0.3758541926335563
-0.23950647993934276
-0.6209064651393734
-0.4604058296826643
-0.4642115749620452
-0.3693939023075047
-2.422724281532997
-2.2428476903383068
-2.296192373090861
-2.5245823956713505
-2.5256437799893416
-2.352087134679488
-2.2677001344477605
-1.6748725123126251
-1.419435447657865
-0.6885495360276692
-0.8280404393989409
-1.4527701375434958
-1.9310232161850116
-2.0345593962495374
-1.9416258848562387
-1.9136182357249094
-2.485890870820153
-2.4637184703680624
-2.413779515206588
-2.1189605041863135
-2.191772452883722
-2.1870499575070244
-2.3914612801850352
-2.443028823270746
-2.5605304325382776
-2.5269533751299535
-2.1614587836084262
-2.1878822192317915
-2.377204305897964
-2.449785603393526
-2.2967763471168454
-2.209005760520842
-2.379414577787467
-2.640852172271171
-2.55766523811979
-2.4059875700760176
-2.4063449662976737
-2.6881082198207076
-2.6939889604944933
-1.9890975284170613
-2.3963065970617827
-2.589647217033274
-2.6818596549904172
-2.5703418414915475
-2.483674010044869
-2.676563790972999
-2.8140555568363097
-2.826132288576509
-2.7103634490211364
-2.6873506310961996
-2.7800829823618503
-2.7920733090417076
-2.769318395959864
-2.8108914829317078
-2.902589034548824
-2.814065980530061
-2.8662139620261193
-2.864273175064747
-2.9117330305081666
-2.883622970854257
-2.778430798134876
-2.8200436751643903
-2.9188015980298645
-2.902895916393267
-2.85818619532697
-2.8000546090280443
-2.9493331225444837
-3.1744136362855144
-2.943459182395478
-2.8561845636402867
-3.0971592965913777
-3.101616146229873
-3.0638891910562682
-3.0034791100708396
-2.9809182625591704
-3.0567820756242168
-3.2394306896603586
-3.2850211253680057
-3.3196578893811277
-3.2287794494914355
-3.2648335028173965
-3.3085982816340356
-3.365110081068754
-3.5376350692220693
-3.313642212836254
-3.298973819890468
-3.3236809768914424
-3.3730734892604692
-3.3844163771629483
-3.3489059005780843
-3.55271063165025
-3.6065462183836865
-3.5069663256926322
-3.49037969568971
-3.6578468255783863
-3.4977216735215895
-3.769729879605252
-3.740626354417955
-3.6679342643615365
-3.6770366372917236
-3.789138043616218
-3.8862369982432106
-3.9214815015255904
-3.980517522426925
-3.6831264129290915
-3.737530873636132
-3.7466127661932718
-4.190341957675107
-3.7081773967500062
-4.004782237513989
-3.98499968652519
-3.826501614777754
-3.909613570548058
-3.9324135838665804
-4.472038527066402
-3.953602535764005
-4.243049941318189
-4.228436018242112
-4.237513965709558
-4.028362719152971
-4.145205147318333
-4.176346982248852
-4.139402152766475
-4.944448587791467
-4.231640378326901
-4.323639386196585
-4.321689579279869
-4.310788067673729
-4.342400402661506
-4.430189182274584
-10.678705820967714
-10.633080817657996
-4.502814161099176
-4.547284406015364
-4.514861369859424
-4.44158150523067
-4.517817484586282
-4.641277636438838
-4.708010231541333
-4.674492615948089
-4.586821564780304
-4.706908961524129
-4.794891277245502
-4.745666848170693
-9.197124319109989
-10.37599559721973
-10.06302322711113
-8.589166487238264
-4.867618756357334
-4.959605678707467
-5.073667469474422
-11.368488259098255
-11.309570496688169
-11.419882726928865
-11.021254022507863
-5.227158951633504
-5.086622875739111
-5.218053214634537
-11.678253754794726
-11.716260539893732
-11.569379562354367
-11.573465450040572
-5.522795422765101
-5.67299745076595
-5.577253087704489
-5.477662141745392
-5.595635739544636
-10.762021843812924
-11.984009112936528
-11.860484204545985
-11.921573574384643
-12.08074417481926
-11.372985499822619
-11.891477757447014
-11.962898441991367
-11.413607458623725
-12.186928059148277
-11.760725050223243
-12.251354989185659
-12.429104831467313
-12.518609726594054
-12.676498676650956
-12.719473925546076
-12.910214027135966
-12.977569630730548
-12.510602917688706
-12.491170361834833
-12.60729504126061
-12.79352283984989
-12.887103925773948
-12.956480145459652
-13.123294213770455
-13.340091372352424
-13.278884524723525
-13.023308293286835
-12.810970407384596
-12.652980874059363
-12.602744762613789
-12.757717281675527
-12.862826214348607
-13.125401587545703
-13.695956492339974
-13.59709890753541
-13.899545090107194
-14.41909560089114
-15.131772037530682
-16.095377227348806
-17.38405568377117
-18.046902213585838
-12.227214846445817
-12.701918669941842
-13.098237346718445
-13.42559248303519
-13.792017410296005
-14.230446033858405
-14.99426340957121
-15.564609776687934
-15.955020965527332
-16.52856579151491
-10.979393019067624
-11.986699368326548
-12.563052100144814
-12.95034277091059
-13.3995577700911
-13.886619665282424
-14.36336891575211
-14.77667663047987
-15.166632008608431
-15.567576663397222
-15.959850818831177
-16.5313459225635
-17.61692652736762
-19.09661594998426
-19.87461306447982
-20.39992903014472
-20.640117693555286
-20.370000957044464
-19.895207920939644
-19.80821365688873
-20.04623477112118
-20.402496364897118
-20.791719556095238
-21.161583501900996
-21.516858492801827
-21.888929203464652
-22.34664775622587
-22.980266372312702
-23.68659492777226
-24.225602936889178
-18.63463033819342
-19.80307650682259
-20.67824903198573
-21.085355438385243
-21.392101719223046
-21.435626779894516
-21.23193643478105
-21.05834167057639
-20.946525163755336
-21.239818660204136
-21.64511313302046
-22.076665660300897
-22.550132854913674
-22.927371210639365
-23.35675683616696
-23.774059906770884
-24.20934505300607
-18.312894375817887
-21.495298621801503
-22.464101766914975
-22.575805860200788
-23.674302157511775
-25.19552508947601
-20.74877385187172
-20.653223880465216
-21.212960203029493
-21.71292618184506
-22.23055332819963
-22.754200591516707
-23.144361976525232
-23.39647242998612
-23.460793773011957
-23.330956604213238
-23.265757383020382
-23.34151517702041
-23.58480367779239
-24.009363503824538
-24.566913316084083
-25.145724238314692
-25.658047292836496
-26.28247600421232
-27.14376725391448
-28.23560979828348
-28.890004609856852
-29.263990531034924
-29.79981749187062
-29.096578577059155
-28.626713084714595
-28.940055945266373
-29.32927432920505
-29.704367187471686
-30.042056804880808
-30.396946977386616
-30.78963628297553
-31.105103256779522
-30.987522247132286
-30.723509682292285
-30.909276489559687
-31.318641205392524
-31.718556560950113
-32.0975860799023
-32.55163140941523
-32.81053794787119
-30.26721769714667
-30.10480676806578
-30.67570559315166
-32.100539344580476
-33.85551158971367
-30.295447314740922
-29.127305980652622
-29.320370737596377
-29.806192501690205
-30.419251637518617
-30.92916661179537
-31.216177288135352
-31.36731134733391
-31.270818416226263
-31.312769147975526
-31.442329491569936
-31.683033423680335
-32.0225459667073
-32.32794283679132
-32.78086697560291
-33.19545216388695
-33.380439678253424
-33.08364984308655
-33.07308822882713
-33.40742040464046
-33.79552946571377
-34.21414940494252
-34.60912254995164
-35.27967461231331
-35.96371736444893
-36.2449728956859
-34.95028592941759
-34.702149918564984
-36.33303507732958
-36.70553544034746
-37.197172845670266
-37.6873902120456
-38.082865753477506
-38.43524240770544
-38.755487269881186
-38.25571435053766
-38.34243715120643
-38.45511122108208
-38.74354375462325
-39.188060171026066
-39.83134601034629
-40.27412364339852
-40.64174077132055
-40.74936565957087
-40.034563268575575
-40.25684904301248
-40.78929892933239
-41.04865310891406
-41.379610649341906
-41.93359060057755
-42.54553773299551
-42.66889096321742
-42.228650803627644
-42.182924019293615
-42.640008843108646
-43.215877995299614
-43.5928182526369
-44.010365966478446
-44.48783131661261
-44.63877187082113
-44.44103516047084
-44.3787447075355
-44.64967668378948
-45.06071356724351
-45.485294680940825
-45.961993712193724
-46.39245960945706
-46.64897717635126
-46.62137482115823
-46.534830580071926
-46.542713654746514
-46.804053996454705
-47.14984660418332
-47.54790621155124
-47.992014244424084
-48.53624701197947
-48.242924644722486
-48.07658520988521
-48.2398276393227
-48.66049952745334
-49.163641510705475
-49.59352181948733
-49.933200202158694
-50.133241407076405
-49.88262891106272
-49.89417515916836
-50.08370449808332
-50.48665446576734
-50.94955726861481
-51.51017366642857
-51.911734487109456
-52.00300460684277
-51.87557861489037
-52.056721270841635
-52.17445676700875
-52.463309363534556
-52.775916970959706
-53.09489846757288
-53.316614000650276
-53.28963245118799
-53.17382323452333
-53.270931215551904
-53.52094357326578
-53.902043741003915
-54.350830677577726
-54.68106695852803
-54.788226330650694
-54.617517585197966
-54.59137071425675
-54.88211035300339
-55.21119218642378
-55.53731450774968
-55.84238678982969
-55.91208090924347
-55.74102529800448
-55.695481432822206
-55.96454157775758
-56.40643573905982
-56.92537863347831
-57.454660480571
-57.852206859057695
-56.115344512871104
-57.304479545558465
-57.76208069262857
-58.25706961133515
-58.617602080264774
-58.96831165714861
-59.36038769779649
-57.862352825716684
-58.13376773661192
-58.548421293969604
-59.455295069714396
-60.03798489225268
-59.523245357822205
-59.533248001946546
-60.83885312070753
-59.793395900287
-60.78080763426072
-60.95949746105936
-61.274660915419545
-61.59825716879526
-61.79084231110302
-61.659654909021455
-61.583225514396446
-61.70908269822623
-61.94801820394199
-62.177162854720116
-62.434205834383064
-62.6105898041963
-62.578871858646956
-62.46992872724238
-62.7030889418851
-63.10197752487896
-63.49314071167636
-63.7552689116601
-63.71655574340131
-63.60966900589349
-63.72420094128927
-63.90807268630859
-64.24545697085439
-64.4799766508682
-64.5644896380082
-64.35235396589063
-64.330447011811
-64.56406566280727
-64.8910050533682
-65.27672729517839
-65.49076589444995
-65.52801873579824
-65.32787151550787
-65.43571691141341
-65.75790636914928
-66.49345985276703
-66.96175795930372
-67.19429763398695
-73.18291289607053
-73.10802029367775
-73.36805269375954
-73.67757681899695
-73.90347964794691
-74.08340569578758
-74.09750042180215
-73.83399290778836
-73.94026415358232
-74.28434001395304
-74.77301356971444
-75.37440220501745
-75.68722872413905
-75.39309848592737
-75.37722110143716
-75.64306607924618
-75.94717127569265
-76.19260570528799
-76.35384117841727
-76.31608358477563
-76.19409956369293
-76.29538667362111
-76.54864503990714
-76.78875284845223
-76.90097657818947
-76.80204286980327
-76.76236829040612
-76.91114006264309
-77.1353355408646
-77.40545228969857
-77.6853437066363
-77.78297337240102
-77.65088946453429
-77.72826903057518
-78.03008940237882
-78.36660158825134
-78.5642372107181
-78.50493260014156
-78.3951642540956
-78.4791707098877
-78.66159086254747
-78.8255223712635
-78.90075239472223
-78.82410561495925
-78.76966979282938
-78.92276798681831
-79.15432253788502
-79.40195533493731
-80.9293357594392
-85.83568952628025
-85.85021737144065
-86.03444130729443
-86.20695782932519
-86.56789046873394
-86.71285142437183
-86.64258542632571
-86.55366603041337
-86.70928934985878
-87.00406241935359
-87.26490603777492
-87.36348663164856
-87.24882858576497
-87.19700326107198
-87.36740153954557
-87.66524537749851
-87.94095070686613
-87.99976734578877
-87.6967543688336
-87.6760166852402
-87.99919185707131
-88.423592030824
-88.60251710816938
-88.5903484476522
-88.35801920075971
-88.51828731696102
-88.83068607334538
-89.14844874514218
-89.33604105715406
-89.21971052650214
-88.91342038457131
-89.12460059678948
-89.47042611811746
-89.92267158431476
-90.3891774831918
-90.3400768082632
-89.84798792987293
-90.15952618009649
-90.64745745241763
-91.11777480577133
-91.26271829823473
-97.2822248589883
-97.22266628853865
-97.44179504521777
-97.72796311804285
-97.94209403087645
-97.9596430976061
-97.78211089453313
-97.78516083110068
-98.01696912605468
-98.29373853699977
-98.48839880815177
-98.45882450363285
-98.43120624836473
-98.59155008131869
-98.85534184017845
-99.14889011405121
-99.33323745611845
-99.27179289388019
-99.15902243384217
-99.26039977885833
-99.50419050653241
-99.71184843802794
-99.69090696120506
-99.57468835074735
-99.6503629162709
-99.88402634076452
-100.10376075072746
-100.17635078543569
-100.09248835626039
-100.07859945304125
-100.25208210746123
-100.48713945764113
-100.68678512405907
-106.89852354453177
-106.83892420778842
-106.98509605560382
-107.16938929581161
-107.27690717048678
-107.24197346263006
-107.20632776449743
-107.2667918697668
-107.42315632915208
-107.55242844898605
-107.63604944648611
-107.64467700333763
-107.60391857531971
-107.69918878709016
-107.89955747672659
-108.04254585783534
-108.03894425673091
-107.99575744693394
-108.07578367810974
-108.24567408307632
-108.40290374831929
-108.42162609314465
-108.31562771784162
-108.3103476804704
-108.48504790519797
-108.70091468397642
-108.7532399730934
-108.60973975653991
-114.90411071476106
-115.01810726470006
-115.1949258813311
-115.22486068798547
-115.14711857587788
-115.14353758614321
-115.26538082703934
-115.42090848262714
-115.50699586820024
-115.44516548833772
-115.39198012822101
-115.55287420106829
-115.7739215583408
-115.88574334756726
-115.79435141511604
-115.73944378372413
-115.86696364006777
-116.02018963472656
-116.06407197827147
-116.01830297804327
-116.03063508020509
-116.12703507779533
-116.23042099049752
-116.30266008549138
-116.28897967192951
-122.54003788639596
-122.63164749926412
-122.74808993770795
-122.899533018686
-122.9309341469053
-122.85037100085748
-122.92356217601572
-123.13556556640896
-123.22912546037024
-123.22379460493693
-123.1836151752823
-123.22036034246109
-123.32407701800506
-123.4132378818549
-123.4064608192797
-123.35915125690066
-123.38539702635833
-123.51504900948287
-123.66128229671132
-123.69466842090876
-129.90578693670585
-129.9234269976857
-130.0853206096325
-130.2612495083002
-130.35884087179835
-130.22969158144323
-136.55043066717715
-136.68418830498473
-136.77534434487947
-136.76327449886895
-136.67510862677483
-136.72648153234553
-136.8868431462874
-136.99930281177478
-136.90016222805696
-136.84249480151124
-136.9335812333967
-137.0741316460702
-137.174483370901
-137.18984643890286
-137.17241695243203
-137.22109910475723
-137.3422016925743
-137.45579130539187
-137.4582566802076
-137.39133860843697
-137.45396192002005
-137.6102027440449
-143.9350395152004
-143.86563793665005
-143.85239436605735
-143.95473209183695
-144.0677811876827
-144.09050170958707
-144.05643733357627
-144.04170719755058
-144.1327538039816
-144.2646263500241
-144.3512242956309
-144.3478524807054
-144.33312965744346
-144.42082745621235
-144.52325356795473
-144.54534019201463
-144.5068928690488
-144.52267562484673
-144.6016912000375
-144.68271547191617
-144.72850355293542
-150.94832447402516
-150.94789476705628
-151.04485799689695
-151.18734134509484
-151.15188085049394
-151.06644621276496
-151.13545790577766
-151.27361495517567
-151.3833605494556
-151.34911468118025
-151.34110847159351
-151.55948117859577
-151.5127236735066
-151.53283525643528
-151.51612260206844
-151.51851695392915
-151.67833124139653
-151.64855983191444
-151.6984370252216
-157.9198635467559
-157.89396407878152
-158.05206013360703
-158.19890378134514
-158.18477068655054
-158.09482016568225
-158.18369130276247
-158.29749668368635
-158.37895555453278
-158.3414569239053
-158.3070664908205
-158.3879507432683
-158.48666293912515
-158.5095424843981
-158.4411113918381
-158.43803774921327
-158.54692937182563
-158.7555595987857
-158.61673723139987
-164.8420509127773
-164.89041626081183
-165.0393565082854
-165.13880810677853
-165.1226430408039
-165.0323652175629
-165.07480725742613
-165.2044553560138
-165.25302511094176
-165.200482973097
-165.14398504225204
-165.24458356077585
-165.3623623188604
-165.32571291429232
-165.24729377620338
-165.3046109237722
-165.4628364659869
-171.80672752791907
-171.7474838190814
-171.71934224415045
-171.81039688255166
-171.91993685381556
-171.94243490565077
-171.8900141508621
-171.87006352554275
-171.93365878474327
-172.02378562372814
-172.01905208561163
-171.96484751283168
-171.9952134365521
-172.09681861087603
-172.1513843146081
-172.09950037833258
-172.07707845785865
-178.4606306304897
-178.54709124180178
-178.51252762965441
-178.45244762896033
-178.49460067320132
-178.6287614406764
-178.6576138208093
-178.64011137879493
-178.5935127789305
-178.68294885943908
-178.76326783046184
-178.76421910745188
-178.71907634598242
-178.74273093842058
-178.81503194320064
-178.84147869499148
-185.11216265540548
-185.0803614209816
-185.1338741979545
-185.20921020045913
-185.2126140176164
-185.16450878541087
-185.19068249284436
-185.2888475127014
-185.3608740014614
-185.31550212668273
-185.28504329017787
-185.33950131147972
-185.44390621391094
-185.4671455835637
-185.39597251717055
-185.37949472656314
-191.76205078551885
-191.81402649780821
-191.7464360453013
-191.71748225070988
-191.77879213285328
-191.84666257042858
-191.81684178732118
-191.82642655753543
-191.84798041060677
-191.91137938488825
-191.94316267122338
-191.943753675553
-191.92002580027372
-191.96112723193818
-192.01592963414876
-198.3105809614336
-198.25626513293346
-198.27849675098406
-198.35019618788385
-198.3830249720265
-198.33663878676427
-198.32172640876956
-198.4018453855222
-198.44083781007294
-198.42414217057976
-198.40630670735644
-198.43552175614468
-198.49591249247348
-198.50955005625238
-198.4622898207603
-198.45620610755213
-204.82291563264272
-204.8608153311789
-204.82973168034457
-204.78934977073655
-204.83898233654008
-204.90404592554094
-204.90446868813947
-204.85662487865338
-204.9438388559957
-204.92990846338336
-204.97162840250084
-204.9466775313123
-204.90461970909627
-204.94394931512423
-211.3045249983459
-211.2834921096889
-211.23341597270294
-211.26045790503235
-211.3424497750287
-211.3326474559765
-211.28325447367462
-211.29887808804892
-211.36866601166193
-211.3740478545805
-211.34259011645545
-211.33488318630677
-211.3749158931828
-211.4115673067813
-217.7009276955336
-217.65472358674782
-217.6575811067464
-217.73722575590338
-217.7391008986673
-217.68384469579036
-217.68960869402218
-217.75371059476402
-217.76618929533393
-217.71013630746637
-217.71143508235815
-217.7656721472162
-217.79980244827962
-217.77293270135976
-224.04751848498566
-224.068502298873
-224.113494664839
-224.13299418689957
-224.0637331361655
-224.0589531348388
-224.13546401642523
-224.14295568370986
-224.05910630064332
-224.0433215249092
-224.17436429682095
-224.25954833200367
-224.08653558607324
-230.37247457190674
-230.45828819789517
-230.48526305557417
-230.43797302592415
-230.4242237857886
-230.46519917836628
-230.4855129571892
-230.45529851405203
-230.42842478076932
-230.46855136187276
-230.4592463601707
-230.45925744733978
-230.45478636193727
-230.3959257529527
-236.75400564927986
-236.79149749408532
-236.73499952125658
-236.72288579518954
-236.78448364060685
-236.83302872354216
-236.7725763979001
-236.73635024037182
-236.76894609285173
-236.80110674127351
-236.80495815037156
-236.69889826302713
-243.0170272388236
-243.05089124920838
-243.02613806123006
-242.96332611478124
-243.0024389991564
-243.0655937197726
-243.0637996201367
-243.03532846101572
-243.00528645558384
-243.0741320208497
-243.12395413425895
-243.0038988182538
-242.98993958102537
-249.3259401703621
-249.331550051536
-249.28727348008266
-249.261268982013
-249.28184199551362
-249.3199573844417
-249.29054829624022
-249.2894736744832
-249.25891050311756
-249.36277629452533
-249.27754056867767
-249.1975938237653
-255.51016949496386
-255.57420629873977
-255.5250985719705
-255.46064260719632
-255.49433911980083
-255.54435750755434
-255.50379016794142
-255.45139848302213
-255.45940562864044
-255.50278617815823
-255.51055463875022
-255.48488765484015
-255.48725032172447
-261.76791420861525
-261.76525900604764
-261.69001630574803
-261.6711720398231
-261.72061590428405
-261.7274423094038
-261.64235192925344
-261.61061872448346
-261.66096897670167
-261.74312501458553
-261.63071578811105
-267.8889837986076
-267.9080137963779
-267.9606503787879
-267.90746538018135
-267.84968829805837
-267.88737504684275
-267.90223450343893
-267.8462774359951
-267.7811408989394
-267.8191465860541
-267.85052047230243
-267.784132141283
-274.00095460299025
-274.06926129795465
-274.0993971043677
-274.0461800012236
-274.00657659999854
-274.03646060377696
-274.0470780527478
-273.99481558581135
-273.95170559323776
-273.9568608624995
-273.980313211167
-273.94586137315804
-280.16546210000934
-280.17471685381594
-280.2117958541362
-280.1826926472986
-280.1150655946976
-280.1126901877086
-280.16201418210966
-280.1094519510793
-280.06140047283424
-280.0903776153293
-280.1011605042619
-286.3312571050637
-286.3003804310977
-286.340985153631
-286.2983614841193
-286.28811104747945
-286.22206729762615
-286.22097214555714
-286.24788070975205
-286.2202078030356
-286.1556330991732
-286.1724065286276
-292.4897944206323
-292.4520307373753
-292.370498888954
-292.3955614442885
-292.41549325886837
-292.3290424055116
-292.26486557987414
-292.3097318232665
-292.31112522474984
-292.24264326599206
-292.2155657635347
-298.5290816747655
-298.5398548791945
-298.4987613976039
-298.44375778055337
-298.45600583352456
-298.4608184470649
-298.39295176975105
-298.33302752518483
-298.3664070978092
-298.375527718599
-298.2670233591666
-304.5198411211945
-304.56479255228413
-304.5811330070056
-304.4766547095262
-304.44978855996214
-304.4886683090725
-304.4726084790181
-304.38663989375215
-304.3653713369668
-304.38534496709667
-304.3673689687887
-310.5716026442637
-310.5485754390116
-310.5728382799763
-310.5710314120853
-310.48076816779934
-310.45438626876677
-310.49473564055114
-310.47879278913814
-310.373152036576
-310.3749182468343
-316.6974771229313
-316.6275480202628
-316.5479090156947
-316.5651200771105
-316.5736164279706
-316.49376429561556
-316.4480371496228
-316.46551229085634
-316.4459783357377
-316.4043171287521
-316.3696374438238
-322.6505673075618
-322.63348823443886
-322.5869488703909
-322.5303926060946
-322.523956506157
-322.5168893222428
-322.4463703314762
-322.395008804863
-322.4187317620743
-322.4292088035963
-328.62502812226495
-328.58816188508314
-328.625219822613
-328.5846617385571
-328.4874275823724
-328.48352472717914
-328.5030698432496
-328.4265041799824
-328.35591677601377
-328.3587568857875
-334.6561225008752
-334.5974105591713
-334.50934341826127
-334.5342075638152
-334.5380059373256
-334.43588055797426
-334.3771302427377
-334.4230172960923
-334.3983918796716
-334.2848477712659
-340.56535598101834
-340.57866311612844
-340.51484587572173
-340.43058764240567
-340.4253660851012
-340.41622228391566
-340.3418218247709
-340.30364881592726
-340.2859576088228
-340.2674383892366
-352.81379626901185
-340.18803047945266
-340.129794004889
-340.14264530284646
-340.0777293574682
-339.9810076106514
-339.9909353536539
-339.9940959158459
-339.90994501990156
-346.1223636452445
-346.1760629232099
-346.1227459399411
-346.0051284863749
-346.02459232538297
-346.0242577633271
-345.9275396146222
-345.8697035123595
-345.89233866742046
-345.8256410326877
-352.0299740630135
-351.99293504241933
-351.99051609068863
-351.96640760097034
-351.8881341979854
-351.8634997603044
-351.8424345663902
-351.80605681076094
-351.7014014964203
-357.96505424009337
-357.9610613767021
-357.8764421095064
-357.800143657248
-357.80414491279913
-357.7788621773669
-357.71240941665855
-357.6605946932319
-357.6329688113767
-357.6032822964429
-363.8030160695229
-363.73697100782897
-363.746901400607
-363.69458993375133
-363.58410675846073
-363.55946076602544
-363.57752503090205
-363.46672051895416
-363.39717675183937
-369.70087490735375
-369.6761882396072
-369.53426168010685
-369.5238619073181
-369.5360985242378
-369.450995040402
-369.3590899115602
-369.3564542392484
-369.2958296374961
-375.4808521218725
-375.4689532136463
-375.4211110114354
-375.3482028022
-375.30590197882543
-375.26213516529333
-375.2111653549961
-375.1822492036305
-375.1046567040174
-375.0289698952961
-381.3033127843062
-381.2332702156715
-381.1155507707018
-381.11160425212626
-381.11176202840403
-380.95967727767305
-380.91369338532854
-380.9400191694146
-380.84338399530674
-387.00437960395413
-387.0124568071105
-387.00837382512714
-386.8521294811407
-386.8030150917398
-386.8370291564013
-386.72729562040894
-386.6137524039389
-386.57421986418876
-392.84429318576707
-392.73938925983373
-392.68899853351377
-392.6719640924691
-392.5964320490789
-392.53658037175796
-392.449149049192
-392.4086483273303
-392.3083328356928
-398.52763334701245
-398.48744124152506
-398.41357667749145
-398.3437300394812
-398.2641033609058
-398.20261909287706
-398.16899596361
-398.0785143439802
-404.2582047171212
-404.2312706467124
-404.17543125554715
-404.02023486138603
-403.9798703795129
-403.97026027254935
-403.8177932022823
-403.72150034223995
-403.7470116410708
-409.91584196816046
-409.76741921515475
-409.77639697795365
-409.7093023632955
-409.5336192772614
-409.5085258025467
-409.47824249613683
-409.34235146563657
-409.26282058061463
-415.52821312071165
-415.43719773950164
-415.3384630307634
-415.2679463107613
-415.22489043308593
-415.1250177703099
-415.05415892664894
-414.97337964530493
-421.172939241569
-421.07164185982106
-420.9922655239664
-420.9392324689047
-420.8611153845172
-420.74577056887773
-420.65376108981485
-420.6457053300464
-420.5467120058932
-426.71604611954973
-426.6731115458304
-426.59379370066637
-426.468034430963
-426.4082016268369
-426.35725878877906
-426.2310992333989
-426.1240809138316
-432.3722833533726
-432.3032941889236
-432.17980010149824
-432.10917199572606
-432.0832250696786
-431.9243142805531
-431.83800822936695
-431.8424717752415
-431.71204768157867
-437.84892133181734
-437.82987268960846
-437.7434889286889
-437.6003537033296
-437.5676675873036
-437.52213792217066
-437.3764202297764
-437.3082460099379
-443.5375629334094
-437.1054445234124
-443.30169616901065
-443.2421710645816
-443.1681064587247
-443.0807700656999
-442.99842846291716
-442.9053014220148
-449.1269235338399
-449.05419159915886
-448.9114669031883
-448.8792411079717
-448.77715820232675
-448.6426600362524
-448.58938773394397
-448.54100446276755
-448.3861682726039
-454.5692965921995
-454.5713418229078
-454.4338423373621
-454.32022746551286
-454.29029713609015
-454.1720333473526
-454.0131212073776
-453.98180178271696
-460.1550664719343
-460.02647515676506
-459.9638321982557
-459.89892093843747
-459.7571530160137
-459.6592381658265
-459.6017105598297
-459.509968486669
-465.6533790996642
-465.56386673238217
-465.5149822966862
-465.4025754202055
-465.2794893078677
-465.1872240905879
-465.1095872853721
-464.98416703283806
-471.1420071924732
-471.0647716368637
-470.9507655020204
-470.8579196416792
-470.7627068915016
-470.6547951540155
-470.5303815848413
-470.44519317160007
-476.6238416748231
-476.4758734001162
-476.3865819549098
-476.3332220807969
-476.19496056823476
-476.07643028879636
-476.04803337330384
-475.91506172873375
-482.05720417337426
-482.0191536065584
-481.9136912332693
-481.70897172720913
-481.6768156175895
-481.5841480511707
-481.430020764869
-481.3601376224731
-487.5196543057134
-487.43104728549963
-487.33714188176714
-487.2276478535564
-487.1073364151705
-487.0443749365125
-486.9059034133841
-493.1123979818102
-493.01451575373244
-492.8554172832652
-492.7767838298366
-492.6854982967829
-492.5075611528583
-492.41662911545257
-492.3506397641094
-498.45241022282624
-498.34500128540736
-498.28137390565996
-498.092785592096
-497.96261052012227
-497.8818130241909
-497.730289084098
-497.6001227521846
-503.806429183985
-503.6274807956809
-503.52980712591693
-503.40813532288695
-503.3309384420484
-503.18367190294873
-503.0471402972892
-502.94814340473886
-509.1202126186961
-508.9717546075726
-508.8774490032978
-508.7399096331591
-508.5741017792003
-508.47983700719044
-508.41363093864595
-514.5506158327818
-514.4103655369453
-514.3295674835124
-514.1882903013995
-514.0082970901166
-513.9297361263424
-513.8065316976257
-513.6493036120812
-519.8408116458794
-519.7404180834885
-519.5701275573009
-519.460297431933
-519.3842567310089
-519.1357795509545
-519.1047539456306
-525.3187071823863
-525.1458569499518
-525.0110054285727
-524.9100520043901
-524.8022961085995
-524.6407982774299
-524.5285045595092
-524.4062019736436
-530.4736800928141
-530.3989701235187
-530.2997838243303
-530.1299664519961
-530.0250496660357
-529.9206594081277
-529.785984177004
-535.9133119117056
-535.7876675079809
-535.6438393839773
-535.4762491907164
-535.3749816693953
-535.2577557139188
-535.1327421410022
-534.9841389630811
-541.136185311304
-540.9574709015685
-540.8066946414458
-540.7625861254973
-540.6045479663621
-540.4193524887336
-540.3108929931742
-546.390585909205
-546.2253295070037
-546.1750362810932
-546.022658506885
-545.8648071244186
-545.7481353206126
-545.6000271684924
-545.4421110461844
-551.5831083321112
-551.4618871530796
-551.2723160963435
-551.1657277168307
-551.0832442663501
-550.9010849158976
-550.7654897182734
-556.8997448739518
-556.7217040130805
-556.6154342702994
-556.5066090331894
-556.3477576759093
-556.1756066210776
-556.0476425337891
-562.2042751042388
-562.0363310380149
-561.8622359687083
-561.7536539465367
-561.6520232159722
-561.4586006179254
-561.353093836617
-567.4836430591774
-567.2805013195351
-567.1828155875596
-566.9928998156165
-566.8305196496199
-566.7830440691893
-566.5984067028993
-566.3940601768031
-572.5670461209464
-572.4200464588913
-572.212190841926
-572.126227464332
-571.9573536458304
-571.8075625622487
-571.6742283706385
-577.7438923014404
-577.6600705456897
-577.4749726039698
-577.3419188150269
-577.1741788630452
-577.0037942526585
-576.8878838715699
-582.9564087358067
-582.7617407972793
-582.6843256566567
-582.4893885311252
-582.314891989383
-582.1985772223464
-582.0417850876514
-588.0809662699247
-587.9972496024645
-587.8707279389164
-587.5990101778979
-587.4698714157676
-587.3335856444868
-587.1510815606858
-593.3135352791013
-593.1746102064075
-592.9546390952395
-592.8031461130688
-592.6981057902719
-592.5051435155847
-592.3507054642399
-598.5283469077241
-598.2970793176017
-598.1375883500856
-598.0493033827388
-597.8412370454777
-597.6552321182262
-597.522577419779
-603.5943249495986
-603.3973714869327
-603.2369039473507
-603.0705703182401
-602.7764710523313
-602.7598268089388
-602.5845287731511
-608.6676832940751
-608.4887034673931
-608.3548160009163
-608.1630378659584
-608.0279514960323
-607.8919351495413
-607.6795456520937
-613.759139872934
-613.6576752050017
-613.4187444774251
-613.3089852781013
-613.1628722867323
-612.9048430080678
-612.7550540948516
-618.865120207604
-618.619407945316
-618.501364862565
-618.2988929425114
-618.1014911000982
-617.9746732244371
-624.0693711607636
-623.8227148650601
-623.6985018203424
-623.5460266687684
-623.345849906855
-623.1720624083297
-629.3317159341988
-629.1267330501574
-628.9517881145247
-628.7921127412923
-628.5678243340141
-628.3886077893468
-634.5275072400972
-634.2972438721572
-634.1232289636087
-633.9621901401389
-633.7423830103052
-633.5646488702688
-639.6587850574723
-639.4256802731294
-639.2909998823911
-639.1456601025266
-638.9560470425048
-638.7469723413632
-644.8283382894712
-644.6569723018362
-644.4496197177928
-644.3079278824173
-644.1369142318475
-643.9349436325115
-643.7382750582927
-649.776731355799
-649.5962042377942
-649.4335247439253
-649.2351274562208
-649.0145408792121
-648.8696358984332
-648.6360730026721
-654.7230028587364
-654.5777483779437
-654.3457588492215
-654.1952557109815
-654.0312217856552
-653.8215743939339
-659.8649331009574
-659.6705411469536
-659.4510818763312
-659.2649102801311
-659.1126484217566
-658.8803289488856
-658.7160253118533
-664.7946134650849
-664.5804271723812
-664.3926303249475
-664.2219908421446
-663.9831162244806
-663.7861152062588
-663.623125435551
-669.6570977717947
-669.4674724198173
-669.3037718902239
-669.0686111473985
-668.8524953097248
-668.6877152661813
-674.7261248923736
-674.5514068507986
-674.3762597962232
-674.133786429942
-673.9479878057413
-673.782913618669
-673.508487075044
-679.623982922612
-679.4272502953667
-679.1635084800099
-678.9987880081623
-678.7650457642787
-678.5024075747821
-684.609135545588
-684.3579067428992
-684.160638226088
-683.9714630561622
-683.760169406019
-683.5127476102733
-683.3579429772127
-689.4225033528681
-689.1999942761059
-689.0537487283046
-688.8257021964338
-688.5710282014328
-688.3842716385603
-688.1571571265495
-694.186596414061
-694.0214863369544
-693.7623247186746
-693.5771394611817
-693.3728107242049
-693.1073091929427
-699.2163884553222
-698.99909112537
-698.7017483994721
-698.5318177203166
-698.2975016735011
-698.0291181783215
-697.8153578137493
-703.8688808953955
-703.6646513003324
-703.4543011545908
-703.2871160296329
-703.0488248624295
-702.8618839180153
-708.9137604612296
-708.6465112061685
-708.4322857908365
-708.1837519855835
-707.9298201839149
-707.7291408526506
-713.7731858544556
-713.5246632167198
-713.3733310121072
-713.1395574738766
-712.8812909797879
-712.6984418636432
-718.7105594106895
-718.4744508985606
-718.2759808515154
-717.9602126154023
-717.7571643513169
-723.8573083477421
-723.5617108326705
-723.3886375357182
-723.1287531068857
-722.8747419494616
-728.9631827835806
-728.6832756305319
-728.4952160254275
-728.2716189210878
-728.0077934575514
-727.7547591784124
-733.8138047687074
-733.5961870482112
-733.3597007085783
-733.1400159596903
-732.8765794887204
-732.6232966554071
-732.3929000132857
-738.3892387570282
-738.1886533462887
-737.9563107375727
-737.6718374327028
-737.4329199830146
-737.1763784772999
-743.227498090221
-743.0064617818108
-742.7466237527813
-742.4703158576789
-742.2599014006774
-742.0110169346422
-748.0321548832762
-747.826738789374
-747.5635618531185
-747.3264076603119
-747.0811438308675
-746.8136290865804
-746.589089648133
-752.6407330905931
-752.3590595217707
-758.3909280314681
-758.1235522985068
-757.8488911188198
-757.6461509081823
-763.664042649894
-763.3501268903254
-763.1847832242169
-762.889217961638
-762.6056375931747
-762.4283328160684
-768.3712899988675
-768.1417028918564
-767.8751056737481
-767.5651955790187
-767.4057838829619
-767.111350996457
-773.091333573414
-772.9198416169328
-772.5966384164935
-772.3544777438809
-772.163891229145
-771.840893088213
-777.8842764966836
-777.6364888765435
-777.3354770621987
-777.0871112645777
-776.8399035318685
-776.5351135481784
-776.2658898940127
-782.2466230287672
-781.9664254929053
-781.743589399861
-781.4451707887063
-781.1624614895622
-780.9464627658049
-786.9100254230931
-786.6390668737151
-786.4151874892644
-786.1219217438506
-785.8636331812926
-785.6382558013905
-791.6322637025847
-791.4061907648313
-791.0589787840601
-790.8231719743399
-790.5512483554396
-790.2364160177352
-796.3068596819089
-795.980070987386
-795.6334556880713
-795.4514658561492
-795.1199702720291
-794.8091173310947
-800.8865252824588
-800.5470008636352
-800.2657524625721
-800.0338118328264
-799.7045329229711
-805.723532245526
-805.4650507222542
-805.2041702876843
-804.9288684125505
-804.6257429179184
-804.3368876955059
-810.3433028926992
-809.9845951944657
-809.7349222121496
-809.5308447397633
-815.432572030055
-815.1822991295911
-814.8768341156351
-814.5600303133058
-814.2962126874819
-813.9928732378704
-820.0349781857769
-819.74096302213
-819.3979008830213
-819.1773827322692
-818.8329615130427
-818.5167668311012
-824.5584840232402
-824.279358530454
-824.0037064668995
-823.6489545718111
-823.3467084680245
-823.124139429107
-829.0444726693268
-828.7210318049322
-828.4427827689638
-828.1180322069108
-827.783470109825
-827.5239874507065
-833.535982716629
-833.206517412343
-832.919339997717
-832.6150183644104
-832.378866609885
-832.0415781026652
-837.954665799824
-843.9890120674205
-843.703504066604
-843.3521886051782
-843.0254235186225
-842.7357262092921
-848.7297411575213
-848.3947351404125
-848.0468629264859
-847.8199720720936
-847.4549663297967
-853.4303055297365
-853.1120048913515
-852.7876826946192
-852.5895231430817
-852.1997768529031
-851.8582388482644
-857.8377849855908
-857.5460012561106
-857.2592116145983
-856.9421831176364
-856.5485614014514
-856.2985961175607
-862.2639363284325
-861.8797865384132
-861.5772444843718
-861.2403541830896
-860.9958813709359
-860.7087939770184
-866.593763068945
-866.2752096078307
-865.9578890611981
-865.6853699961371
-865.320452942797
-871.2177316293898
-870.9231151098811
-870.6237620627356
-870.3035476002981
-869.976783526986
-869.5774790494131
-875.5975848737115
-875.2636485466816
-874.9618535351286
-880.8932681664786
-880.5159494909066
-880.2331112302116
-879.9316808969523
-879.6288559108498
-879.2463144636046
-885.1512632932846
-884.815216252455
-884.5281107048893
-884.2142287511718
-883.8350655495557
-883.4694127821714
-889.4032191042955
-889.103350064596
-888.8048686134109
-888.4933192800847
-888.1154482168163
-887.7356883150504
-893.6764914870209
-893.3851965594379
-893.0297295381501
-892.6842460585729
-898.5594584771987
-898.2231142710357
-904.2102667727015
-903.8495248643126
-903.5679383788167
-903.1635903425736
-902.7716887693089
-908.7414488016237
-908.3801323190494
-908.0878624214519
-907.8123640717837
-907.3441406370395
-906.9620046121112
-912.8671253096454
-912.5742603551474
-912.2423449223536
-911.9138225461776
-911.5171803165285
-917.3451385781527
-917.0437352505762
-916.7124485295084
-916.3859187907452
-916.0641075641875
-915.6473615800737
-921.4985852948602
-921.1857596508911
-920.8134221367575
-920.5417152639444
-920.176122904489
-919.8325080897879
-925.6741232500739
-931.5045231088317
-931.1858448362998
-930.8738002763262
-930.5152205014867
-930.2115784628265
-936.0832107764024
-935.6786543460116
-935.2785831993981
-934.9192995107054
-934.6082411153219
-940.4570052919785
-940.1307416623864
-939.7756809560585
-939.427575693907
-938.9984690432121
-938.5299015976768
-944.4760652369647
-944.127718839894
-943.750861154346
-943.4362135683932
-943.0481299131033
-948.9887789771507
-948.5358466093628
-948.0762802437397
-947.7112984859075
-953.6421346095458
-953.4013702905171
-952.9251854565427
-952.5204082629915
-952.1906663022946
-958.1054677764618
-957.64350607397
-957.2663086973897
-956.8430601081863
-956.5191081405209
-962.3721823830193
-961.9920998595592
-961.6498224742681
-961.2575665274884
-960.9329123620142
-960.5365622862296
-966.3061188176799
-965.8622874183834
-965.459764451866
-965.1645988261018
-964.7024037581659
-970.6470106073871
-970.2617266769034
-976.145348043031
-975.7623911883941
-975.3748610645245
-974.9690530743536
-980.8841669774122
-980.2969694478851
-979.9375144521841
-979.529549939948
-979.2072173212998
-985.0571592210405
-984.6658902686426
-984.2858905577411
-983.9330899236132
-983.5036477353332
-983.1504057618658
-988.9435514586073
-988.4925992265792
-987.9861330404912
-987.639729879644
-987.1658722873112
-993.0755602025215
-992.6945109130289
-992.2743821895338
-991.8777365795273
-991.508261254583
-991.0804891412545
-996.9635122264684
-996.5046032003144
-1002.4182332925647
-1002.0073484854303
-1001.6263610671994
-1007.3692564376024
-1006.8691614070747
-1006.4668837328834
-1006.0722930009536
-1005.6647868761413
-1005.238232887671
-1011.0610575517622
-1010.659314733975
-1010.2142708360836
-1009.8023253348837
-1009.3952967391976
-1015.2480668268206
-1014.8624827841851
-1014.4542124702272
-1014.0420675163172
-1013.6337270370153
-1019.4167135576895
-1019.0687874044861
-1018.5809596726358
-1018.185638227492
-1023.9866699475115
-1023.475874368293
-1022.948786580989
-1022.5255154655246
-1022.092647665003
-1027.9226272434719
-1027.5116253431922
-1027.058164642446
-1026.6388286238189
-1026.2050921074015
-1032.002463547668
-1031.5998700213897
-1031.1270804665085
-1030.7292079376446
-1030.2996693862842
-1036.1122385466126
-1035.670688384634
-1035.2340766665595
-1041.0765764635566
-1040.6197295576637
-1040.1582625442309
-1046.0165644526562
-1045.5188962033396
-1045.122039936785
-1044.6582246146813
-1044.212666408536
-1050.03785733873
-1049.5677797376477
-1049.14968419141
-1048.663411823704
-1048.2116197966945
-1054.023649073805
-1053.5504158108165
-1053.1188570996537
-1052.637722115867
-1052.2126943289486
-1058.0174429109645
-1057.586305352337
-1057.1198846006816
-1062.8995818088606
-1062.4596106860686
-1061.97794087511
-1067.8082281069767
-1067.327549352386
-1066.8572559264285
-1066.3806101360485
-1065.909933999965
-1071.7366148500046
-1071.2495813712371
-1070.7632705335457
-1070.2990191171805
-1069.795946517913
-1075.6260632202507
-1075.1097241461878
-1074.6743888273434
-1080.4405718013008
-1079.9904592818702
-1079.4923141223287
-1079.0247065376384
-1078.5334605376488
-1084.3145528217317
-1083.845545151919
-1083.3342241220496
-1082.867262179264
-1088.6409364277722
-1088.1788489557257
-1093.9656838061649
-1093.470478521703
-1092.99213624081
-1092.494988947929
-1092.0031426123821
-1097.7826269106226
-1097.2827575247054
-1096.8017737160353
-1096.2777760972267
-1095.824090542794
-1101.5758799637774
-1101.1170785100335
-1100.5651819325024
-1100.2250804224732
-1099.8547037679064
-1105.5901744421324
-1105.1330692985964
-1104.598538546263
-1104.1086150973877
-1109.8833091143763
-1109.3841327977063
-1115.153496509817
-1114.6328951482208
-1114.1484233098736
-1113.6171478032807
-1113.1104192742794
-1118.8721011910009
-1118.370407617807
-1117.8672185174592
-1117.3328514382156
-1116.8596150666567
-1122.5819025822652
-1122.0918239511134
-1121.5509889451307
-1121.0685287893878
-1120.654558191712
-1126.5250961868244
-1126.0555442768793
-1125.4833347813037
-1125.0262933553583
-1124.462646454656
-1130.2515251185182
-1129.701052580204
-1129.1784139508516
-1128.6646310973501
-1134.3988302975908
-1140.1820318488972
-1139.619712771837
-1139.1352085944116
-1138.5865348346094
-1138.0809776618084
-1143.9409768376445
-1143.5355295374986
-1143.0258987349891
-1142.4543485651748
-1148.2316041201377
-1147.693022852551
-1147.167132958634
-1146.6275832057704
-1146.1121234635284
-1151.83963770855
-1151.2851234139016
-1150.7137439088863
-1150.1761357248106
-1149.8023846848064
-1155.681963354843
-1155.1382134419368
-1154.5759991689088
-1154.0137750576143
-1159.809761588287
-1159.2383460250196
-1158.7083372518482
-1158.1541892607233
-1163.9119755315576
-1163.349892717867
-1169.1992847746812
-1168.8344919470605
-1168.2300980347604
-1167.726458353246
-1167.1446165624868
-1172.8255946035745
-1172.3242455930633
-1171.7914332422229
-1171.2011842088925
-1170.6672235688488
-1176.545241588652
-1176.0856568867603
-1175.5069147705906
-1174.9524536956962
-1174.4567883367151
-1180.1468338593775
-1179.6050651546216
-1179.0153897581938
-1184.7387990937111
-1184.181991402355
-1190.0185871142833
-1189.613968597901
-1189.0284217078909
-1188.4923496466463
-1187.9097866308157
-1193.6209183861731
-1193.0492136534829
-1192.4769816901537
-1191.9169054144986
-1197.7634418603252
-1197.3473917641497
-1196.7465746468547
-1196.2125076862067
-1201.8827962777211
-1201.3336290120658
-1200.7343640820775
-1200.1783161269134
-1206.0451002457305
-1205.5494673138853
-1205.0373664625872
-1204.3984043383116
-1203.8606704645867
-1209.5268406222895
-1215.2634502620535
-1214.6391717898964
-1214.2285761691235
-1213.7884893008033
-1213.1677025343772
-1218.9010501576
-1218.2781712821968
-1217.7229554267692
-1217.098145059312
-1216.6841810937394
-1222.509292461683
-1221.893835892145
-1221.322773344868
-1220.7169366670007
-1226.4052068894537
-1225.8125462945172
-1225.2160588608524
-1224.748577868812
-1224.3113945378761
-1229.9853833051952
-1235.6595046278505
-1235.069004259544
-1234.4539856002336
-1234.0199578266686
-1233.5459809482572
-1239.2369496050808
-1238.6068686629853
-1238.0022514146956
-1237.3818361883464
-1243.0638020490103
-1242.5962390352229
-1242.1515971206302
-1241.5267885244164
-1240.921081749374
-1246.561298782608
-1245.9666715392489
-1251.764545888448
-1251.2901035736368
-1250.7080802756554
-1256.32939849931
-1255.7538300866117
-1255.0841292352309
-1254.4881362467002
-1253.991019381916
-1259.820921423615
-1259.1836836780274
-1258.5666368175303
-1257.9373536839828
-1263.5847369540409
-1263.1421540439817
-1262.6200297750108
-1262.0021344718778
-1267.635545878168
-1267.0173040319044
-1266.3732755633655
-1265.8943164730129
-1271.701277317817
-1271.0580440643498
-1270.4063419297972
-1269.766654579509
-1275.5577186669923
-1275.068634962581
-1280.7346180655647
-1280.0684205115967
-1279.433169901139
-1278.7657785066067
-1278.3272844820222
-1284.0601753921683
-1283.4450709702396
-1282.769869413063
-1282.1431293106914
-1287.9170340658077
-1287.4166135963014
-1286.7827253504913
-1286.0993679067947
-1291.7386006148977
-1291.224057542115
-1297.0262015957871
-1296.3571276159269
-1295.7134109691908
-1295.0203411438624
-1300.6552070911625
-1300.1352439728598
-1299.643759272184
-1298.9654342632239
-1298.3237646796747
-1303.908732578526
-1303.4284120440673
-1302.9268305644675
-1302.2255458569477
-1307.8434278087673
-1307.1547658906918
-1312.960761428735
-1312.4304451600851
-1311.7682251670428
-1317.3470703433836
-1316.68205042966
-1316.1512113578626
-1315.6453109194165
-1314.9574048126804
-1320.5743067044446
-1320.0456742029644
-1319.526875755443
-1325.1317147297739
-1324.431157491082
-1323.7453976933423
-1323.2111405342835
-1322.7289811460903
-1328.2809811841346
-1327.6200937821106
-1326.8950599700293
-1326.38512804751
-1332.137498765358
-1331.4549355979882
-1330.7276244121385
-1336.5278600672357
-1335.9760383072137
-1335.2865565632794
-1340.8385984953222
-1340.1575046531318
-1339.608471142798
-1339.0816068611641
-1344.6735886473207
-1343.9664738510046
-1343.4154176647216
-1342.8875021262106
-1342.187939598243
-1347.7379886158203
-1347.0425432653014
-1352.8030220986977
-1352.2592365761725
-1351.519765766142
-1357.1151987606042
-1356.529563996958
-1356.0208010800354
-1355.302781906992
-1360.8622971131495
-1360.3108116909957
-1359.7730205590003
-1359.0349451656602
-1364.611044886407
-1364.0831763968174
-1363.4938952877296
-1369.0811778585692
-1368.3417696200697
-1367.5893913464733
-1373.3277234393286
-1372.7995849434344
-1372.039713800162
-1371.329835127753
-1377.030539890824
-1376.5286057811945
-1375.7549559909864
-1375.0370296716342
-1380.7256121871983
-1380.2111247225582
-1379.4512524025934
-1378.7341130532882
-1384.428902952435
-1383.897445725202
-1383.1329093453553
-1382.3873348704124
-1388.1028834413582
-1387.544200547566
-1393.0872270021382
-1392.342861282498
-1391.7809892783537
-1391.196652104685
-1396.690550999808
-1396.1679263685296
-1395.6147650312014
-1394.8547025853588
-1400.378310939876
-1399.7885733628984
-1399.2445965977984
-1398.457884603518
-1404.0071300956156
-1403.4161649745695
-1409.1486832307507
-1408.3566260144362
-1407.6090537950981
-1407.0030961939221
-1412.7423320384448
-1411.9570356661898
-1411.4058418316438
-1410.8049000464289
-1416.326154296259
-1415.525802722489
-1414.9768742334045
-1414.3747271301638
-1419.903182404993
-1425.3753907224823
-1424.828237106729
-1424.2207085597172
-1423.4498786103904
-1422.8420265682162
-1428.5624509128688
-1427.7623060402516
-1426.9916495561783
-1432.664170397151
-1432.083022072803
-1431.2880821299382
-1430.7030921454693
-1436.4016459224629
-1435.6115741087144
-1434.7990165557337
-1440.4943737670953
-1439.9040057667921
-1439.1021599429866
-1438.501576596257
-1444.1863918340666
-1443.3972459108081
-1448.8718339900825
-1448.2628511224918
-1447.6579080683885
-1446.873499554308
-1446.2527400266315
-1451.9496483858595
-1451.1245266204353
-1450.3258840154308
-1455.988861590863
-1455.3779272610007
-1460.8563481883239
-1460.2805260126725
-1459.6239854962014
-1458.8298259847854
-1464.488187850756
-1463.8954830662713
-1463.0574383547466
-1462.2685130719588
-1467.8936805232452
-1467.305721285323
-1466.4570220551059
-1465.8573423658822
-1471.5187239197112
-1470.7175656465351
-1476.3439205063194
-1475.7559590624637
-1474.9053701379935
-1474.2947119076275
-1479.9417477199647
-1479.1397899209865
-1478.2748435277877
-1477.6701291328063
-1483.2969608358483
-1482.4791892352962
-1481.8408540523694
-1487.5225661609836
-1486.647105868522
-1486.047877190943
-1491.6705796493225
-1490.8395332173304
-1490.193391989987
-1495.8632988494765
-1494.9953943912074
-1494.3811871439862
-1493.7105822156823
-1499.1693989535845
-1498.5222786861616
-1497.9000123614949
-1497.0179395676873
-1502.4607343878854
-1501.789954709951
-1501.1852215357032
-1500.3078925368561
-1505.968269934112
-1505.2912794855656
-1504.4486143673662
-1510.0520319288987
-1509.4463125164928
-1514.844821975013
-1514.2143859103585
-1513.5289566176696
-1512.6860602743034
-1518.2792484412819
-1517.6625068435203
-1516.7829510044287
-1516.1523618714161
-1515.4522713086849
-1520.8733756139122
-1526.4936718448828
-1525.851680254981
-1524.9624228212285
-1524.312018374785
-1529.913592690914
-1529.035537261661
-1528.3873294169273
-1527.7185861100554
-1533.3303878948268
-1532.6860106455454
-1531.7752142896281
-1537.3870938279974
-1536.7270186710966
-1535.841576774725
-1541.446988809196
-1540.78086221873
-1539.8850726374474
-1545.4904930272698
-1544.8185736648306
-1543.9233511063387
-1549.5308587380046
-1548.8560163494546
-1547.9480314910181
-1547.2819374347764
-1552.8779164681414
-1551.970605467845
-1551.2974719015913
-1556.8990000608692
-1555.9939172073396
-1561.5863503612325
-1560.9207779830174
-1560.226703054432
-1559.5397479144299
-1564.9069607280537
-1564.2329154978906
-1563.5345157366385
-1562.6341148914064
-1568.192660744934
-1567.5153045146892
-1572.879072647599
-1572.220627587311
-1571.4904413213244
-1577.0734113627645
-1576.395751993198
-1575.47560074942
-1574.7524769169283
-1580.368518612997
-1579.4419837298412
-1578.7670214837249
-1584.3370322274893
-1583.4073349416217
-1589.002728992592
-1588.2902559532313
-1587.5895264597377
-1586.9016443660685
-1592.2316848747969
-1591.5387645535363
-1590.8155906384322
-1589.8901168275397
-1595.4653703015867
-1601.0375108481699
-1600.3258731082296
-1599.6243693843126
-1598.6812425629207
-1604.2542722892285
-1603.5326467642856
-1602.5727611453517
-1608.1474952540693
-1607.425037835103
-1606.7509903458738
-1605.9732723073994
-1611.3500524298445
-1610.5979116221315
-1609.9081475686673
-1615.4358622956488
-1614.7654751167954
-1620.0497951439042
-1619.368217812578
-1618.6067513187493
-1617.6667860808936
-1623.2280384554272
-1622.4924728445899
-1621.7678578410978
-1621.0493654613626
-1626.3423967845665
-1631.904174949064
-1631.1833158199722
-1630.451194597826
-1629.7330017143938
-1635.0054330328812
-1634.33060761236
-1633.5592248276996
-1632.8616986693098
-1638.3755249965848
-1637.3993438176321
-1636.6662284271913
-1642.2144205410416
-1641.4666647787783
-1647.0169354346378
-1646.0052576982528
-1645.2829814354932
-1644.5186114080664
-1650.0890951011804
-1649.3294467015435
-1648.3404861164329
-1647.5899832967289
-1653.1290345981727
-1658.6770479367297
-1657.9303121434593
-1656.9413546815208
-1656.1593479972437
-1661.7068249219303
-1660.9493587731401
-1660.220756675095
-1659.1972803894778
-1664.74129971673
-1663.9682371997728
-1663.2443737834537
-1662.4512507191378
-1667.7394029932202
-1666.9742768158208
-1666.2162058560855
-1671.7497495225045
-1670.9763527255375
-1676.509204734914
-1675.747497092823
-1674.7224148673122
-1680.2185945887466
-1679.4777248530609
-1678.6869630728047
-1677.9518811742673
-1683.1930359663859
-1682.416691363056
-1681.6550686229161
-1680.8823184195437
-1686.4059907991252
-1691.9271061180493
-1691.1352016619337
-1690.1078605220628
-1689.3412737426584
-1694.84927205174
-1694.0748977942314
-1693.2842487307864
-1692.5131360941218
-1698.0169828134083
-1703.266979587034
-1702.4657406567817
-1701.7037825831528
-1700.888254427283
-1706.4192015819342
-1705.5969463497065
-1704.857528221922
-1710.0719693699737
-1709.2850618159175
-1708.4922010523715
-1707.6957922089787
-1713.2208569143108
-1718.7037451524482
-1717.9013535765794
-1716.8623039256156
-1716.0662535473366
-1721.520294321598
-1720.75450426168
-1719.9067304409227
-1725.4236980179548
-1724.5938454466248
-1723.5222931777812
-1722.7577871516542
-1728.1917404640637
-1727.417940273171
-1732.8588326789277
-1732.081431334513
-1731.2557295233262
-1736.7567950541109
-1735.9139935426808
-1734.865810547634
-1734.0492614412535
-1739.501240977758
-1738.6984712730011
-1737.8997007891155
-1743.3765635683917
-1742.5232118207402
-1748.0108160879338
-1747.1648977296904
-1746.394351930201
-1745.541347242218
-1750.7634521314146
-1749.897858345768
-1749.0901906184324
-1754.5483987417797
-1753.7026914830064
-1752.9314774177972
-1758.355109082449
-1757.5403755356767
-1762.9495552674587
-1762.1402335090597
-1761.297275502929
-1760.2412026853324
-1765.633678357645
-1764.7892840048582
-1763.9508467252756
-1769.4385919092106
-1768.5721852953661
-1773.998660603681
-1773.133725016024
-1772.3221305703378
-1777.7740072184624
-1776.9003382285607
-1775.8054222719077
-1774.9143050149967
-1780.3755369997539
-1779.5448821424477
-1784.9671004169313
-1784.0885597662254
-1789.526386092061
-1788.6974634217822
-1787.8422649662705
-1787.028471942795
-1792.3844829507464
-1791.5599820528212
-1790.6695990310716
-1796.0919561928126
-1795.259609444175
-1800.6692616798653
-1799.7918722649042
-1798.6598314420871
-1804.0865459821273
-1803.1798781136677
-1802.33073296637
-1801.4763643203623
-1806.8926438921478
-1805.9933382483146
-1811.4109473814538
-1810.5515406495592
-1809.6745882846965
-1815.0698037145514
-1814.189226040672
-1813.3346877048482
-1812.444759541762
-1817.8370019086865
-1816.9478876863031
-1822.373174983922
-1821.4381783127612
-1820.5937351777359
-1825.9951693851765
-1825.0927995174463
-1824.2473290195728
-1829.5863934238791
-1828.779349301592
-1827.818489692402
-1826.6315383087938
-1832.0307266320096
-1837.3888087534876
-1836.511501042987
-1835.6003153859485
-1841.0022562882443
-1840.0765449003563
-1839.1715132800061
-1838.2871385548724
-1843.6562431672523
-1842.761291614273
-1841.8338647185396
-1847.2306605938747
-1846.3328292907606
-1851.6800633498133
-1850.7590947830488
-1849.9051053421626
-1855.2228632593485
-1854.383107556762
-1853.4651369649946
-1852.4890665051098
-1857.8806321768948
-1863.2239297572328
-1862.2748082586477
-1861.3581195608417
-1866.682975004789
-1865.775167960805
-1864.823308338051
-1870.2002825546615
-1869.2718889337361
-1874.6165427416477
-1873.6930632356623
-1872.7459471777547
-1871.8284835852955
-1877.1763081190118
-1876.2598071113453
-1881.576677934821
-1880.6694187870205
-1886.0039716234337
-1885.0637591653192
-1884.1256385912948
-1883.1940715218461
-1888.5473792212938
-1887.5981333322836
-1886.6420582714063
-1892.0042682568037
-1897.341078646216
-1896.4214885486788
-1895.4242222624366
-1894.5445597490686
-1900.1417090350747
-1899.2005610238255
-1898.2527085832826
-1903.612162975796
-1902.6443962035612
-1907.9994670120318
-1907.0680127850712
-1906.0547447005536
-1911.432491655448
-1910.4690352262214
-1909.5383010933733
-1914.8160111494703
-1913.876685064848
-1912.95966872811
-1911.983494027479
-1917.3416739476372
-1922.6232225532474
-1921.6918991109092
-1920.755430769601
-1919.7787943401065
-1925.1248715912088
-1924.1328376025124
-1923.186781038632
-1928.5148060765994
-1927.5440073472007
-1933.160703700713
-1932.2240748355748
-1931.2275233745258
-1936.5737942726196
-1935.6404008450002
-1934.6503301082173
-1939.9631417874118
-1938.9917234531474
-1944.322969056359
-1943.3510616499955
-1942.3663246943152
-1947.6850195836184
-1946.7199998332
-1945.749294958363
-1944.765764777033
-1950.4327064303561
-1949.4293621385139
-1954.7384588283255
-1953.7650659408223
-1959.0671752553906
-1958.102071837002
-1957.1217864672808
-1956.1478751143813
-1961.4684586296842
-1960.4427879395257
-1959.4810519984635
-1964.7654093729516
-1963.7968628453757
-1969.4202027994077
-1968.4376391947008
-1967.4597805153705
-1972.7270465270815
-1971.7604437170166
-1970.755947390771
-1976.0648325382406
-1975.078340343098
-1980.349770984753
-1979.376632668922
-1978.3554827325374
-1984.0043655385243
-1982.990954321188
-1982.0006507990897
-1987.3026852822074
-1986.2762586877325
-1985.3052800547716
-1990.5832211821923
-1989.4932513737308
-1994.808487087597
-1993.8144226261415
-1992.8442064948729
-1998.3920405165734
-1997.4415601562032
-1996.4233275501672
-1995.4571463077998
-2000.7388072344752
-2005.9998435900363
-2005.0160946007397
-2003.989831265564
-2002.9793574700805
-2008.5949648993262
-2007.5825518777553
-2006.5820309016308
-2011.8493769396089
-2010.8550878951062
-2016.102224145781
-2015.0850547648074
-2020.354770372655
-2019.32012606845
-2018.6711761639367
-2017.6259252293007
-2022.9140799283641
-2021.8742618949955
-2020.8364970988528
-2026.1228061927577
-2025.063373555301
-2030.6934224103793
-2029.6503421831162
-2028.6326465528323
-2033.9014289699705
-2032.8330865359487
-2031.830763985353
-2037.0809448219684
-2042.3233217450359
-2041.3164726687687
-2040.5971235991778
-2039.5805240403245
-2044.8041375799776
-2043.7723046977892
-2042.7421727100188
-2047.9759318956221
-2053.24269281943
-2052.5173607905404
-2051.5020331493442
-2050.4553455901523
-2055.679550945272
-2054.642890946954
-2053.9237531517956
-2052.8883142857567
-2058.1277345068984
-2063.369653463794
-2062.3351516024813
-2061.264253963531
-2066.491008810525
-2065.7970704052473
-2064.738129146023
-2069.9591070037764
-2068.9083384121495
-2074.126818428103
-2073.072095014568
-2072.014504581322
-2077.590259975033
-2076.5270751163703
-2075.467557308777
-2080.6801462768835
-2079.626732262031
-2085.1773043005946
-2084.1259459177913
-2083.0554090606784
-2088.256874431678
-2087.200334482363
-2086.096630436819
-2091.290273851982
-2090.6033308766496
-2095.8044180040442
-2094.7683094115628
-2099.9601334044273
-2098.869442806389
-2098.160063056403
-2097.0668483381446
-2102.267990394295
-2101.17348892651
-2100.0769499857256
-2105.649505728837
-2110.8441951934938
-2109.775902757299
-2108.6879649134366
-2107.6067584732255
-2113.1542224333443
-2112.056653138683
-2110.9742755125444
-2116.145993299861
-2121.3180708980144
-2120.246714076968
-2119.133766376138
-2124.7064373346498
-2123.589738688236
-2122.4973297266583
-2127.6859358857405
-2126.5708405678615
-2132.1297706291903
-2131.0120367806094
-2129.9114987285434
-2135.087955091232
-2133.959405308733
-2139.5257592978387
-2138.3943964330506
-2137.2900081532352
-2142.8155414180123
-2141.711757467965
-2140.60602389509
-2145.754269557189
-2144.637769698237
-2150.2059001793023
-2149.0725290704445
-2154.2247862741165
-2153.080495790386
-2151.963207979773
-2157.5047712939745
-2156.366093974458
-2155.3010209603503
-2160.4311321133796
-2159.2459905218093
-2164.8338732054017
-2163.6506230332307
-2162.545168138584
-2167.6790936276557
-2166.5422978401393
-2165.791985960141
-2170.914839409884
-2169.7846530500983
-2175.2955782764943
-2174.1500373064214
-2173.05351015192
-2178.164921440865
-2176.9895251321636
-2182.504738909459
-2181.351085110921
-2180.2311803721727
-2185.353814803511
-2184.205220224346
-2189.7596163737503
-2188.5654599365485
-2187.435838147011
-2192.941830440083
-2191.7657578247426
-2196.8883316378005
-2195.727576831256
-2194.5467092541103
-2200.0943606300093
-2198.8903522973546
-2197.737748879722
-2203.219872057024
-2202.0703674902916
-2207.1866330507914
-2206.0106600834038
-2204.8586300918855
-2210.3402242797033
-2209.1810469846273
-2208.0190293929
-2213.5075269883205
-2218.619258424176
-2217.431149806049
-2216.244219206652
-2215.076230463177
-2220.546894387693
-2219.3782263905496
-2224.4903081105426
-2223.673159464291
-2228.7860679092278
-2227.5911905736975
-2226.4027967909747
-2231.526610996436
-2230.700235110417
-2229.5328805923873
-2234.6325686960163
-2233.8251914828147
-2238.926993799345
-2237.723954644241
-2236.9208466674804
-2242.005761281844
-2240.784576788441
-2239.594633252088
-2244.6796090487237
-2243.8619128010687
-2248.9439281081754
-2247.7271247872877
-2246.920419515341
-2251.997434647326
-2250.778433892878
-2256.279150831328
-2255.0685589459144
-2260.149618718319
-2259.355460993425
-2258.148935943557
-2263.234640523292
-2262.0209568117575
-2260.796765373662
-2266.2825030521194
-2271.3354979707347
-2270.1128413952556
-2269.3052109642035
-2274.3545560333587
-2273.1411592032346
-2272.305831688865
-2277.362592279943
-2276.1478183397694
-2281.5965439269908
-2280.389876303769
-2279.1560828718916
-2284.6126369726453
-2283.3821104013505
-2288.4281817935125
-2287.1928029867413
-2292.242817072453
-2291.4296421720856
-2290.206254538659
-2295.273961563733
-2294.417431691931
-2299.4888603903037
-2298.25511939845
-2297.438372457222
-2302.508613906651
-2301.254202276491
-2300.4477194147353
-2305.4732549533082
-2310.500692652213
-2309.712227616373
-2308.4344262265163
-2313.4696125749933
-2312.672407105192
-2311.4150365172277
-2316.4703205079913
-2315.6169050795393
-2320.6508762229137
-2319.41485617603
-2318.565577389615
-2323.5980947116022
-2322.362029511695
-2321.5007406268533
-2326.5249027141585
-2331.586374561746
-2330.723869742378
-2329.517797402506
-2334.5424245107406
-2333.720562369899
-2332.4771688548353
-2337.494918900187
-2336.680361722513
-2341.713782748542
-2340.4464265310658
-2339.6740461294917
-2344.7013679526426
-2343.478209338134
-2348.9621324296218
-2347.7276224010798
-2352.7672217131517
-2351.957671119966
-2350.6845226497308
-2355.7316155471667
-2354.86286875744
-2353.560597012132
-2358.6114630368115
-2363.953317703787
-2362.674309900207
-2361.411542296525
-2360.5395496177393
-2365.5989684498963
-2364.3388644774654
-2369.7169156477635
-2368.511011873429
-2373.5476477368334
-2372.706995565213
-2371.453895317458
-2376.482192762453
-2375.6503574762855
-2380.685942944515
-2379.407155424969
-2378.5727182082496
-2383.6281338545587
-2382.280167456318
-2381.5888433646687
-2386.5839223809003
-2391.579166202673
-2390.838936056699
-2389.970669624509
-2395.0900739351587
-2393.8560450213154
-2392.968439550724
-2398.1145517977593
-2396.8088912731655
-2402.323168196107
-2401.1439796665845
-2406.090960972423
-2405.367928806725
-2404.1427514143984
-2402.8271884541186
-2408.391689157817
-2413.347401336438
-2412.082860695436
-2411.4576858625587
-2416.5074067652004
-2415.19367539755
-2414.6115595483407
-2420.0080585831715
-2418.9161920802812
-2424.0120768783695
-2422.775585576138
-2428.369001521475
-2427.096503170901
-2426.3057902732367
-2425.1982369030366
-2430.2054393677254
-2431.1447583360277
-2434.5675528246957
-2433.199007979748
-2438.8321441466774
-2438.02700828253
-2436.8847339108875
-2442.0943287343757
-2441.2616163996195
-2446.555389688032
-2445.407809786478
-2450.9834288029674
-2449.810056787518
-2448.6698583800035
-2449.889441126388
-2453.124321034642
-2453.1730981941773
-2457.6063348932066
-2456.3324416572113
-2461.700792712642
-2460.3665702637622
-2459.5731217793896
-2465.033165153465
-2463.6871745026883
-2462.9243395623143
-2468.407655050425
-2473.68756361846
-2472.9583554622477
-2471.808251859872
-2470.878598980016
-2476.439871981699
-2475.1183170219183
-2474.528660581167
-2479.847484186704
-2478.7612119088726
-2478.965372321094
-2483.2830922602316
-2488.6100442682964
-2487.779620155199
-2486.823567613334
-2490.7168227819384
-2491.0014934806672
-2491.3861055479415
-2489.7569241669576
-2494.2602019681226
-2500.813159423595
-2499.109882700595
-2497.536023324304
-2504.108645799123
-2502.140335746926
-2502.029700090261
-2503.895605558953
-2512.077122592574
-2511.636859271555
-2510.6269487294344
-2509.6936683784206
-2515.455600526629
-2514.209227591161
-2513.785236583939
-2518.7980638751383
-2518.2554846990834
-2517.3370490726475
-2522.459119946111
-2522.4260336626276
-2527.5869692833967
-2526.934821487753
-2526.1600349954133
-2531.514420836087
-2530.923116506077
-2529.636845960254
-2536.1265232520977
-2534.979976096647
-2535.1057979141915
-2535.756114338477
-2541.8756658260236
-2540.6695128512483
-2542.477416388869
-2544.137816595195
-2547.125260937703
-2545.8632427678303
-2547.349566966764
-2550.6295011608113
-2552.6059630239347
-2551.7746815378364
-2552.960609160272
-2558.2671816481366
-2558.478728266534
-2556.9165866370645
-2557.813381274029
-2562.3404284794215
-2562.159381076089
-2561.1866420279352
-2567.2592028424324
-2566.533088125487
-2569.9002762635846
-2569.951802953962
-2576.1102720174986
-2574.633875811881
-2575.1593973699282
-2573.4530084795915
-2579.4572658214724
-2579.1268332280356
-2579.249482664666
-2583.979517033061
-2582.8294718418256
-2585.1374891500773
-2587.4905950137163
-2593.5245303365728
-2592.459487694603
-2591.154471163167
-2591.3560514935925
-2596.414296245212
-2595.5854235760494
-2595.348369520698
-2600.851500334965
-2600.139924027199
-2599.065492619498
-2604.80063777377
-2604.117806079333
-2610.003569498878
-2608.9953778423883
-2608.224083597629
-2614.2313044813786
-2613.3593804142997
-2612.7305369841474
-2618.4095150281473
-2618.0474882325825
-2617.1233545057103
-2615.8271231304834
-2622.358284948409
