-6.169965575260442e-5
-0.0005552968903443922
-0.001542491330955349
-0.0030232829318692853
-0.004997671613082868
-0.007465657271734669
-0.010427239787819691
-0.01388241900133127
-0.01783119474083369
-0.022273566794889576
-0.027209534946347026
-0.03263909893233794
-0.03856225847285066
-0.04497901327072996
-0.05188936299453345
-0.05929330728424614
-0.06719084576270945
-0.07558197802419221
-0.08446670363439061
-0.09384502213614276
-0.10371693304371413
-0.11408243585994114
-0.12494153004765858
-0.1362942150411286
-0.1481404902688988
-0.16048035510808614
-0.17331380893580747
-0.18664085108917808
-0.20046148087674057
-0.21477569758989404
-0.22958350049717938
-0.244884888838565
-0.26067986181401753
-0.27696841862921817
-0.2937505584327029
-0.3110262803672932
-0.3287955835415233
-0.3470584670467839
-0.36581492993446413
-0.385064971255953
-0.40480858999977987
-0.42504578517161756
-0.4457765557199937
-0.46700090058200683
-0.48871881866046846
-0.5109303088410465
-0.5336353699865506
-0.5568340009255035
-0.5805262004635696
-0.6047119673835555
-0.6293913004454095
-0.6545641983747927
-0.6802306598802229
-0.706390683641645
-0.7330442683104315
-0.760191412520811
-0.78783211487844
-0.8159663739489728
-0.8445941883037786
-0.8737155564513667
-0.9033304769173899
-0.9334389481589268
-0.964040968633056
-0.9951365367682835
-1.0267256509702571
-1.0588083096046232
-1.091384511037028
-1.1244542535702575
-1.1580175355242421
-1.1920743551617665
-1.226624710728472
-1.2616686004642854
-1.2972060225519877
-1.3332369751686461
-1.3697614564627552
-1.406779464554236
-1.4442909975401526
-1.4822960534947105
-1.5207946304635422
-1.5597867264637084
-1.599272339489411
-1.6392514675177088
-1.6797241084856585
-1.7206902603131735
-1.7621499208915945
-1.8041030881008335
-1.8465497597750855
-1.889489933731403
-1.9329236077639793
-1.976850779638436
-2.021271447097536
-2.0661856078611844
-2.111593259609285
-2.1574944000160254
-2.2038890267213085
-2.250777137336463
-2.29815872944996
-2.3460338006331263
-2.3944023484172883
-2.443264370316628
-2.4926198638224695
-2.542468826397564
-2.5928112554760907
-2.6436471484693698
-2.6949765027658645
-2.746799315725465
-2.7991155846852025
-2.8519253069592514
-2.905228479821784
-2.9590251005412567
-3.013315166357556
-3.06809867446485
-3.123375622057308
-3.1791460062948116
-3.235409824302955
-3.2921670731901895
-3.349417750042108
-3.407161851921445
-3.465399375845219
-3.5241303188361637
-3.5833546778598664
-3.643072449881916
-3.7032836318336115
-3.763988220611968
-3.8251862131082843
-3.8868776061624284
-3.949062396614269
-4.011740581263672
-4.074912156893363
-4.13857712024606
-4.202735468058772
-4.267387197028503
-4.332532303835117
-4.3981707851356155
-4.464302637541286
-4.530927857669132
-4.598046442084724
-4.665658387342203
-4.73376368996714
-4.8023623464565315
-4.871454353284515
-4.941039706908089
-5.011118403744244
-5.081690440187117
-5.152755812619414
-5.224314517383841
-5.296366550805957
-5.368911909177038
-5.441950588771213
-5.515482585839756
-5.589507896599652
-5.664026517245026
-5.7390384439528646
-5.814543672860148
-5.890542200098144
-5.967034021752404
-6.044019133891336
-6.121497532560488
-6.199469213788268
-6.2779341735516505
-6.356892407833325
-6.436343912570265
-6.516288683676587
-6.596726717054976
-6.677658008562403
-6.759082554038696
-6.841000349306537
-6.923411390160036
-7.006315672359016
-7.089713191640444
-7.173603943729855
-7.25798792430707
-7.342865129046193
-7.4282355535756155
-7.514099193523725
-7.600456044467481
-7.687306101972412
-7.774649361575476
-7.862485818796487
-7.95081546912097
-8.039638308005879
-8.128954330891023
-8.218763533187643
-8.309065910284113
-8.399861457540245
-8.491150170292984
-8.582932043850708
-8.675207073498932
-8.767975254506034
-8.86123658209467
-8.954991051481784
-9.049238657850033
-9.143979396353501
-9.239213262134841
-9.334940250302424
-9.431160355930327
-9.527873574081204
-9.625079899789133
-9.72277932805962
-9.820971853875312
-9.919657472196002
-10.018836177952904
-10.118507966048666
-10.218672831363072
-10.319330768758768
-10.42048177306411
-10.522125839078877
-10.624262961591427
-10.726893135355825
-10.830016355091855
-10.933632615519294
-11.037741911300776
-11.142344237104652
-11.247439587553556
-11.353027957252975
-11.459109340774114
-11.565683732682459
-11.672751127492068
-11.780311519711285
-11.888364903825591
-11.996911274274758
-12.105950625487125
-12.215482951873886
-12.32550824780052
-12.436026507626796
-12.547037725678187
-12.658541896245888
-12.770539013615371
-12.883029072032114
-12.996012065718734
-13.109487988886414
-13.223456835694916
-13.337918600303993
-13.452873276839117
-13.568320859385755
-13.684261342035088
-13.80069471882687
-13.917620983783708
-14.035040130905353
-14.15295215416298
-14.27135704750491
-14.39025480486232
-14.509645420120668
-14.629528887159701
-14.749905199824873
-14.870774351933074
-14.992136337284041
-15.113991149654662
-15.236338782781816
-15.359179230390957
-15.482512486184682
-15.606338543819865
-15.730657396953388
-15.855469039202127
-15.980773464160102
-16.106570665398472
-16.23286063646554
-16.359643370869605
-16.486918862118973
-16.614687103670512
-16.742948088981095
-16.871701811456155
-17.000948264501133
-17.130687441481474
-17.260919335734037
-17.39164394058426
-17.522861249329004
-17.654571255225136
-17.786773951518086
-17.919469331436144
-18.052657388156167
-18.18633811486073
-18.320511504680976
-18.45517755074233
-18.590336246130224
-18.725987583912932
-18.862131557130173
-18.99876815880451
-19.135897381929933
-19.273519219460436
-19.4116336643443
-19.550240709495515
-19.68934034781093
-19.828932572153096
-19.96901737535601
-20.109594750242223
-20.25066468960001
-20.392227186194784
-20.534282232769097
-20.676829822036932
-20.819869946683703
-20.963402599383386
-21.107427772764247
-21.25194545945455
-21.39695565202541
-21.542458343059387
-21.688453525087585
-21.834941190623987
-21.981921332153988
-22.129393942151562
-22.27735901304497
-22.425816537256747
-22.574766507175152
-22.72420891515415
-22.874143753541993
-23.024571014652647
-23.17549069076579
-23.326902774149676
-23.478807257043975
-23.63120413165408
-23.784093390185383
-23.937475024780408
-24.091349027587402
-24.245715390720324
-24.400574106270273
-24.55592516628263
-24.711768562814207
-24.868104287870388
-25.02493233343941
-25.182252691475217
-25.340065353926054
-25.498370312705866
-25.657167559694315
-25.816457086753918
-25.976238885724335
-26.13651294842237
-26.297279266624827
-26.458537832102785
-26.62028863658733
-26.782531671798118
-26.9452669294148
-27.10849440109989
-27.272214078487323
-27.436425953199606
-27.601130016813535
-27.766326260900183
-27.932014676984913
-28.098195256587374
-28.264867991192922
-28.432032872269772
-28.599689891234714
-28.767839039521675
-28.93648030850744
-29.105613689551646
-29.27523917399679
-29.44535675314537
-29.615966418294164
-29.78706816070566
-29.958661971602364
-30.130747842212468
-30.303325763712753
-30.476395727268564
-30.649957724016677
-30.824011745071004
-30.998557781511174
-31.173595824399676
-31.349125864781847
-31.52514789366303
-31.70166190203713
-31.878667880852348
-32.05616582105687
-32.234155713558906
-32.41263754924948
-32.59161131898538
-32.7710770136062
-32.95103462391729
-33.13148414072397
-33.31242555476872
-33.493858856794006
-33.67578403751944
-33.85820108762464
-34.04110999777779
-34.22451075861277
-34.408403360740635
-34.59278779475527
-34.77766405121057
-34.96303212065471
-35.148891993590155
-35.335243660513655
-35.52208711188195
-35.70942233813464
-35.89724932968847
-36.0855680769259
-36.27437857021224
-36.46368079988995
-36.653474756267194
-36.84376042963499
-37.0345378102558
-37.225806888369206
-37.417567654191956
-37.60982009790649
-37.80256420968384
-37.99579997966071
-38.189527397951004
-38.383746454640004
-38.57845713979588
-38.77365944345821
-38.96935335564372
-39.16553886634056
-39.36221596551976
-39.5593846431066
-39.75704488903209
-39.95519669317581
-40.15384004540591
-40.35297493556767
-40.55260135347783
-40.75271928891881
-40.95332873166162
-41.154429671448675
-41.35602209798813
-41.55810600098812
-41.76068137009965
-41.96374819497371
-42.167306465227014
-42.3713561704477
-42.57589730020105
-42.78092984403519
-42.98645379146399
-43.192469131989846
-43.39897585506376
-43.605973950142435
-43.81346340664257
-44.02144421395801
-44.22991636144831
-44.438879838473035
-44.64833463433458
-44.858280738341094
-45.068718139754964
-45.279646827827186
-45.49106679176873
-45.702978020779156
-45.91538050403515
-46.1282742306734
-46.34165918981917
-46.555535370563426
-46.76990276198573
-46.98476135313133
-47.20011113301692
-47.41595209064202
-47.63228421497762
-47.84910749497183
-48.066421919549896
-48.284227477608496
-48.50252415801574
-48.721311949628316
-48.94059084126289
-49.16036082173042
-49.38062187979045
-49.6013740041968
-49.82261718368042
-50.044351406932265
-50.26657666263187
-50.489292939435906
-50.71250022596104
-50.9361985108125
-51.16038778256698
-51.38506802977255
-51.61023924096016
-51.83590140463221
-52.06205450926249
-52.28869854330767
-52.51583349519011
-52.743459353320766
-52.971576106076306
-53.20018374181051
-53.42928224884291
-53.658871615498725
-53.88895183004033
-54.11952288072436
-54.350584755790344
-54.58213744343779
-54.814180931854764
-55.04671520918936
-55.27974026357822
-55.51325608312941
-55.747262655916735
-55.98175997000826
-56.21674801343777
-56.452226774204775
-56.68819624030306
-56.9246563996864
-57.16160724029143
-57.399048750020526
-57.63698091677602
-57.875403728397416
-58.11431717274135
-58.35372123760731
-58.59361591078336
-58.83400118003471
-59.07487703309799
-59.316243457686966
-59.55810044148685
-59.80044797215997
-60.04328603735726
-60.286614624678194
-60.530433721722254
-60.77474331605463
-61.01954339521196
-61.26483394671372
-61.510614958045096
-61.756886416685575
-62.0036483100632
-62.250900625611735
-62.498643350707795
-62.74687647273371
-62.995599979026096
-63.244813856904436
-63.49451809367104
-63.74471267658825
-63.99539759290124
-64.24657282984377
-64.49823837459815
-64.750394214341
-65.00304033622608
-65.25617672737283
-65.50980337487216
-65.76392026581496
-66.01852738723497
-66.27362472616593
-66.5292122696073
-66.78529000452998
-67.04185791789341
-67.29891599661705
-67.55646422760893
-67.8145025977485
-68.07303109388666
-68.33204970284568
-68.59155841143645
-68.85155720644131
-69.11204607461396
-69.3730250026853
-69.6344939773576
-69.89645298532176
-70.15890201322864
-70.42184104770627
-70.68527007537693
-70.94918908281723
-71.21359805658659
-71.47849698322159
-71.74388584923024
-72.00976464110343
-72.27613334530342
-72.54299194826395
-72.81034043639588
-73.07817879609293
-73.34650701372023
-73.61532507561438
-73.88463296808908
-74.15443067743519
-74.42471818992641
-74.69549549179648
-74.96676256926767
-75.23851940853369
-75.51076599575968
-75.78350231709364
-76.05672835864925
-76.33044410652882
-76.60464954680033
-76.87934466551462
-77.15452944868827
-77.43020388232638
-77.70636795239412
-77.98302164484515
-78.26016494561034
-78.53779784058052
-78.8159203156294
-79.09453235662494
-79.37363394937799
-79.6532250796994
-79.93330573337141
-80.2138758961363
-80.49493555373633
-80.77648469187376
-81.05852329622799
-81.34105135245557
-81.62406884619591
-81.90757576304838
-82.191572088601
-82.47605780841313
-82.76103290802132
-83.04649737293354
-83.33245118864062
-83.6188943406048
-83.90582681426547
-84.19324859502775
-84.48115966829103
-84.76956001942041
-85.0584496337467
-85.34782849660074
-85.6376965932676
-85.92805390900956
-86.21890042908312
-86.51023613870483
-86.80206102306262
-87.09437506733302
-87.38717825665829
-87.68047057617493
-87.97425201096233
-88.26852254610557
-88.5632821666612
-88.85853085763999
-89.15426860404705
-89.45049539087032
-89.74721120305203
-90.04441602552298
-90.34210984319111
-90.64029264093008
-90.93896440360784
-91.23812511604089
-91.53777476305146
-91.83791332941604
-92.13854079989402
-92.4396571592219
-92.7412623921076
-93.04335648324194
-93.3459394172871
-93.64901117887676
-93.95257175263312
-94.25662112314411
-94.5611592749691
-94.86618619265029
-95.17170186071846
-95.47770626365296
-95.78419938592747
-96.0911812119927
-96.3986517262595
-96.70661091313289
-97.01505875698368
-97.32399524215975
-97.63342035298619
-97.94333407375949
-98.25373638875897
-98.56462728224115
-98.8760067384282
-99.18787474152519
-99.50023127571433
-99.81307632514351
-100.12640987395494
-100.4402319062508
-100.75454240612189
-101.06934135761321
-101.38462874476986
-101.70040455160256
-102.01666876209923
-102.33342136021922
-102.65066232990469
-102.96839165506928
-103.28660931959801
-103.60531530737023
-103.92450960221954
-104.24419218797385
-104.56436304841532
-104.88502216732043
-105.2061695284428
-105.5278051154903
-105.84992891217655
-106.17254090216943
-106.495641069114
-106.81922939664955
-107.1433058683697
-107.4678704678566
-107.79292317866388
-108.11846398431656
-108.44449286833394
-108.77100981418963
-109.09801480534007
-109.42550782523031
-109.75348885725964
-110.08195788482165
-110.41091489127565
-110.74035985996382
-111.07029277419973
-111.40071361727412
-111.73162237245486
-112.06301902298699
-112.3949035520812
-112.72727594294254
-113.060136178736
-113.39348424261517
-113.72732011769365
-114.06164378707928
-114.39645523384566
-114.73175444104349
-115.06754139170066
-115.40381606881645
-115.74057845538444
-116.07782853434678
-116.4155662886399
-116.75379170117735
-117.09250475483275
-117.43170543247963
-117.77139371694587
-118.1115695910479
-118.45223303757355
-118.79338403928212
-119.13502257892716
-119.47714863921655
-119.81976220284669
-120.16286325249116
-120.50645177078923
-120.85052774036873
-121.19509114381752
-121.54014196372346
-121.88568018263439
-122.23170578306956
-122.57821874753682
-122.92521905851545
-123.27270669846187
-123.62068164980391
-123.96914389495225
-124.31809341628905
-124.66753019617924
-125.01745421695355
-125.36786546092553
-125.71876391038585
-126.07014954759664
-126.42202235480859
-126.77438231422667
-127.12722940805585
-127.48056361845539
-127.83438492757884
-128.18869331755116
-128.54348877046303
-128.89877126839372
-129.2545407933939
-129.61079732749707
-129.96754085269683
-130.32477135098668
-130.68248880430875
-131.04069319460513
-131.3993845037836
-131.7585627137292
-132.11822780629825
-132.47837976334145
-132.83901856665804
-133.20014419805295
-133.56175663927976
-133.92385587209196
-134.2864418782088
-134.6495146393266
-135.01307413710757
-135.3771203532137
-135.74165326926143
-136.1066728668557
-136.47217912757284
-136.83817203297212
-137.20465156457848
-137.57161770389973
-137.9390704324208
-138.30700973159804
-138.67543558287645
-139.0443479676609
-139.41374686733923
-139.7836322632878
-140.15400413683156
-140.52486246930684
-140.89620724199287
-141.2680384361689
-141.64035603307983
-142.01316001394773
-142.38645035997757
-142.76022705234567
-143.13449007219987
-143.50923940068216
-143.88447501888325
-144.26019690789377
-144.63640504877574
-145.01309942255702
-145.3902800102539
-145.76794679285416
-146.14609975132845
-146.52473886660744
-146.903864119616
-147.2834754912505
-147.66357296237868
-148.0441565138455
-148.42522612647875
-148.80678178107758
-149.18882345841834
-149.57135113926026
-149.9543648043282
-150.33786443433
-150.72185000994477
-151.10632151184035
-151.4912789206502
-151.8767222169849
-152.26265138143225
-152.64906639456288
-153.0359672369188
-153.4233538890192
-153.81122633135476
-154.1995845444046
-154.58842850861362
-154.9777582044096
-155.36757361219173
-155.75787471234204
-156.148661485214
-156.53993391114395
-156.9316919704339
-157.3239356433687
-157.7166649102162
-158.10987975121552
-158.50358014657726
-158.89776607648918
-159.2924375211276
-159.68759446063453
-160.08323687513487
-160.47936474472496
-160.8759780494782
-161.2730767694395
-161.67066088465378
-162.06873037511446
-162.46728522080926
-162.86632540169163
-163.2658508976979
-163.66586168874153
-164.0663577547131
-164.4673390754746
-164.86880563086524
-165.2707574007127
-165.67319436480474
-166.07611650291764
-166.47952379479918
-166.88341622017415
-167.28779375874464
-167.69265639019545
-168.0980040941715
-168.5038368503176
-168.9101546382387
-169.31695743751672
-169.7242452277223
-170.13201798838597
-170.5402756990326
-170.9490183391585
-171.35824588821995
-171.76795832567893
-172.17815563094607
-172.58883778343758
-173.00000476251836
-173.41165654754752
-173.82379311784996
-174.23641445274478
-174.64952053150543
-175.0631113334053
-175.47718683767783
-175.89174702353355
-176.30679187017168
-176.72232135675696
-177.13833546243146
-177.5548341663314
-177.97181744754735
-178.38928528515277
-178.80723765821529
-179.2256745457455
-179.6445959267654
-180.06400178025694
-180.48389208517926
-180.90426682046288
-181.3251259650384
-181.74646949778491
-182.16829739758157
-182.5906096432617
-183.01340621365878
-183.43668708757193
-183.86045224377162
-184.28470166101133
-184.70943531803297
-185.13465319352713
-185.56035526619576
-185.98654151468367
-186.41321191764143
-186.84036645367956
-187.26800510139716
-187.69612783935335
-188.12473464609582
-188.5538255001608
-188.9834003800331
-189.41345926419754
-189.84400213111041
-190.27502895919932
-190.70653972687484
-191.13853441252462
-191.57101299450778
-192.00397545116627
-192.43742176081344
-192.87135190175127
-193.30576585224173
-193.74066359054103
-194.1760450948654
-194.6119103434254
-195.0482593143915
-195.48509198593425
-195.9224083361727
-196.36020834322602
-196.7984919851732
-197.2372592400877
-197.67651008601425
-198.1162445009577
-198.5564624629285
-198.99716394989724
-199.4383489398058
-199.88001741059614
-200.32216934015875
-200.76480470638415
-201.2079234871286
-201.6515256602311
-202.09561120350793
-202.5401800947353
-202.9852323117008
-203.430767832135
-203.87678663376835
-204.3232886942914
-204.7702739913889
-205.21774250271704
-205.66569420590352
-206.1141290785474
-206.56304709825338
-207.01244824256347
-207.4623324890367
-207.9126998151807
-208.363550198486
-208.8148836164316
-209.26670004646803
-209.7189994660172
-210.1717818524839
-210.62504718325
-211.07879543567458
-211.53302658709384
-211.9877406148154
-212.4429374961298
-212.89861720831598
-213.35477972860167
-213.81142503422015
-214.26855310237622
-214.72616391022888
-215.18425743494865
-215.64283365365455
-216.10189254346562
-216.56143408146096
-217.02145824471387
-217.48196501025194
-217.94295435510278
-218.4044262562598
-218.8663806906991
-219.32881763536258
-219.79173706718075
-220.25513896306688
-220.71902329989436
-221.18339005453078
-221.6482392038094
-222.11357072454075
-222.57938459352386
-223.04568078752914
-223.5124592832985
-223.97972005756245
-224.4474630870171
-224.91568834834723
-225.38439581820327
-225.85358547322997
-226.32325729002636
-226.79341124519146
-227.26404731529001
-227.7351654768696
-228.20676570644355
-228.67884798051944
-229.15141227556487
-229.62445856804743
-230.097986834389
-230.571997051
-231.04648919427376
-231.5214632405693
-231.99691916622848
-232.472856947576
-232.94927656090235
-233.4261779824865
-233.90356118857892
-234.3814261554129
-234.85977285919316
-235.33860127610725
-235.81791138231424
-236.29770315395592
-236.77797656714566
-237.25873159798525
-237.73996822255373
-238.22168641688438
-238.7038861570219
-239.1865674189596
-239.6697301786908
-240.15337441216872
-240.63750009534093
-241.12210720411503
-241.60719571439287
-242.09276560204202
-242.5788168429129
-243.06534941283303
-243.55236328760716
-244.03985844302287
-244.52783485482766
-245.01629249876916
-245.50523135056633
-245.99465138590386
-246.48455258045502
-246.97493490987026
-247.4657983497771
-247.9571428757745
-248.44896846345583
-248.94127508836854
-249.4340627260545
-249.9273313520327
-250.42108094179355
-250.9153114708046
-251.41002291452196
-251.90521524836174
-252.40088844774007
-252.8970424880331
-253.39367734459404
-253.89079299277043
-254.38838940787556
-254.88646656519984
-255.38502444001648
-255.8840630075702
-256.3835822430942
-256.8835821217876
-257.38406261883773
-257.88502370939796
-258.3864653686158
-258.8883875715988
-259.3907902934488
-259.89367350922754
-260.3970371939969
-260.90088132277293
-261.4052058705661
-261.91001081235817
-262.4152961231138
-262.9210617777691
-263.42730775124306
-263.9340340184261
-264.441240554197
-264.9489273334063
-265.4570943308758
-265.9657415214215
-266.4748688798253
-266.98447638084605
-267.4945639992257
-268.0051317096888
-268.51617948692
-269.027707305604
-269.5397151403969
-270.0522029659148
-270.5651707567794
-271.0786184875726
-271.592546132859
-272.10695366718045
-272.6218410650559
-273.137208300987
-273.65305534945287
-274.16938218490947
-274.68618878177864
-275.20347511448216
-275.7212411574076
-276.2394868849195
-276.75821227135964
-277.27741729105844
-277.797101918312
-278.31726612740493
-278.83790989258756
-279.35903318810455
-279.88063598816626
-280.40271826696016
-280.92527999865666
-281.44832115740894
-281.97184171734165
-282.4958416525622
-283.02032093714394
-283.54527954515993
-284.07071745063774
-284.59663462759914
-285.12303105004304
-285.6499066919398
-286.1772615272426
-286.7050955298761
-287.2334086737534
-287.7622009327592
-288.2914722807667
-288.8212226915977
-289.35145213909675
-289.8821605970457
-290.41334803923195
-290.945014439403
-291.47715977130633
-292.009784008638
-292.54288712509975
-293.0764690943591
-293.6105298900606
-294.1450694858261
-294.6800878552601
-295.2155849719559
-295.7515608094609
-296.28801534131685
-296.8249485410484
-297.36236038214014
-297.9002508380709
-298.43861988229116
-298.9774674882283
-299.51679362929826
-300.0565982788829
-300.5968814103526
-301.1376429970432
-301.67888301227947
-302.2206014293631
-302.762798221573
-303.3054733621651
-303.8486268243784
-304.39225858142316
-304.9363686064983
-305.48095687276265
-306.02602335337514
-306.57156802146034
-307.1175908501314
-307.6640918124558
-308.2110708815124
-308.7585280303401
-309.30646323195487
-309.85487645935564
-310.40376768552414
-310.95313688340775
-311.5029840259483
-312.05330908605885
-312.60411203661835
-313.1553928505056
-313.70715150057094
-314.25938795963606
-314.8121022005056
-315.36529419596695
-315.918963918779
-316.4731113416835
-317.0277364373992
-317.58283917862224
-318.1384195380371
-318.6944774882884
-319.251013002015
-319.8080260518272
-320.3655166103124
-320.9234846500523
-321.48193014358293
-322.04085306342887
-322.600253382109
-323.1601310720906
-323.720486105847
-324.2813184558226
-324.8426280944278
-325.4044149940614
-325.9666791271052
-326.52942046591215
-327.09263898281836
-327.65633465013696
-328.2205074401582
-328.78515732515524
-329.35028427737257
-329.9158882690377
-330.48196927236654
-331.0485272595351
-331.6155622027079
-332.18307407403245
-332.7510628456275
-333.31952848958906
-333.8884709780074
-334.45789028293274
-335.02778637639824
-335.5981592304256
-336.1690088170079
-336.7403351081155
-337.3121380757014
-337.88441769169594
-338.45717392800645
-339.0304067565289
-339.60411614911936
-340.178302077628
-340.75296451388226
-341.328103429681
-341.90371879681146
-342.4798105870326
-343.0563787720804
-343.633423323685
-344.21094421352535
-344.7889414132973
-345.3674148946455
-345.9463646292029
-346.5257905885913
-347.105692744398
-347.68607106819337
-348.26692553153043
-348.8482561059337
-349.4300627629163
-350.0123454739627
-350.59510421053466
-351.1783389440823
-351.7620496460332
-352.34623628777456
-352.9308988407052
-353.51603727617834
-354.1016515655298
-354.68774168008986
-355.27430759114304
-355.86134926997386
-356.44886668783255
-357.03685981595794
-357.6253286255659
-358.2142730878439
-358.80369317396776
-359.39358885508494
-359.9839601023257
-360.574806886803
-361.1661291795957
-361.75792695178836
-362.3502001744025
-362.9429488184885
-363.5361728550336
-364.129872255031
-364.72404698943365
-365.31869702919465
-365.9138223452271
-366.5094229084327
-367.10549868969014
-367.70204965986113
-368.2990757897787
-368.8965770502588
-369.4945534121059
-370.09300484608457
-370.6919313229535
-371.29133281344866
-371.8912092882717
-372.4915607181299
-373.092387073685
-373.69368832558143
-374.2954644444637
-374.89771540093057
-375.5004411655693
-376.1036417089503
-376.70731700162077
-377.31146701410523
-377.91609171690527
-378.52119108050545
-379.12676507537304
-379.7328136719526
-380.33933684065425
-380.9463345518939
-381.5538067760418
-382.1617534834624
-382.77017464449733
-383.37907022945967
-383.9884402086452
-384.5982845523386
-385.2086032307956
-385.8193962142493
-386.4306634729156
-387.0424049769876
-387.6546206966354
-388.26731060202354
-388.88047466327646
-389.49411285051286
-390.1082251338173
-390.72281148326283
-391.33787186890527
-391.9534062607662
-392.5694146288559
-393.1858969431731
-393.8028531736765
-394.4202832903135
-395.03818726301415
-395.65656506168585
-396.27541665621305
-396.89474201645737
-397.5145411122747
-398.13481391348085
-398.7555603898803
-399.37678051125476
-399.9984742473743
-400.6206415679805
-401.24328244278644
-401.86639684150515
-402.4899847338096
-403.1140460893614
-403.738580877805
-404.3635890687563
-404.9890706318198
-405.61502553657124
-406.24145375256944
-406.8683552493445
-407.4957299964324
-408.12357796331173
-408.7518991194728
-409.38069343436564
-410.009960877429
-410.63970141807886
-411.2699150257081
-411.9006016696926
-412.53176131939114
-413.16339394412813
-413.7954995132337
-414.42807799599234
-415.0611293616713
-415.6946535795379
-416.32865061881364
-416.9631204487145
-417.5980630384391
-418.2334783571519
-418.86936637400595
-419.505727058137
-420.1425603786467
-420.7798663046423
-421.4176448051797
-422.0558958493147
-422.69461940608034
-423.333815444481
-423.9734839335097
-424.6136248421423
-425.25423813932036
-425.895323793974
-426.5368817750105
-427.1789120513257
-427.8214145917869
-428.46438936523845
-429.1078363405134
-429.7517554864162
-430.39614677173404
-431.0410101652428
-431.686345635684
-432.33215315178785
-432.97843268225586
-433.62518419578953
-434.27240766103904
-434.92010304666593
-435.5682703212917
-436.21690945352657
-436.86602041195204
-437.5156031651382
-438.1656576816381
-438.81618392997035
-439.467181878648
-440.1186514961496
-440.770592750954
-441.4230056114998
-442.0758900462142
-442.72924602350747
-443.3830735117668
-444.0373724793565
-444.6921428946239
-445.34738472589913
-446.00309794148365
-446.65928250967335
-447.31593839872403
-447.9730655768972
-448.63066401240303
-449.288733673463
-449.9472745282586
-450.60628654496
-451.2657696917145
-451.92572393664636
-452.58614924786286
-453.2470455934599
-453.90841294149317
-454.5702512600243
-455.2325605170747
-455.89534068065456
-456.5585917187454
-457.2223135993287
-457.886506290346
-458.5511697597274
-459.21630397538013
-459.88190890519996
-460.54798451704846
-461.21453077878715
-461.8815476582318
-462.54903512320396
-463.21699314148515
-463.8854216808568
-464.55432070906625
-465.22369019383774
-465.89353010289005
-466.5638404039133
-467.23462106458595
-467.9058720525468
-468.57759333544016
-469.24978488087044
-469.92244665643625
-470.5955786297134
-471.2691807682491
-471.9432530395848
-472.6177954112336
-473.2928078506854
-473.96829032541893
-474.64424280289
-475.32066525053716
-475.9975576357706
-476.67491992598883
-477.3527520885734
-478.0310540908773
-478.70982590024204
-479.3890674839804
-480.06877880939965
-480.7489598437728
-481.42961055436126
-482.11073090840364
-482.7923208731158
-483.4743804157135
-484.1569095033667
-484.8399081032399
-485.5233761824745
-486.20731370818913
-486.89172064750244
-487.57659696748163
-488.2619426351996
-488.947757617695
-489.6340418820007
-490.3207953951154
-491.0080181240376
-491.69571003572037
-492.3838710971165
-493.07250127515607
-493.7616005367406
-494.4511688487715
-495.14120617811034
-495.83171249160705
-496.5226877560946
-497.21413193838873
-497.90604500527667
-498.59842692352845
-499.29127765990836
-499.9845971811351
-500.6783854539386
-501.37264244500324
-502.0673681210133
-502.76256244861895
-503.4582253944587
-504.154356925154
-504.8509570073035
-505.54802560748294
-506.245562692251
-506.9435682281604
-507.6420421817127
-508.3409845194323
-509.0403952077863
-509.7402742132475
-510.44062150225466
-511.1414370412349
-511.8427207965982
-512.544472734726
-513.2466928219884
-513.9493810247326
-514.6525373092886
-515.3561616419635
-516.0602539890588
-516.7648143168301
-517.4698425915391
-518.1753387794242
-518.8813028466899
-519.5877347595347
-520.2946344841341
-521.0020019866414
-521.7098372332034
-522.4181401899332
-523.1269108229264
-523.8361490982732
-524.5458549820233
-525.2560284402213
-525.9666694388999
-526.6777779440521
-527.3893539216649
-528.1013973377084
-528.8139081581297
-529.5268863488475
-530.2403318757802
-530.9542447048123
-531.6686248018165
-532.3834721326429
-533.0987866631242
-533.8145683590764
-534.5308171862921
-535.2475331105472
-535.9647160976002
-536.682366113181
-537.4004831230199
-538.1190670928122
-538.838117988231
-539.5576357749493
-540.2776204186054
-540.9980718848207
-541.7189901392054
-542.4403751473466
-543.1622268748084
-543.8845452871383
-544.6073303498658
-545.3305820285042
-546.0543002885432
-546.7784850954558
-547.5031364146977
-548.2282542117016
-548.953838451889
-549.6798891006529
-550.4064061233802
-551.1333894854181
-551.8608391521138
-552.5887550887915
-553.3171372607526
-554.0459856332872
-554.7753001716508
-555.5050808411049
-556.2353276068653
-556.9660404341419
-557.6972192881389
-558.4288641340148
-559.1609749369342
-559.893551662021
-560.6265942744053
-561.3601027391657
-562.0940770214035
-562.8285170861573
-563.5634228984827
-564.2987944234013
-565.0346316259058
-565.7709344710005
-566.5077029236325
-567.2449369487659
-567.9826365113195
-568.7208015762117
-569.4594321083266
-570.1985280725488
-570.938089433728
-571.6781161566971
-572.4186082062776
-573.1595655472735
-573.900988144455
-574.6428759625976
-575.3852289664256
-576.1280471206862
-576.8713303900751
-577.615078739282
-578.3592921329741
-579.1039705358073
-579.8491139124085
-580.594722227399
-581.340795445366
-582.087333530891
-582.8343364485323
-583.5818041628314
-584.3297366383126
-585.0781338394714
-585.826995730798
-586.5763222767591
-587.3261134417994
-588.0763691903513
-588.8270894868307
-589.5782742956189
-590.329923581103
-591.0820373076243
-591.8346154395357
-592.5876579411499
-593.3411647767628
-594.095135910664
-594.8495713071151
-595.6044709303602
-596.3598347446379
-597.1156627141409
-597.8719548030735
-598.6287109755942
-599.3859311958729
-600.1436154280397
-600.9017636362128
-601.6603757844823
-602.419451836944
-603.1789917576532
-603.9389955106601
-604.699463059986
-605.460394369635
-606.2217894036115
-606.9836481258739
-607.7459705003806
-608.5087564910675
-609.2720060618528
-610.0357191766325
-610.7998957992904
-611.5645358936881
-612.3296394236697
-613.0952063530624
-613.8612366456761
-614.6277302652976
-615.3946871757029
-616.1621073406445
-616.9299907238525
-617.698337289051
-618.4671469999471
-619.2364198202022
-620.0061557134946
-620.7763546434687
-621.5470165737457
-622.318141467947
-623.0897292896484
-623.8617800024309
-624.6342935698475
-625.4072699554395
-626.1807091227253
-626.9546110352006
-627.7289756563554
-628.5038029496508
-629.2790928785367
-630.0548454064348
-630.8310604967661
-631.6077381129178
-632.3848782182711
-633.1624807761789
-633.9405457499766
-634.7190731029945
-635.4980627985335
-636.277514799878
-637.0574290702892
-637.8378055730344
-638.618644271329
-639.3999451283943
-640.1817081074289
-640.9639331716025
-641.7466202840852
-642.5297694080183
-643.3133805065203
-644.0974535427036
-644.8819884796585
-645.666985280452
-646.4524439081393
-647.2383643257593
-648.0247464963276
-648.8115903828481
-649.5988959482964
-650.3866631556426
-651.174891967828
-651.9635823477937
-652.7527342584413
-653.5423476626661
-654.3324225233467
-655.1229588033389
-655.9139564654921
-656.705415472611
-657.4973357875222
-658.2897173729957
-659.082560191813
-659.8758642067208
-660.669629380455
-661.463855675734
-662.2585430552588
-663.0536914817081
-663.8493009177432
-664.6453713260196
-665.4419026691587
-666.238894909776
-667.0363480104585
-667.8342619337876
-668.6326366423274
-669.4314720986077
-670.2307682651642
-671.0305251044867
-671.8307425790823
-672.6314206514064
-673.4325592839205
-674.2341584390628
-675.0362180792433
-675.8387381668662
-676.6417186643184
-677.4451595339642
-678.2490607381446
-679.0534222392013
-679.8582439994466
-680.663525981165
-681.4692681466518
-682.2754704581569
-683.0821328779246
-683.8892553681874
-684.6968378911496
-685.5048804090038
-686.3133828839201
-687.1223452780623
-687.9317675535661
-688.7416496725558
-689.5519915971381
-690.3627932893917
-691.1740547113891
-691.9857758251917
-692.7979565928264
-693.6105969763088
-694.4236969376487
-695.2372564388274
-696.0512754418035
-696.8657539085352
-697.6806918009523
-698.496089080962
-699.3119457104654
-700.1282616513466
-700.9450368654614
-701.7622713146593
-702.5799649607675
-703.3981177655959
-704.2167296909427
-705.0358006985834
-705.8553307502654
-706.6753198077524
-707.4957678327459
-708.3166747869698
-709.1380406321142
-709.9598653298458
-710.7821488418203
-711.604891129682
-712.4280921550518
-713.2517518795339
-714.0758702647155
-714.9004472721718
-715.7254828634502
-716.5509770000916
-717.3769296436087
-718.2033407555144
-719.030210297287
-719.8575382303991
-720.6853245163005
-721.5135691164184
-722.3422719921795
-723.1714331049823
-724.0010524162079
-724.8311298872266
-725.6616654793847
-726.4926591540126
-727.3241108724226
-728.1560205959274
-728.9883882857885
-729.8212139032897
-730.6544974096639
-731.4882387661495
-732.322437933956
-733.1570948742822
-733.9922095483147
-734.8277819172006
-735.6638119420983
-736.5002995841319
-737.3372448044197
-738.1746475640516
-739.012507824106
-739.850825545644
-740.6896006897156
-741.5288332173475
-742.3685230895439
-743.208670267309
-744.0492747116183
-744.8903363834243
-745.7318552436855
-746.5738312533144
-747.4162643732296
-748.2591545643264
-749.1025017874778
-749.9463060035389
-750.7905671733654
-751.6352852577785
-752.4804602175823
-753.3260920135808
-754.172180606544
-755.0187259572358
-755.8657280263918
-756.7131867747474
-757.5611021630097
-758.4094741518683
-759.2583027020016
-760.1075877740767
-760.9573293287261
-761.8075273265824
-762.6581817282556
-763.5092924943382
-764.3608595854113
-765.212882962022
-766.0653625847286
-766.9182984140552
-767.7716904105031
-768.625538534579
-769.47984274675
-770.3346030074886
-771.1898192772219
-772.0454915163938
-772.9016196854142
-773.7582037446642
-774.6152436545365
-775.4727393753838
-776.3306908675643
-777.1890980913907
-778.0479610071872
-778.9072795752433
-779.7670537558375
-780.6272835092368
-781.4879687956908
-782.3491095754265
-783.2107058086538
-784.0727574555765
-784.9352644763702
-785.7982268312047
-786.6616444802212
-787.5255173835551
-788.3898455013306
-789.2546287936315
-790.1198672205478
-790.9855607421521
-791.8517093184884
-792.7183129095836
-793.5853714754703
-794.4528849761354
-795.3208533715716
-796.1892766217486
-797.0581546866133
-797.9274875261126
-798.7972751001478
-799.667517368637
-800.5382142914644
-801.4093658285027
-802.2809719396015
-803.1530325845991
-804.0255477233283
-804.8985173155872
-805.7719413211629
-806.6458196998308
-807.5201524113548
-808.3949394154763
-809.2701806719135
-810.145876140379
-811.0220257805626
-811.8986295521482
-812.7756874147915
-813.6531993281421
-814.5311652518212
-815.4095851454499
-816.2884589686153
-817.167786680904
-818.0475682418745
-818.9278036110851
-819.8084927480598
-820.6896356123169
-821.5712321633576
-822.453282360666
-823.3357861637031
-824.2187435319302
-825.1021544247798
-825.9860188016731
-826.8703366220085
-827.7551078451842
-828.6403324305585
-829.5260103375012
-830.4121415253477
-831.2987259534165
-832.1857635810255
-833.0732543674534
-833.9611982719954
-834.8495952538956
-835.7384452724039
-836.6277482867525
-837.5175042561572
-838.4077131398046
-839.2983748968762
-840.1894894865471
-841.0810568679586
-841.9730770002519
-842.8655498425338
-843.7584753539112
-844.6518534934795
-845.5456842202942
-846.4399674934164
-847.3347032718843
-848.229891514725
-849.1255321809423
-850.0216252295232
-850.9181706194488
-851.8151683096773
-852.71261825915
-853.6105204268023
-854.508874771541
-855.4076812522671
-856.3069398278535
-857.2066504571783
-858.1068130990855
-859.0074277124077
-859.9084942559659
-860.8100126885587
-861.7119829689785
-862.6144050559949
-863.5172789083606
-864.4206044848282
-865.3243817441045
-866.2286106449134
-867.133291145939
-868.0384232058652
-868.9440067833533
-869.8500418370471
-870.7565283255794
-871.6634662075654
-872.5708554416092
-873.4786959862919
-874.3869878001831
-875.2957308418355
-876.2049250697846
-877.1145704425599
-878.0246669186682
-878.9352144565938
-879.8462130148147
-880.7576625517978
-881.6695630259815
-882.5819143957981
-883.4947166196631
-884.4079696559693
-885.3216734631089
-886.2358279994461
-887.1504332233334
-888.0654890931062
-888.9809955670885
-889.896952603587
-890.8133601608915
-891.7302181972804
-892.6475266710089
-893.5652855403267
-894.4834947634607
-895.4021542986206
-896.3212641040161
-897.2408241378283
-898.1608343582211
-899.0812947233471
-900.0022051913473
-900.923565720346
-901.8453762684439
-902.7676367937423
-903.6903472543082
-904.6135076082081
-905.5371178134918
-906.4611778281806
-907.385687610301
-908.3106471178457
-909.2360563088017
-910.1619151411497
-911.0882235728255
-912.0149815617871
-912.9421890659471
-913.869846043218
-914.7979524514952
-915.7265082486628
-916.6555133925816
-917.5849678410958
-918.5148715520494
-919.4452244832462
-920.3760265925074
-921.3072778376082
-922.23897817633
-923.1711275664251
-924.1037259656403
-925.0367733317112
-925.9702696223386
-926.9042147952238
-927.8386088080564
-928.7734516185033
-929.7087431842141
-930.6444834628269
-931.580672411963
-932.5173099892377
-933.4543961522435
-934.3919308585557
-935.3299140657384
-936.2683457313383
-937.2072258128909
-938.1465542679142
-939.0863310539153
-940.0265561283779
-940.9672294487804
-941.908350972578
-942.8499206572204
-943.7919384601288
-944.7344043387242
-945.677318250399
-946.6206801525517
-947.5644900025346
-948.5087477577174
-949.4534533754297
-950.3986068130071
-951.3442080277504
-952.2902569769607
-953.2367536179164
-954.1836979078842
-955.1310898041194
-956.0789292638545
-957.0272162443165
-957.9759507027034
-958.9251325962192
-959.8747618820335
-960.8248385173104
-961.7753624591963
-962.7263336648327
-963.6777520913377
-964.6296176958066
-965.5819304353346
-966.5346902669945
-967.4878971478529
-968.441551034948
-969.3956518853124
-970.350199655967
-971.3051943039103
-972.2606357861288
-973.2165240595922
-974.1728590812645
-975.1296408080867
-976.0868691969885
-977.0445442048823
-978.0026657886635
-978.9612339052275
-979.9202485114408
-980.8797095641592
-981.8396170202149
-982.7999708364518
-983.7607709696682
-984.7220173766736
-985.6837100142379
-986.6458488391419
-987.6084338081381
-988.571464877962
-989.534942005343
-990.4988651469939
-991.4632342596041
-992.4280492998631
-993.393310224438
-994.3590169899782
-995.3251695531276
-996.2917678705073
-997.2588118987328
-998.2263015943905
-999.1942369140733
-1000.162617814339
-1001.1314442517461
-1002.1007161828354
-1003.0704335641253
-1004.0405963521281
-1005.0112045033393
-1005.9822579742369
-1006.9537567212935
-1007.9257007009587
-1008.8980898696764
-1009.8709241838618
-1010.8442035999304
-1011.8179280742804
-1012.7920975632869
-1013.7667120233198
-1014.7417714107314
-1015.7172756818684
-1016.6932247930434
-1017.6696187005688
-1018.6464573607457
-1019.6237407298579
-1020.6014687641664
-1021.5796414199324
-1022.5582586533883
-1023.5373204207607
-1024.516826678265
-1025.496777382094
-1026.477172488434
-1027.458011953449
-1028.4392957333027
-1029.421023784131
-1030.4031960620573
-1031.3858125232
-1032.3688731236484
-1033.352377819498
-1034.3363265668158
-1035.320719321651
-1036.305556040059
-1037.290836678061
-1038.2765611916664
-1039.2627295368793
-1040.2493416696918
-1041.236397546074
-1042.2238971219779
-1043.2118403533505
-1044.200227196127
-1045.1890576062196
-1046.1783315395298
-1047.1680489519526
-1048.158209799355
-1049.1488140376034
-1050.139861622542
-1051.131352510003
-1052.1232866558073
-1053.1156640157647
-1054.1084845456562
-1055.101748201263
-1056.0954549383544
-1057.089604712677
-1058.0841974799666
-1059.079233195941
-1060.0747118163129
-1061.0706332967773
-1062.066997593018
-1063.0638046606964
-1064.0610544554675
-1065.0587469329694
-1066.0568820488293
-1067.055459758656
-1068.0544800180542
-1069.0539427826043
-1070.0538480078762
-1071.054195649428
-1072.0549856628006
-1073.0562180035292
-1074.0578926271264
-1075.0600094890933
-1076.0625685449193
-1077.065569750077
-1078.0690130600385
-1079.0728984302366
-1080.0772258161091
-1081.081995173083
-1082.0872064565622
-1083.092859621933
-1084.0989546245826
-1085.1054914198746
-1086.1124699631614
-1087.119890209784
-1088.1277521150607
-1089.1360556343095
-1090.1448007228257
-1091.1539873358931
-1092.16361542879
-1093.1736849567603
-1094.184195875059
-1095.195148138913
-1096.206541703543
-1097.218376524142
-1098.2306525559077
-1099.243369754021
-1100.2565280736346
-1101.2701274699066
-1102.2841678979662
-1103.2986493129436
-1104.3135716699392
-1105.3289349240542
-1106.3447390303727
-1107.360983943961
-1108.3776696198804
-1109.3947960131572
-1110.4123630788413
-1111.4303707719366
-1112.4488190474467
-1113.4677078603584
-1114.4870371656525
-1115.5068069182873
-1116.5270170732097
-1117.5476675853602
-1118.5687584096631
-1119.590289501019
-1120.6122608143348
-1121.634672304483
-1122.657523926336
-1123.6808156347486
-1124.704547384565
-1125.728719130618
-1126.7533308277164
-1127.77838243067
-1128.8038738942657
-1129.8298051732786
-1130.8561762224726
-1131.8829869966057
-1132.9102374504018
-1133.9379275385904
-1134.9660572158841
-1135.9946264369837
-1137.023635156567
-1138.0530833293071
-1139.0829709098643
-1140.1132978528829
-1141.1440641129893
-1142.1752696448102
-1143.2069144029497
-1144.2389983419998
-1145.2715214165362
-1146.304483581128
-1147.3378847903334
-1148.3717249986878
-1149.4060041607206
-1150.4407222309444
-1151.4758791638658
-1152.5114749139625
-1153.547509435719
-1154.5839826836016
-1155.6208946120425
-1156.6582451754973
-1157.696034328381
-1158.7342620250977
-1159.7729282200623
-1160.8120328676391
-1161.8515759222198
-1162.891557338146
-1163.9319770697753
-1164.9728350714377
-1166.0141312974451
-1167.0558657021215
-1168.0980382397452
-1169.1406488646055
-1170.1836975309693
-1171.2271841930972
-1172.2711088052217
-1173.315471321581
-1174.3602716963962
-1175.4055098838594
-1176.4511858381743
-1177.4972995135165
-1178.5438508640439
-1179.5908398439203
-1180.6382664072867
-1181.686130508261
-1182.7344321009673
-1183.7831711395063
-1184.8323475779678
-1185.8819613704238
-1186.9320124709411
-1187.9825008335752
-1189.033426412364
-1190.0847891613282
-1191.136589034489
-1192.1888259858388
-1193.2414999693756
-1194.294610939063
-1195.3481588488767
-1196.402143652757
-1197.4565653046457
-1198.5114237584658
-1199.5667189681355
-1200.6224508875448
-1201.6786194705885
-1202.7352246711448
-1203.7922664430632
-1204.8497447402046
-1205.9076595164015
-1206.9660107254801
-1208.0247983212448
-1209.084022257505
-1210.1436824880468
-1211.2037789666347
-1212.2643116470433
-1213.3252804830083
-1214.3866854282817
-1215.4485264365762
-1216.5108034616096
-1217.5735164570829
-1218.6366653766743
-1219.7002501740674
-1220.7642708029232
-1221.8287272168855
-1222.893619369598
-1223.9589472146874
-1225.0247107057576
-1226.090909796412
-1227.1575444402436
-1228.224614590827
-1229.2921202017205
-1230.3600612264765
-1231.4284376186301
-1232.4972493317168
-1233.5664963192485
-1234.6361785347149
-1235.706295931617
-1236.7768484634328
-1237.8478360836175
-1238.9192587456319
-1239.9911164029086
-1241.0634090088797
-1242.1361365169662
-1243.2092988805605
-1244.2828960530605
-1245.3569279878418
-1246.431394638279
-1247.5062959577194
-1248.5816318995032
-1249.6574024169663
-1250.7336074634206
-1251.8102469921785
-1252.8873209565295
-1253.9648293097573
-1255.0427720051346
-1256.1211489959105
-1257.1999602353346
-1258.2792056766334
-1259.3588852730395
-1260.4389989777565
-1261.5195467439767
-1262.6005285248868
-1263.681944273662
-1264.7637939434662
-1265.84607748744
-1266.9287948587187
-1268.0119460104374
-1269.0955308956973
-1270.1795494676105
-1271.2640016792495
-1272.3488874837037
-1273.4342068340338
-1274.5199596832895
-1275.6061459845146
-1276.6927656907355
-1277.7798187549731
-1278.86730513022
-1279.9552247694855
-1281.043577625739
-1282.1323636519446
-1283.221582801077
-1284.311235026066
-1285.4013202798465
-1286.4918385153483
-1287.582789685472
-1288.674173743119
-1289.7659906411723
-1290.8582403325104
-1291.9509227699882
-1293.0440379064614
-1294.1375856947677
-1295.2315660877277
-1296.3259790381687
-1297.4208244988824
-1298.5161024226613
-1299.6118127622865
-1300.7079554705274
-1301.804530500136
-1302.9015378038591
-1303.9989773344264
-1305.0968490445614
-1306.1951528869763
-1307.2938888143608
-1308.393056779404
-1309.4926567347788
-1310.5926886331456
-1311.69315242716
-1312.7940480694538
-1313.8953755126595
-1314.9971347093924
-1316.099325612256
-1317.2019481738373
-1318.3050023467226
-1319.4084880834757
-1320.5124053366603
-1321.6167540588174
-1322.7215342024876
-1323.8267457201837
-1324.9323885644233
-1326.0384626877071
-1327.1449680425137
-1328.2519045813324
-1329.359272256618
-1330.467071020826
-1331.5753008264
-1332.6839616257723
-1333.7930533713525
-1334.9025760155614
-1336.0125295107853
-1337.1229138094113
-1338.2337288638141
-1339.344974626352
-1340.4566510493771
-1341.5687580852248
-1342.6812956862243
-1343.7942638046939
-1344.907662392934
-1346.0214914032347
-1347.1357507878906
-1348.250440499157
-1349.3655604893006
-1350.481110710565
-1351.5970911151883
-1352.713501655397
-1353.8303422834006
-1354.9476129514028
-1356.065313611596
-1357.183444216161
-1358.3020047172556
-1359.4209950670495
-1360.5404152176834
-1361.6602651212868
-1362.780544729995
-1363.9012539959028
-1365.022392871123
-1366.1439613077443
-1367.2659592578398
-1368.3883866734755
-1369.5112435067126
-1370.6345297095945
-1371.758245234148
-1372.8823900323996
-1374.0069640563645
-1375.131967258035
-1376.257399589409
-1377.3832610024501
-1378.5095514491338
-1379.6362708814179
-1380.7634192512376
-1381.8909965105333
-1383.0190026112182
-1384.147437505215
-1385.276301144414
-1386.405593480704
-1387.5353144659691
-1388.66546405207
-1389.796042190862
-1390.927048834194
-1392.058483933893
-1393.1903474417857
-1394.322639309681
-1395.4553594893832
-1396.5885079326729
-1397.7220845913366
-1398.8560894171435
-1399.9905223618407
-1401.1253833771743
-1402.2606724148854
-1403.3963894266976
-1404.5325343643176
-1405.669107179446
-1406.806107823778
-1407.9435362489974
-1409.081392406765
-1410.2196762487417
-1411.3583877265712
-1412.4975267918971
-1413.6370933963346
-1414.7770874915102
-1415.9175090290162
-1417.0583579604563
-1418.1996342374
-1419.3413378114337
-1420.483468634104
-1421.6260266569632
-1422.769011831552
-1423.912424109406
-1425.056263442031
-1426.2005297809342
-1427.3452230776218
-1428.4903432835663
-1429.6358903502453
-1430.7818642291259
-1431.928264871657
-1433.0750922292882
-1434.2223462534348
-1435.3700268955345
-1436.518134106991
-1437.6666678392025
-1438.8156280435612
-1439.9650146714364
-1441.1148276741974
-1442.265067003208
-1443.4157326098093
-1444.5668244453418
-1445.7183424611235
-1446.8702866084668
-1448.0226568386838
-1449.175453103064
-1450.3286753528853
-1451.4823235394258
-1452.6363976139462
-1453.7908975276903
-1454.9458232319016
-1456.101174677818
-1457.2569518166495
-1458.413154599605
-1459.5697829778824
-1460.726836902674
-1461.8843163251552
-1463.0422211964835
-1464.2005514678287
-1465.3593070903316
-1466.518488015127
-1467.678094193339
-1468.8381255760794
-1469.998582114455
-1471.159463759561
-1472.3207704624751
-1473.4825021742754
-1474.6446588460228
-1475.8072404287664
-1476.9702468735502
-1478.1336781314062
-1479.2975341533554
-1480.4618148904015
-1481.6265202935538
-1482.7916503137928
-1483.9572049021056
-1485.1231840094613
-1486.289587586812
-1487.4564155851103
-1488.623667955297
-1489.7913446482953
-1490.9594456150292
-1492.1279708063994
-1493.2969201733013
-1494.4662936666352
-1495.6360912372622
-1496.8063128360548
-1497.9769584138735
-1499.1480279215561
-1500.3195213099466
-1501.4914385298655
-1502.663779532134
-1503.836544267544
-1505.009732686905
-1506.1833447409979
-1507.3573803805975
-1508.531839556462
-1509.7067222193552
-1510.8820283200175
-1512.0577578091843
-1513.2339106375734
-1514.4104867559142
-1515.5874861148964
-1516.7649086652145
-1517.9427543575582
-1519.1210231426053
-1520.299714971011
-1521.4788297934306
-1522.6583675605075
-1523.8383282228854
-1525.0187117311737
-1526.199518035993
-1527.3807470879472
-1528.5623988376285
-1529.7444732356232
-1530.926970232501
-1532.109889778831
-1533.2932318251658
-1534.4769963220458
-1535.661183220006
-1536.8457924695706
-1538.0308240212569
-1539.2162778255663
-1540.4021538329932
-1541.588451994022
-1542.7751722591245
-1543.9623145787787
-1545.1498789034224
-1546.337865183505
-1547.5262733694703
-1548.7151034117335
-1549.9043552607209
-1551.0940288668246
-1552.2841241804485
-1553.474641151979
-1554.6655797317912
-1555.8569398702543
-1557.0487215177152
-1558.240924624537
-1559.4335491410438
-1560.6265950175648
-1561.8200622044178
-1563.0139506519154
-1564.208260310358
-1565.4029911300236
-1566.5981430612014
-1567.7937160541528
-1568.989710059138
-1570.1861250264178
-1571.3829609062134
-1572.580217648774
-1573.7778952043086
-1574.9759935230327
-1576.1745125551438
-1577.3734522508403
-1578.5728125603027
-1579.7725934337004
-1580.9727948211973
-1582.1734166729452
-1583.3744589390965
-1584.5759215697747
-1585.777804515115
-1586.980107725224
-1588.182831150208
-1589.3859747401677
-1590.589538445187
-1591.7935222153494
-1592.99792600071
-1594.2027497513352
-1595.4079934172746
-1596.6136569485657
-1597.8197402952355
-1599.0262434073043
-1600.2331662347874
-1601.4405087276768
-1602.6482708359765
-1603.8564525096613
-1605.0650536987064
-1606.2740743530753
-1607.4835144227202
-1608.6933738575876
-1609.9036526076127
-1611.1143506227188
-1612.32546785283
-1613.5370042478467
-1614.7489597576698
-1615.9613343321828
-1617.1741279212697
-1618.3873404748022
-1619.6009719426356
-1620.815022274625
-1622.029491420614
-1623.244379330429
-1624.4596859539024
-1625.6754112408375
-1626.891555141044
-1628.1081176043194
-1629.3250985804505
-1630.5424980192122
-1631.760315870368
-1632.9785520836876
-1634.1972066089118
-1635.4162793957864
-1636.6357703940357
-1637.8556795533832
-1639.0760068235465
-1640.2967521542266
-1641.517915495113
-1642.7394967959
-1643.9614960062609
-1645.1839130758556
-1646.406747954351
-1647.6300005913904
-1648.8536709366178
-1650.0777589396594
-1651.302264550136
-1652.5271877176626
-1653.7525283918428
-1654.9782865222692
-1656.2044620585277
-1657.4310549501936
-1658.6580651468305
-1659.8854925980079
-1661.113337253266
-1662.3415990621463
-1663.5702779741775
-1664.7993739388837
-1666.0288869057827
-1667.258816824369
-1668.4891636441441
-1669.7199273145911
-1670.951107785188
-1672.1827050054073
-1673.4147189247035
-1674.6471494925265
-1675.8799966583194
-1677.1132603715148
-1678.3469405815388
-1679.581037237801
-1680.8155502897105
-1682.0504796866653
-1683.2858253780519
-1684.5215873132454
-1685.7577654416264
-1686.994359712547
-1688.2313700753652
-1689.4687964794218
-1690.7066388740518
-1691.9448972085847
-1693.183571432338
-1694.4226614946183
-1695.6621673447266
-1696.902088931952
-1698.142426205578
-1699.3831791148825
-1700.6243476091265
-1701.865931637565
-1703.107931149447
-1704.3503460940108
-1705.5931764204938
-1706.836422078106
-1708.0800830160615
-1709.324159183576
-1710.5686505298302
-1711.8135570040217
-1713.0588785553202
-1714.3046151329004
-1715.5507666859257
-1716.7973331635376
-1718.0443145148931
-1719.2917106891166
-1720.5395216353368
-1721.7877473026717
-1723.0363876402337
-1724.2854425971234
-1725.5349121224244
-1726.7847961652374
-1728.0350946746175
-1729.2858075996369
-1730.5369348893616
-1731.7884764928301
-1733.0404323590974
-1734.292802437178
-1735.5455866761101
-1736.7987850248971
-1738.0523974325602
-1739.3064238480854
-1740.560864220465
-1741.8157184986796
-1743.0709866317102
-1744.3266685685144
-1745.5827642580502
-1746.8392736492585
-1748.0961966910913
-1749.3535333324721
-1750.611283522319
-1751.8694472095551
-1753.1280243430817
-1754.3870148717992
-1755.6464187445913
-1756.906235910336
-1758.1664663179224
-1759.427109916194
-1760.6881666540176
-1761.9496364802362
-1763.2115193436941
-1764.4738151932172
-1765.7365239776266
-1766.9996456457368
-1768.2631801463633
-1769.5271274282925
-1770.791487440322
-1772.0562601312213
-1773.3214454497768
-1774.5870433447406
-1775.853053764876
-1777.1194766589358
-1778.3863119756488
-1779.6535596637502
-1780.921219671975
-1782.1892919490238
-1783.457776443609
-1784.7266731044308
-1785.9959818801792
-1787.265702719537
-1788.5358355711771
-1789.8063803837713
-1791.0773371059747
-1792.3487056864305
-1793.6204860737944
-1794.892678216692
-1796.1652820637562
-1797.43829756359
-1798.7117246648202
-1799.9855633160446
-1801.2598134658494
-1802.5344750628212
-1803.8095480555467
-1805.0850323925888
-1806.3609280225119
-1807.6372348938673
-1808.9139529552021
-1810.191082155051
-1811.468622441949
-1812.746573764414
-1814.0249360709581
-1815.3037093100936
-1816.5828934303154
-1817.862488380107
-1819.1424941079576
-1820.4229105623394
-1821.7037376917249
-1822.9849754445572
-1824.2666237692972
-1825.5486826143883
-1826.8311519282631
-1828.1140316593476
-1829.3973217560567
-1830.6810221668059
-1831.9651328399982
-1833.2496537240318
-1834.5345847672872
-1835.8199259181513
-1837.105677124987
-1838.391838336164
-1839.67840950004
-1840.9653905649673
-1842.2527814792747
-1843.5405821912977
-1844.8287926493713
-1846.1174128018074
-1847.4064425969123
-1848.6958819829927
-1849.985730908338
-1851.275989321237
-1852.5666571699733
-1853.8577344028138
-1855.1492209680189
-1856.4411168138436
-1857.7334218885428
-1859.0261361403545
-1860.3192595175165
-1861.612791968238
-1862.9067334407514
-1864.2010838832655
-1865.4958432439728
-1866.7910114710767
-1868.086588512758
-1869.3825743172029
-1870.678968832581
-1871.9757720070497
-1873.2729837887732
-1874.5706041258973
-1875.8686329665686
-1877.1670702589165
-1878.4659159510645
-1879.765169991136
-1881.0648323272492
-1882.364902907493
-1883.6653816799737
-1884.9662685927754
-1886.267563593981
-1887.5692666316688
-1888.8713776538996
-1890.1738966087337
-1891.476823444226
-1892.780158108415
-1894.0839005493435
-1895.3880507150327
-1896.6926085535144
-1897.9975740127982
-1899.302947040893
-1900.608727585791
-1901.9149155954904
-1903.221511017977
-1904.5285138012264
-1905.8359238932073
-1907.1437412418893
-1908.451965795219
-1909.7605975011536
-1911.0696363076227
-1912.379082162567
-1913.6889350139104
-1914.9991948095758
-1916.30986149747
-1917.6209350254992
-1918.9324153415644
-1920.2443023935487
-1921.556596129336
-1922.8692964968038
-1924.1824034438132
-1925.4959169182416
-1926.8098368679214
-1928.1241632407134
-1929.438895984455
-1930.7540350469787
-1932.0695803760993
-1933.3855319196432
-1934.7018896254253
-1936.018653441238
-1937.3358233148788
-1938.6533991941399
-1939.9713810268076
-1941.2897687606517
-1942.6085623434408
-1943.9277617229272
-1945.2473668468801
-1946.567377663035
-1947.8877941191317
-1949.2086161629
-1950.5298437420747
-1951.8514768043683
-1953.1735152974866
-1954.495959169142
-1955.8188083670236
-1957.1420628388266
-1958.465722532229
-1959.7897873949137
-1961.1142573745417
-1962.4391324187795
-1963.764412475282
-1965.0900974916983
-1966.4161874156607
-1967.742682194807
-1969.0695817767694
-1970.3968861091623
-1971.7245951396071
-1973.0527088156955
-1974.381227085037
-1975.7101498952231
-1977.0394771938352
-1978.3692089284536
-1979.6993450466534
-1981.0298854959924
-1982.3608302240284
-1983.692179178319
-1985.0239323064109
-1986.3560895558333
-1987.6886508741152
-1989.021616208786
-1990.354985507358
-1991.688758717343
-1993.0229357862474
-1994.3575166615606
-1995.6925012907832
-1997.0278896213872
-1998.3636816008507
-1999.6998771766455
-2001.036476296238
-2002.3734789070777
-2003.710884956608
-2005.0486943922836
-2006.386907161537
-2007.7255232117943
-2009.0645424904762
-2010.4039649449976
-2011.743790522774
-2013.0840191712023
-2014.424650837681
-2015.7656854695904
-2017.107123014323
-2018.4489634192532
-2019.791206631745
-2021.1338525991616
-2022.476901268861
-2023.8203525881895
-2025.1642065044934
-2026.5084629650964
-2027.8531219173449
-2029.1981833085565
-2030.5436470860377
-2031.889513197112
-2033.2357815890684
-2034.582452209214
-2035.9295250048315
-2037.2769999232046
-2038.624876911617
-2039.9731559173354
-2041.3218368876255
-2042.6709197697369
-2044.0204045109247
-2045.3702910584375
-2046.720579359508
-2048.071269361374
-2049.42236101125
-2050.773854256363
-2052.125749043921
-2053.478045321135
-2054.83074303519
-2056.1838421333014
-2057.537342562633
-2058.8912442703822
-2060.2455472037127
-2061.6002513097933
-2062.9553565357883
-2064.3108628288487
-2065.666770136122
-2067.0230784047544
-2068.379787581874
-2069.736897614623
-2071.094408450107
-2072.4523200354606
-2073.8106323177794
-2075.169345244175
-2076.528458761737
-2077.8879728175716
-2079.247887358745
-2080.6082023323524
-2081.96891768546
-2083.3300333651287
-2084.69154931843
-2086.053465492408
-2087.4157818341123
-2088.778498290591
-2090.1416148088656
-2091.505131335979
-2092.8690478189524
-2094.233364204789
-2095.598080440515
-2096.9631964731284
-2098.3287122496217
-2099.6946277169977
-2101.060942822238
-2102.4276575123163
-2103.794771734214
-2105.1622854349
-2106.5301985613264
-2107.8985110604517
-2109.2672228792326
-2110.636333964605
-2112.005844263503
-2113.375753722868
-2114.7460622896174
-2116.1167699106686
-2117.48787653294
-2118.8593821033323
-2120.2312865687513
-2121.6035898760924
-2122.976291972239
-2124.34939280408
-2125.722892318482
-2127.096790462329
-2128.4710871824805
-2129.8457824257866
-2131.2208761391194
-2132.596368269305
-2133.972258763198
-2135.3485475676252
-2136.725234629419
-2138.1023198954103
-2139.4798033123984
-2140.857684827214
-2142.23596438665
-2143.6146419375095
-2144.9937174265906
-2146.3731908006735
-2147.7530620065395
-2149.1333309909746
-2150.513997700742
-2151.8950620826113
-2153.2765240833287
-2154.6583836496634
-2156.0406407283504
-2157.423295266136
-2158.806347209755
-2160.189796505937
-2161.573643101405
-2162.9578869428715
-2164.34252797706
-2165.7275661506765
-2167.1130014104106
-2168.498833702962
-2169.8850629750273
-2171.2716891732825
-2172.6587122444066
-2174.0461321350713
-2175.4339487919424
-2176.822162161687
-2178.210772190949
-2179.5997788263935
-2180.989182014647
-2182.37898170236
-2183.7691778361577
-2185.1597703626726
-2186.550759228525
-2187.9421443803185
-2189.3339257646853
-2190.7261033282116
-2192.1186770175013
-2193.511646779146
-2194.9050125597378
-2196.2987743058575
-2197.69293196408
-2199.0874854809745
-2200.4824348031043
-2201.877779877039
-2203.2735206493244
-2204.669657066507
-2206.0661890751394
-2207.4631166217505
-2208.860439652875
-2210.258158115042
-2211.656271954775
-2213.054781118581
-2214.453685552972
-2215.852985204459
-2217.2526800195374
-2218.652769944703
-2220.053254926438
-2221.4541349112324
-2222.855409845558
-2224.2570796758923
-2225.6591443487023
-2227.0616038104426
-2228.4644580075737
-2229.867706886545
-2231.2713503938
-2232.6753884757813
-2234.079821078922
-2235.4846481496543
-2236.889869634398
-2238.295485479569
-2239.7014956315866
-2241.1079000368554
-2242.514698641778
-2243.9218913927534
-2245.3294782361722
-2246.737459118416
-2248.145833985871
-2249.5546027849177
-2250.963765461919
-2252.3733219632395
-2253.7832722352478
-2255.1936162242905
-2256.604353876719
-2258.01548513888
-2259.4270099571145
-2260.838928277757
-2262.2512400471314
-2263.6639452115605
-2265.077043717368
-2266.4905355108663
-2267.9044205383616
-2269.318698746154
-2270.7333700805507
-2272.1484344878345
-2273.5638919143007
-2274.979742306227
-2276.395985609891
-2277.812621771565
-2279.2296507375204
-2280.647072454013
-2282.064886867303
-2283.4830939236394
-2284.9016935692716
-2286.320685750443
-2287.7400704133856
-2289.1598475043374
-2290.580016969519
-2292.000578755151
-2293.421532807454
-2294.842879072642
-2296.26461749692
-2297.686748026479
-2299.1092706075287
-2300.5321851862495
-2301.9554917088394
-2303.3791901214727
-2304.8032803703304
-2306.2277624015765
-2307.6526361613905
-2309.0779015959197
-2310.5035586513272
-2311.9296072737648
-2313.3560474093847
-2314.7828790043163
-2316.2101020047116
-2317.637716356694
-2319.0657220063927
-2320.494118899931
-2321.9229069834214
-2323.352086202981
-2324.7816565047224
-2326.2116178347455
-2327.6419701391405
-2329.072713364013
-2330.503847455441
-2331.935372359519
-2333.367288022314
-2334.7995943899145
-2336.232291408376
-2337.6653790237706
-2339.098857182158
-2340.5327258295883
-2341.966984912122
-2343.4016343757908
-2344.8366741666496
-2346.272104230725
-2347.7079245140485
-2349.144134962653
-2350.5807355225584
-2352.017726139774
-2353.4551067603265
-2354.892877330213
-2356.3310377954435
-2357.7695881020095
-2359.2085281959085
-2360.6478580231274
-2362.087577529658
-2363.5276866614754
-2364.9681853645484
-2366.4090735848577
-2367.850351268373
-2369.2920183610395
-2370.734074808822
-2372.176520557677
-2373.619355553552
-2375.0625797423863
-2376.5061930701163
-2377.9501954826815
-2379.394586926011
-2380.839367346023
-2382.2845366886418
-2383.730094899789
-2385.1760419253665
-2386.622377711286
-2388.0691022034484
-2389.5162153477536
-2390.963717090097
-2392.411607376362
-2393.859886152432
-2395.30855336419
-2396.757608957515
-2398.2070528782724
-2399.6568850723284
-2401.107105485544
-2402.557714063785
-2404.0087107529016
-2405.4600954987363
-2406.9118682471385
-2408.364028943946
-2409.8165775349967
-2411.2695139661223
-2412.7228381831496
-2414.1765501318987
-2415.6306497581904
-2417.08513700784
-2418.5400118266443
-2419.9952741604247
-2421.4509239549784
-2422.906961156092
-2424.3633857095697
-2425.8201975611905
-2427.277396656748
-2428.73498294201
-2430.192956362758
-2431.6513168647607
-2433.110064393788
-2434.569198895597
-2436.028720315945
-2437.488628600591
-2438.948923695286
-2440.409605545771
-2441.8706740977805
-2443.3321292970613
-2444.7939710893484
-2446.2561994203593
-2447.7188142358227
-2449.1818154814628
-2450.6452031029967
-2452.1089770461253
-2453.5731372565665
-2455.037683680015
-2456.502616262177
-2457.967934948748
-2459.4336396854105
-2460.89973041786
-2462.36620709178
-2463.833069652842
-2465.300318046724
-2466.7679522190983
-2468.235972115631
-2469.7043776819824
-2471.1731688638138
-2472.6423456067737
-2474.111907856511
-2475.581855558682
-2477.052188658929
-2478.522907102878
-2479.994010836168
-2481.46549980443
-2482.9373739532903
-2484.4096332283757
-2485.882277575295
-2487.3553069396694
-2488.8287212671075
-2490.3025205032127
-2491.776704593589
-2493.2512734838333
-2494.726227119538
-2496.2015654462957
-2497.6772884096977
-2499.153395955319
-2500.6298880287463
-2502.1067645755425
-2503.5840255412886
-2505.0616708715474
-2506.5397005118834
-2508.0181144078533
-2509.4969125050097
-2510.9760947489103
-2512.4556610851014
-2513.935611459129
-2515.4159458165227
-2516.8966641028287
-2518.3777662635757
-2519.8592522442877
-2521.3411219904992
-2522.823375447723
-2524.306012561481
-2525.789033277281
-2527.272437540634
-2528.756225297047
-2530.240396492026
-2531.7249510710603
-2533.2098889796503
-2534.695210163285
-2536.1809145674542
-2537.6670021376353
-2539.153472819317
-2540.6403265579606
-2542.127563299049
-2543.6151829880546
-2545.1031855704264
-2546.5915709916417
-2548.080339197145
-2549.5694901324014
-2551.059023742849
-2552.5489399739436
-2554.0392387711277
-2555.529920079833
-2557.020983845504
-2558.512430013561
-2560.0042585294464
-2561.4964693385764
-2562.9890623863707
-2564.48203761825
-2565.97539497963
-2567.469134415919
-2568.9632558725207
-2570.4577592948385
-2571.9526446282816
-2573.447911818236
-2574.9435608100944
-2576.4395915492537
-2577.9360039810895
-2579.4327980509875
-2580.9299737043343
-2582.4275308864935
-2583.92546954284
-2585.423789618748
-2586.92249105957
-2588.421573810681
-2589.921037817427
-2591.4208830251714
-2592.921109379255
-2594.42171682503
-2595.922705307842
-2597.4240747730328
-2598.9258251659357
-2600.4279564318867
-2601.9304685162147
-2603.4333613642425
-2604.9366349213005
-2606.4402891327054
-2607.944323943769
-2609.4487392998158
-2610.953535146152
-2612.458711428077
-2613.964268090898
-2615.470205079921
-2616.9765223404297
-2618.48321981773
-2619.990297457112
-2621.497755203852
