-0.8140062277864422
-0.3271321512324409
0.3378153232691333
0.035658990658067206
0.0005233769148124226
0.2505110670090978
0.3487945442580337
0.23776203076061275
0.059101853098818574
-0.03317035067098272
-0.01893932461077216
0.01848138110036493
-0.09033622032430069
-0.4741919010666368
-0.678386754146973
-0.7667768085604155
-0.24987457929802387
-0.12677598008310834
0.18073717709313686
0.25202479791658156
0.174625109717123
0.16246656000335113
0.20196243636542555
0.06680116435153173
-0.29696590036143417
-0.5286611631411551
-1.342059289455678
-1.2994756624319346
-1.1253048791892442
-0.4841883213468907
-0.453771461737481
-0.3012579788827993
-0.1728672285123775
0.03343362704836365
0.17689281379615196
0.1111165844868766
-0.28856562797416274
-1.3851586938299598
-1.4896208103520672
-1.4717023543038992
-1.5824753116855999
-1.740249020610764
-1.6981436315969693
-1.5830302655867634
-0.7821540552298304
-0.3122352845206569
0.158812976007913
0.0010505661319971877
-0.5752069383837133
-0.9432978231699245
-1.0664641940318527
-1.104550611348925
-1.1379696991976214
-1.9329588924827912
-2.0447581168493647
-2.0198892712923278
-1.3512877072752343
-1.3915445660242924
-1.3613786545380118
-2.052766393104546
-2.1959467182928356
-2.1810981723095026
-2.0407484659308404
-1.418741905339904
-1.4901390889417
-1.6628462616306736
-1.7600680433431077
-1.713640762692191
-1.6637042289155457
-1.7922774325263078
-2.5497328323274604
-2.5860643636015443
-2.494013917137774
-2.3456958875575222
-2.483550017268272
-2.389480930516058
-1.5796149868872889
-1.7878875148319466
-1.8751758939320973
-1.9454930870594722
-1.9406937939056141
-2.013878681473295
-2.568341849050061
-2.7881840002254368
-2.813384739752808
-2.7126892511609886
-2.67929721967118
-2.738636348973617
-2.77980211321319
-2.8247401274477624
-2.8848334154095436
-2.917308041478855
-2.89032356947957
-2.892652431814874
-2.871922044151052
-2.9261049708138933
-2.875747424510355
-2.614849732105187
-2.5972375854565852
-2.6472843887941866
-2.7387830886817963
-2.8761837080073867
-2.9989076156162047
-3.1296905190012496
-3.2181300666226016
-3.1484078045786674
-3.0946475125430606
-3.144021258551944
-3.2052291255049075
-2.9839015607165744
-2.949567863814503
-2.943917413700073
-3.0479282714590648
-3.2418062557907907
-3.316530348679576
-3.336609637960541
-3.3148833899318126
-3.3303844520642256
-3.3954352653184574
-3.5175549319390416
-3.625485833182534
-3.6111659787383794
-3.6695708758040926
-3.7540450392093656
-3.827997330230197
-3.865262873861537
-3.8085103410221257
-3.856328277919546
-3.624697520118756
-3.5449647414344367
-3.575493412562322
-4.082144137253881
-3.9814375634134573
-4.121489603803358
-4.032741697812322
-3.958400415053683
-3.972037630329397
-4.109703807434662
-4.293273030786304
-4.418459068996543
-4.631347443352647
-4.305789121037195
-4.503461873290243
-4.6822861747829085
-4.988507700216787
-4.02166917909303
-4.44108183452084
-4.215610052684308
-4.095455875559781
-4.673195129344066
-4.8787497334853365
-5.319166607441339
-4.370196375464491
-4.642176553946383
-4.588895603330033
-4.623023502203302
-4.4600319159729
-5.116581721440508
-5.268164797352076
-5.355818719258308
-6.047793534463828
-5.402633693878208
-5.499559413964614
-5.638733768978634
-5.837867644705414
-5.926824712163592
-6.685005683240071
-10.123964331499499
-9.767054658719296
-6.792789905913413
-5.8461996566561645
-4.924163265395684
-4.876169318193233
-5.84115616025453
-5.9199926313446545
-6.749319495322232
-6.565981167602199
-5.2467032421350615
-5.266799704191057
-5.221025642029649
-5.262649347166156
-8.435885855768909
-9.222532997194559
-8.914621567958955
-8.452310423369838
-5.79756233906477
-5.733625032206533
-5.770793229504139
-11.60920629219758
-11.578846625639137
-11.616001812831318
-9.743963705405369
-6.876417088519201
-6.396037089897285
-6.934589180161295
-11.795711502904908
-11.989504859989509
-11.782807523048524
-10.607264871747226
-6.431169776249013
-6.169620524806376
-6.190719311456976
-6.238789469476793
-8.55737726991435
-10.279364536157049
-10.213760019522196
-10.39374574130806
-10.603009470082009
-11.09131287082711
-10.933934897201649
-11.319384326763856
-11.411147520562366
-11.267260785323288
-11.627177899385963
-11.655660760858446
-12.45263193084678
-12.724993038269277
-12.883710208498574
-12.786201332197487
-12.881033414256336
-13.102896588215643
-13.192070616980905
-12.436129761483123
-12.53356482547908
-12.567747974099502
-12.70517702556291
-12.854833653938812
-12.963250702450198
-13.13929144426829
-13.223602822421471
-13.199965822549636
-13.093139183405127
-13.107107201845064
-13.142319506118762
-13.136550757551634
-13.229508120536568
-13.204010221326405
-13.602969520257115
-14.060183226616994
-14.121674054659026
-14.529583270536122
-15.22134792390242
-15.99910088420202
-16.85757184115203
-17.786067881965064
-18.422285329234843
-14.454281225850028
-13.328097148018108
-13.598916581726352
-13.937380555405303
-14.330878570555779
-14.781516478800397
-15.47407239540011
-15.882422427047281
-16.409654131968747
-14.844496179639588
-11.585602968235383
-12.467823928241533
-12.948849407815237
-13.326048003128186
-13.752340180634356
-14.204845840803934
-14.654481807403386
-15.076658094992409
-15.436157292536892
-15.782996181175994
-16.163308560486733
-16.715275787732228
-17.576077277887137
-18.323636479585847
-18.87644904127636
-19.994977999913456
-20.36019813759636
-20.364543596501292
-20.312523698312308
-20.32262105161953
-20.504377355304406
-20.774455288609627
-21.090032084826777
-21.424409374605286
-21.75504586818425
-22.114142499291557
-22.568758623229233
-23.14986370265554
-23.769743951693734
-24.262672110898027
-19.98954970080251
-20.35452946682518
-20.807467898106278
-21.166229198216243
-21.468546882181613
-21.700232800853307
-21.322955325286493
-21.379534367680705
-21.29599751399414
-21.406342554912534
-21.72796903314812
-22.157874991469814
-22.58363501486386
-23.008092127431443
-23.452588709067594
-23.83510041789926
-23.442652696480412
-20.046437785885022
-21.153725725027098
-22.006980014369244
-22.384772212391738
-23.0643312130311
-23.299826115549774
-22.42981680453471
-20.549584673392708
-21.087020015876085
-21.62952895737838
-22.19709640582742
-22.742881300178926
-23.144161568519866
-23.433848144361626
-23.655905822255125
-23.67734742449854
-23.367983003588243
-23.319230425677013
-23.474978087123766
-23.92247197202152
-24.480296409616678
-25.039804492895417
-25.621052436914763
-26.258799539609853
-27.0249704575387
-28.00527389900114
-28.76555665105493
-29.23896403220541
-29.756657675886512
-29.141024526834784
-28.673590012095417
-28.808875765392823
-29.143094954890525
-29.504865666813938
-29.845352329987943
-30.19055591127148
-30.54468449455114
-30.84275367814865
-30.88202361551612
-30.657268349387113
-30.814720056469227
-31.19266266764271
-31.556963679485595
-31.869911169012585
-32.262892236880056
-30.757346147421405
-30.448854336807088
-30.467848130938272
-31.29157847398609
-31.792316048385395
-32.085335474630845
-31.262990072927035
-30.68196712111863
-30.448272559754315
-30.561323189684163
-30.736472589981144
-31.041629625678503
-31.265924941303798
-30.85435910002169
-30.839253501847026
-31.068131739607722
-31.27568008277028
-31.52604023653251
-31.84677096025709
-32.19395451122696
-32.49921755160188
-32.59076190221063
-32.40291183576217
-32.44422343507939
-32.70620227251044
-33.101473372578425
-33.618189272820956
-34.038339144658906
-34.40556505386123
-34.73121871599332
-34.52614409672355
-33.947368389507744
-34.15758113119071
-34.512614850969996
-35.51893437472337
-36.14548068335928
-36.76969355665753
-37.350419547036914
-37.76393888624901
-38.06166913160285
-38.16595562746391
-37.82808460642691
-38.01488634303258
-38.17820037241233
-38.458574943729985
-38.84821855800925
-39.46841118315731
-39.87871203873642
-40.0555263427512
-39.916034367356026
-39.69341646919228
-39.91888193866008
-40.386952029510596
-40.578422534969135
-40.84541012254293
-41.3343468026453
-41.72140737794811
-41.38162553278438
-41.15525142066688
-41.35793350732402
-41.8487606935345
-42.83652302584001
-43.27832229476929
-43.6975038363906
-44.14740843419847
-42.83480626881872
-42.76727735701689
-43.049079521882625
-43.53718473512796
-44.741424445886636
-45.232216876367005
-45.70189858365999
-46.084789569652145
-44.93138616175993
-44.939069687937234
-46.061700112805255
-46.063087624259516
-46.37617050858964
-46.72252303951838
-47.05058725958854
-47.2546297325403
-47.66868746604822
-47.12140675380206
-47.18940899504257
-47.52469414720939
-47.98601993660255
-48.51710249198524
-48.925294331134985
-49.088767935382215
-48.9497375448974
-48.80104292193608
-49.007310719133365
-49.316148357519666
-49.711115643379266
-50.10777928882064
-51.15026754836279
-51.556687178020795
-50.2571975505677
-50.35975004237165
-51.52283673302517
-51.83930577432663
-52.22413220213896
-52.581281628901586
-52.870957772037535
-53.04206920195684
-52.940187183079146
-52.89671076438463
-53.0441438433345
-53.308009942669486
-53.68747046697491
-54.105171898911316
-54.3633890722202
-54.34690200500676
-54.20155645786608
-54.24660314936467
-54.52298404413357
-54.85539416258438
-55.11544631947704
-55.30332228457848
-55.24303896824476
-55.20138671344279
-55.32334031835778
-55.61714671562065
-55.99237342496891
-56.31579664047778
-56.352662590035216
-56.17650249529406
-55.7820530186392
-56.42098257776361
-56.93779204084126
-57.50697834542581
-58.011077818105136
-58.27944724881291
-58.070367564956484
-57.47353202181508
-57.6829493880937
-58.017403383528716
-58.89664976279728
-59.39812750029489
-58.618070153235756
-58.59199590345819
-59.34825571285509
-58.98964824454506
-60.099300825618236
-60.681350515690845
-61.07943793778012
-61.43443972707909
-61.45189947975819
-61.307908946355
-61.32041708970461
-61.54942302221078
-61.778403603130194
-62.002279155458915
-62.243316390391996
-62.27863140903521
-62.15579826255041
-62.229391532697065
-62.53105942400922
-62.93414747901855
-63.28872096019184
-63.417498523678724
-63.32359273277235
-63.3527857653833
-63.53009267913759
-63.64179631336175
-64.04510258213901
-64.22719493544894
-64.20081935690766
-64.01444035003718
-64.11243349457742
-64.35368965355634
-64.62245218460335
-64.86668635644578
-65.28768058486305
-65.57887353936718
-65.9881111559618
-65.89359450153273
-65.76207282639686
-66.26142563711392
-66.76077919742549
-67.50335021573764
-72.74181963991025
-72.80071753339398
-72.99706362033079
-73.3345422693852
-73.68566567419747
-73.8513280960305
-73.79880862414727
-73.38614783140612
-73.59569452770818
-74.08907317370553
-74.59516107179624
-75.23157973102768
-75.46064693058631
-75.07759216526708
-75.16778042340626
-75.47420842751228
-75.80283345831384
-76.07493220597891
-76.23504578153121
-76.16003219378608
-75.86315531689232
-76.16897910130253
-76.45085343062695
-76.68893516116448
-76.72816516190072
-76.6494361446401
-76.6812720022191
-76.87181030854885
-77.08296455094347
-77.34575357356576
-77.58062988262466
-77.6494368112492
-77.51701819202783
-77.63523176200583
-77.9433364367196
-78.28457655050434
-78.46575171868763
-78.40381096605881
-78.34441598951501
-78.44184590158176
-78.62887421072394
-78.80219395229489
-78.868763325208
-78.77000458827507
-78.69242821717435
-78.83473902873043
-79.05102158260974
-79.27408904764478
-82.28227110479592
-85.6061810949945
-85.65778942027174
-85.86939840372514
-86.09915406018916
-86.39155541858727
-86.5874310140641
-86.42299335926938
-86.39033719436247
-86.57158737447871
-86.8533135359437
-87.0630660977859
-87.12211872354081
-87.05485814666434
-87.06755287668244
-87.24986795638657
-87.53212377075157
-87.75967391897764
-87.8200883547922
-87.68733997198967
-87.62474421338858
-88.00590989419663
-88.45080275410187
-88.59013901628268
-88.5839446207243
-88.28517590818528
-88.42692803858469
-88.77883951593425
-89.09842602525417
-89.49363798273372
-89.6283774450404
-88.82547414553274
-89.03240693430907
-89.40150182678269
-89.8690503475728
-90.73638643694218
-90.95434838327635
-89.76412835198371
-90.09087116145999
-90.65100087741463
-91.38492115043789
-91.90974141894908
-97.42558594961586
-97.29985400002383
-97.47675420977963
-97.78773095920782
-98.03265920584569
-98.09762907763975
-97.88351129122404
-97.83478139393891
-98.06764270414212
-98.3833880558242
-98.64557650070834
-98.69215323177006
-98.59089797819054
-98.71330609677668
-98.96073451977355
-99.27991331547148
-99.60542411026445
-99.6082693804115
-99.49641876312218
-99.38319532783537
-99.63666823338406
-99.85572799907122
-99.85908143438644
-99.72543838427289
-99.78420861246919
-100.00239013539098
-100.2398167551561
-100.34378088489866
-100.2869192387585
-100.2655811044785
-100.41177170693851
-100.6841573413124
-100.84130854848985
-107.12690836096118
-107.05265418732021
-107.13084947329854
-107.31630718669489
-107.43599325109354
-107.46027125963344
-107.43187275940431
-107.46127634277111
-107.5758731558695
-107.7272124228897
-107.84308080776636
-107.8405031906629
-107.79108309851712
-107.86667558055821
-108.07396884205896
-108.28387498339112
-108.30790712748015
-108.25700480319294
-108.31237113787726
-108.47302154299999
-108.65432446981502
-108.69939059366018
-108.59921745530124
-108.6086802412832
-108.76883869718915
-108.99536240352461
-109.01996102713218
-108.88875884484267
-115.10458167241305
-115.25987106433207
-115.4407735749555
-115.50641555506446
-115.45450218856537
-115.41278905961987
-115.49729564723995
-115.6616702386175
-115.79393174754902
-115.77971026727433
-115.68685976044081
-115.80456835889723
-116.02496178875407
-116.30038507680449
-116.14791854905407
-116.00759674005086
-116.12856201264368
-116.27237767020749
-116.31301983605773
-116.30172156388444
-116.33790394667436
-116.37838344311157
-116.46970821375653
-116.58528493585278
-116.64808623225211
-122.95284475704717
-123.06045252901772
-123.00732569420808
-123.18755910094426
-123.27839606396552
-123.1891852892004
-123.19771699054598
-123.36164851259227
-123.5260734772377
-123.56045907444873
-123.4932056919076
-123.4899464463303
-123.58433466761976
-124.68528727071075
-123.75435374154138
-123.65665368919183
-123.68887388792567
-123.80404937169862
-123.9761743635363
-124.0148644919824
-130.0730660751931
-130.2170330980824
-130.37741107531227
-130.58978155229926
-130.835388228266
-130.53302604840596
-136.77145003752983
-136.89673229958086
-137.03444941616075
-137.04514288466063
-136.94506510893987
-136.96021957769432
-137.0835022800385
-137.21218199137397
-137.18134163889485
-137.11111904916
-137.1946232438173
-137.34170817360985
-137.46507127683162
-137.5015867798766
-137.4684421743099
-137.4814781213417
-137.59816479015035
-137.7224386103417
-137.76068343835576
-137.68933181753047
-137.69235718148227
-137.86065130813233
-144.17057718405763
-144.12871524189583
-144.07271501784305
-144.15740851870618
-144.2786594476401
-144.34954176594565
-144.32936961556155
-144.31101420935755
-144.39700917270366
-144.55656334533896
-144.67669271678312
-144.6900125564663
-144.64364685173035
-144.70613733260208
-144.80650980365857
-144.87208878481772
-144.83189391007585
-144.8140958957197
-144.86151192086945
-144.96576772442188
-144.97079758500615
-151.20105544703378
-151.1864861780309
-151.3596472969645
-151.52603382529227
-151.47129748288097
-151.3719259263944
-151.40951883988126
-151.5528466511641
-151.72687768120932
-151.72838997889005
-151.6643452274672
-151.8162579245182
-151.81690796021667
-151.8497549144712
-151.8289801929005
-151.8259421157276
-151.93485093821687
-151.92260778086964
-151.9895230561222
-158.2394970020488
-158.18159035483632
-158.2954308960846
-158.45362259727995
-158.51440927572085
-158.41730330098886
-158.43839072439025
-158.58077640692548
-158.71736022900868
-158.6965068691734
-158.6266303012742
-158.68459513213418
-158.77613901571573
-158.82798892971567
-158.7909833492238
-158.76123049440812
-158.85351074315932
-159.05306861257918
-158.94320847056582
-165.17219167152615
-165.19683276653032
-165.40775705117952
-165.53747593287224
-165.42382788391012
-165.35390823256606
-165.36981123917502
-165.4745149146658
-165.59537398444266
-165.5647250194902
-165.44342455485085
-165.51588826383318
-165.68693467355055
-165.694993342789
-165.56585808199796
-165.58716706728725
-165.81216231134488
-172.0850107329161
-172.0467180498984
-172.0025754408945
-172.07380298688454
-172.18410528695543
-172.3389040793599
-172.3044167863297
-172.26087335223926
-172.24271163196107
-172.3450840062768
-172.3657398370526
-172.30232641466662
-172.29930034460483
-172.36837861200675
-172.4494267207825
-172.41467884789793
-172.372171162213
-178.72269400852826
-178.81483358286272
-178.8360654465624
-178.7792583421464
-178.7941351286366
-178.8902517505213
-178.96376340132977
-178.94391366774977
-178.9079990356586
-178.9974753207144
-179.04666550848927
-179.10686322782158
-179.06048418905445
-179.02086831842234
-179.0938037601313
-179.13243046822575
-185.421571371965
-185.3554162950935
-185.49827539263794
-185.58356829314425
-185.50411158454534
-185.46393113809188
-185.473577597478
-185.55876718057317
-185.64195844343806
-185.66924592803116
-185.63757014269197
-185.6499615826272
-185.74191866196705
-185.78441077134852
-185.6949738929023
-185.67822708131774
-192.01546908750552
-192.08833278278848
-192.03563988292603
-191.97824162454395
-192.13925218018807
-192.2329927554069
-192.13871377974468
-192.10692110880117
-192.1324066887494
-192.2063574453803
-192.2524927405608
-192.28560460331354
-192.21554059378335
-192.23901920022632
-192.28836207482792
-198.63469591487805
-198.5466187244602
-198.54438162709354
-198.61367466797975
-198.66210301886247
-198.61781055473884
-198.60127457279006
-198.75700569942427
-198.7703676140464
-198.7265052834163
-198.70691546183508
-198.71121529394551
-198.76917864238362
-198.81043697007348
-198.76784638105812
-198.74002671567555
-205.08814410796597
-205.1421871549313
-205.1182826889796
-205.07107808316664
-205.10929497037645
-205.18358646110082
-205.19500361579256
-205.1618770964926
-205.16260393897355
-205.2213584808457
-205.25574683090576
-205.25144246042228
-205.20442971465047
-205.23226570273366
-211.57778641049472
-211.5772151035267
-211.52451523237613
-211.5350884884196
-211.6229383402328
-211.63763936790517
-211.57819346532509
-211.60317218401232
-211.6556597897107
-211.67442217164512
-211.64861514397072
-211.61665633516145
-211.65636834734718
-211.72460586521814
-218.0810909762626
-217.95101235251158
-217.9411924380281
-218.00895986027012
-218.03213566914545
-217.9858259384481
-217.97817895779326
-218.0681721293583
-218.0710330709733
-218.03082132528587
-218.04545006536688
-218.0816483420685
-218.12845554770269
-218.08319966888075
-224.34137305907961
-224.34781279033348
-224.39263106341323
-224.4262008429641
-224.36047511824626
-224.3331954955794
-224.40515149592406
-224.46543815843424
-224.37274453369105
-224.3193147194005
-224.3819071906638
-224.4606275558094
-224.40544065456336
-230.73305253264573
-230.73127038046158
-230.7674005931854
-230.73107910982029
-230.7090742275722
-230.73686983556803
-230.75926219481633
-230.7380222154064
-230.7099885562865
-230.68862501774936
-230.72584903342366
-230.74549750614062
-230.68505837058763
-230.67605470935362
-237.03393807866368
-237.08834272009835
-237.03828820718482
-237.0071651789112
-237.06358999197124
-237.11823549543385
-237.09656205581967
-237.01241518046723
-237.03499449124453
-237.0657721328993
-237.01642651846265
-236.97877022902267
-243.34572074423104
-243.3174076253944
-243.312706934729
-243.25181030942946
-243.27347845917595
-243.33834973517764
-243.3491864956452
-243.26835895937816
-243.28541740189138
-243.34897218839885
-243.34004930875034
-243.3204469152596
-243.2931113252731
-249.5978867115427
-249.7158867791243
-249.68391971283313
-249.54017622150238
-249.55083461896746
-249.59072037240495
-249.58038488557733
-249.50392092151444
-249.54948160914034
-249.5679553635864
-249.56182573104286
-249.5109393399228
-255.77683923047692
-255.84787261269364
-255.8059871082151
-255.73233980710248
-255.764181088522
-255.81542914429707
-255.80852220926602
-255.7265285084979
-255.72997952320458
-255.76230619330892
-255.78028501788023
-255.699538819319
-255.6880099007714
-262.02165613041774
-262.0368265718838
-261.97052903224363
-261.9320064128371
-261.97821794093517
-262.00245260556227
-261.9309998814637
-261.91005969342484
-261.958154977238
-261.957682947587
-261.9134827427507
-268.15663584871254
-268.19611580832253
-268.23004865876663
-268.18850230572247
-268.1187897058203
-268.1408714854935
-268.1949477440855
-268.1545798059039
-268.0783319470539
-268.10046082392176
-268.1447622395958
-268.0967857913332
-274.2962214560716
-274.326644908548
-274.36831380187266
-274.3246616363071
-274.2770559201146
-274.2930450486265
-274.3350850712934
-274.29077023099507
-274.2389976292369
-274.23360379734254
-274.26287937195104
-274.29305336079847
-280.4234875235352
-280.4206859420834
-280.4743621141902
-280.45472961074614
-280.38036105920514
-280.3890549993583
-280.45182157079216
-280.413972562182
-280.34697410222645
-280.3719825560564
-280.38769289025953
-286.594789118876
-286.56088589397353
-286.57936006734496
-286.56043187046055
-286.5490278361704
-286.5142430105475
-286.49910402930686
-286.5225580045507
-286.5120257385915
-286.439615178711
-286.4351308721519
-292.73611467399354
-292.71558583207025
-292.62068284931433
-292.6309944657528
-292.66425229930195
-292.5839500060572
-292.5464243267542
-292.57431361956077
-292.5853105705397
-292.52363177934217
-292.49278241469506
-298.7744581161042
-298.78787734561206
-298.75441669414226
-298.6916746249455
-298.6899537323207
-298.72758750046165
-298.67758873929716
-298.5966320176134
-298.615835950694
-298.63948154481557
-298.5444754427362
-304.7586270748667
-304.79934815618805
-304.8240916783656
-304.73051795568017
-304.6867984139011
-304.7392667124241
-304.7332562828254
-304.6542451888573
-304.6237752842635
-304.633494703894
-304.6795905870237
-310.81135743511334
-310.77157999770264
-310.80040849514097
-310.81452074553715
-310.7215912781013
-310.70181786329675
-310.7368906567324
-310.7416878508667
-310.6294251211115
-310.61086920936344
-316.9088767296224
-316.8536310031191
-316.76898617971267
-316.77873803186395
-316.7908466410255
-316.7505783480242
-316.69020120248234
-316.69502011592743
-316.6877350254079
-316.65755847807986
-316.645952680521
-322.8518470315006
-322.84307993137725
-322.8029834893276
-322.7377556948753
-322.72461150361556
-322.7389971893039
-322.6734500735975
-322.6237630228461
-322.63633084834555
-322.7219085108994
-328.83751763522025
-328.78286531058836
-328.8167260963512
-328.79249364989664
-328.6912844717112
-328.69034080147975
-328.7069815254966
-328.6411981664475
-328.5719785034816
-328.5545031823129
-334.84509555467616
-334.7770675738636
-334.69400046834596
-334.7110213231806
-334.7262069130219
-334.64924342299685
-334.5743643016808
-334.6135875782055
-334.6063739351903
-334.48280002859536
-340.724368784922
-340.746839377879
-340.694638475272
-340.60760586310204
-340.5936406290139
-340.6102822269699
-340.54062320721255
-340.4945190919844
-340.4695632704795
-340.45906916049114
-353.05330207667674
-340.401463944598
-340.33595558068623
-340.3486861426234
-340.27479327392666
-340.15819447571937
-340.1665314746061
-340.1766919237461
-340.0404848829307
-346.3227042134863
-346.38673297952363
-346.3405859312729
-346.2303722247435
-346.21200088073965
-346.196023483985
-346.10334882651273
-346.0376209656861
-346.03874105679967
-345.99997951324355
-352.2002278227054
-352.1506643257003
-352.18409988539224
-352.17876194119
-352.09378172117977
-351.9767185560414
-352.00377023976125
-351.97703073462014
-351.86395129670296
-358.1146517087436
-358.1156318569188
-358.0327737341266
-357.950311049256
-357.9829863912364
-357.94222970823336
-357.85688852643716
-357.79682120762624
-357.7787602650914
-357.76016005592044
-363.9484476589216
-363.8747272030412
-363.87951924994417
-363.8360274324124
-363.72504770239857
-363.68197460541563
-363.7157165631764
-363.6143838005623
-363.528210377572
-369.83136779025256
-369.81727911544266
-369.6666048592694
-369.6487243177269
-369.6991256752602
-369.5762801484771
-369.4901790932843
-369.4767592093385
-369.40907876845915
-375.6026899795074
-375.58611883790763
-375.5331480609473
-375.4660207903469
-375.4190341728382
-375.3602530787507
-375.30937302925236
-375.2897449672966
-375.2038036771019
-375.1116805053874
-381.3979936369557
-381.34107328217084
-381.2064350882045
-381.20223603153937
-381.20345404942265
-381.05770536428787
-381.00321942619695
-381.0193387550287
-380.9293830555546
-387.09150073728136
-387.09177494441747
-387.05778406744577
-386.932445729977
-386.87585439858725
-386.86376353949584
-386.79539746496357
-386.6834689082243
-386.64014814127023
-392.9057317405716
-392.80269913894466
-392.7217589117364
-392.7116908843618
-392.6512346724544
-392.55424832888446
-392.495082251773
-392.4535568662714
-392.3574150293119
-398.5585198290157
-398.5054304131519
-398.4371333641956
-398.3696464447533
-398.28671055679246
-398.2247261161714
-398.1787634467858
-398.0788847342201
-404.25459603728564
-404.233207858796
-404.175589492048
-404.020134184983
-403.9793663006576
-403.9694183352711
-403.81245391397994
-403.71960296689946
-403.7441222219768
-409.9129897991592
-409.762148853489
-409.77142898388934
-409.6879118682114
-409.5303915717197
-409.4900934150729
-409.4529176311004
-409.30659245788485
-409.23828132427747
-415.48898158700734
-415.3996280366237
-415.2898198188547
-415.2146935542568
-415.16420763381717
-415.0688410203557
-414.99577551425494
-414.9068942754716
-421.1100225354279
-421.00582725569245
-420.9083025714461
-420.85774674947464
-420.7877992643597
-420.66409661718836
-420.5835740660596
-420.5742584957049
-420.46380117752614
-426.6212712485319
-426.6096693173892
-426.51048357058494
-426.3556855610868
-426.3065191533352
-426.257012081509
-426.1287989954394
-426.0227234238733
-432.2851817116602
-432.2078547354674
-432.0708738654538
-432.0195978622938
-431.9877763009709
-431.7895135963564
-431.71726560869064
-431.70376092841343
-431.5538284290362
-437.7492225398055
-437.7281829224414
-437.61431436645734
-437.4734146622591
-437.43839627960745
-437.36511730281046
-437.23451499524674
-437.1821772166968
-443.4271909031383
-443.5841162755023
-443.2048675721856
-443.1301702606499
-443.0558324802133
-442.9542930072642
-442.8738924692172
-442.7589076226874
-449.01657132081687
-448.9136513702049
-448.78746374828114
-448.74521701862614
-448.61185477477096
-448.4840563088169
-448.43820492323283
-448.3726792676524
-448.2288900904403
-454.44352003021623
-454.4050227178196
-454.25545233272055
-454.16087236584315
-454.1074720269095
-453.97527114287715
-453.8298134773956
-453.7908748746215
-459.9805805206332
-459.8455454585117
-459.77814337930596
-459.7035601356676
-459.5885623154774
-459.42381415042
-459.41764241887796
-459.3273478375347
-465.4654022904958
-465.33545506034596
-465.30137881026576
-465.1859560508101
-465.0158625791554
-464.9274742941586
-464.9087774522999
-464.7306227540431
-470.9147636858729
-470.84876710639685
-470.6996292840406
-470.60052031187195
-470.54170090995416
-470.35644282032825
-470.29758587024367
-470.2241388124758
-476.4031111914529
-476.24151256289764
-476.16746408960523
-476.1052505116662
-475.8650905651369
-475.78072821675005
-475.7683461916166
-475.6102859277246
-481.79748846338975
-481.75549219541637
-481.62578673910804
-481.475533570571
-481.3531536335854
-481.2288176863225
-481.1831648792188
-481.0428609731942
-487.24376593293374
-487.1446124424726
-487.02663616161306
-486.91464326120536
-486.86979994325173
-486.67021450137713
-486.6146635627088
-492.8143355626171
-492.68691222498575
-492.5107317194904
-492.45454062808955
-492.37296996263564
-492.18571200359355
-492.0303502263035
-492.0288025535771
-498.0871866677183
-497.9996018716251
-497.9070859200411
-497.7157163266235
-497.54685732079105
-497.5263419899029
-497.27879181788234
-497.2526222155548
-503.4065497872921
-503.3220958987716
-503.18418921118115
-503.0607121624787
-502.89335487896943
-502.8298236331907
-502.6942647511386
-502.6011863176848
-508.72356131841826
-508.5794791273261
-508.492622611861
-508.3850743681793
-508.22027889135313
-508.14298379247595
-508.0700260474293
-514.1678013946098
-514.0407999555503
-513.9613760498677
-513.8077473931676
-513.5905253037588
-513.5927151180764
-513.4552151581752
-513.3050776463558
-519.3174097078592
-519.4045759890577
-519.2328006914174
-519.1261433827653
-519.0351448454347
-518.8561474840754
-518.7520170049721
-524.9284641201914
-524.8177427250378
-524.6558402594119
-524.5142163784416
-524.346689295052
-524.2594182582303
-524.149620466075
-524.012490992279
-530.1426059546689
-530.0357694042957
-529.9155230995106
-529.744385808513
-529.6200389253946
-529.4957671177281
-529.3765486917937
-535.4861621719983
-535.3501828378096
-535.2509544118876
-535.0400553194831
-534.9588493719948
-534.8570038939666
-534.7015642291841
-534.5597198882791
-540.6977589397948
-540.5437189384938
-540.3675744624495
-540.3151746602036
-540.1618436332512
-539.9325446288244
-539.892700338163
-545.9442661213591
-545.8316955477871
-545.7275176781355
-545.6106407549438
-545.4360224602265
-545.2623616536082
-545.16475569112
-545.0209642836129
-551.1870683467213
-551.0561371539764
-550.8660715330293
-550.6855117092823
-550.6629717926103
-550.4747752923886
-550.3400082572656
-556.4510592132725
-556.3228274498433
-556.2154498381678
-556.0804126188259
-555.9213672178448
-555.6937777929877
-555.6303352284601
-561.764926687984
-561.6235621393123
-561.461185372383
-561.4243753461438
-561.207812200065
-560.98127731685
-560.870204554211
-567.009902315898
-566.8767503220869
-566.7769526444697
-566.5593771620222
-566.2916322542818
-566.2855679769289
-566.0628999299888
-565.9612818211139
-572.1884012699426
-571.9875393041063
-571.7918235147143
-571.6121366223302
-571.3756141527726
-571.2941294438356
-571.209109103857
-577.266446419916
-577.1835641001664
-576.7825699730944
-576.8185795954613
-576.7018576398586
-576.5418992309528
-576.3669861572379
-582.263610055608
-582.0381165783662
-582.0093666675858
-581.7906864127406
-581.7926984220001
-581.6359263142278
-581.5188890226693
-587.6490978428355
-587.5217582340551
-587.3948232743013
-586.9827536847364
-586.9975349045774
-586.9129366925373
-586.7201873219384
-592.8846954118069
-592.736925876787
-592.5629774155846
-592.4302324492222
-592.1997183791415
-592.0903105922353
-591.9493479989112
-598.0888417998243
-597.8968384079684
-597.7451504689437
-597.6110705952242
-597.3698886934666
-597.2385488440899
-597.1125926056087
-603.1613545714107
-602.832195261379
-602.8646165482857
-602.5086577536053
-602.1939380243484
-602.3562561516809
-602.1947610422362
-608.298845021498
-607.9284569098131
-607.8299810747349
-607.6222262559573
-607.5669393987712
-607.4601425263771
-607.2899770718479
-613.1931076363189
-613.1087414636128
-613.0440395783859
-612.9079360419468
-612.7737691830238
-612.5257703047649
-612.3773087958061
-618.5016706622364
-618.2810399335785
-618.1555647683214
-617.9542503266277
-617.7466236979812
-617.6349307448326
-623.7261252599766
-623.5596794484262
-623.3641479729159
-623.2445164960976
-623.0347157622223
-622.8667512232178
-628.9908992930027
-628.796221822537
-628.6229089537954
-628.4475451233734
-628.253490327198
-628.0938816694634
-634.1958807618197
-633.9755711897068
-633.807110746069
-633.645154727512
-633.4211256435534
-633.2732054985955
-639.347266338692
-639.1731130004252
-638.9885747111798
-638.847559888852
-638.6608422332861
-638.4582180710478
-644.5688208676467
-644.3611797625023
-644.1855194834477
-644.046097001088
-643.8430797482152
-643.660528580613
-643.4427155778735
-649.5255587556323
-649.3012492515599
-649.189987578005
-648.9419605425466
-648.7290299098453
-648.6047965958106
-648.3761348601859
-654.4929910171967
-654.3403234150921
-654.1208193258307
-653.9548717294427
-653.7914280637675
-653.5813682367126
-659.6356582691548
-659.4635180909366
-659.2413797873502
-659.0679764096931
-658.867348985299
-658.6201560757207
-658.498666955726
-664.5928697076885
-664.3727117054065
-664.1885190517323
-664.0173331691775
-663.7436745007342
-663.5725672670487
-663.4225813024995
-669.4613450841225
-669.2816209344583
-669.1116283218583
-668.8694387201339
-668.6773470636025
-668.5030022623206
-674.5381490471235
-674.3673266533674
-674.1992808116772
-673.9388035171339
-673.7820553363554
-673.5976590816747
-673.3123348960986
-679.4800993496796
-679.2717190909104
-679.0293671436887
-678.8415232504299
-678.618824515996
-678.3641272722607
-684.4593411094721
-684.231148418609
-684.0405914578353
-683.7929514482756
-683.604004600865
-683.3477938527815
-683.2126190815909
-689.3051460236568
-689.0724447292597
-688.9391310641455
-688.7197617863845
-688.4639077623352
-688.2838343741963
-688.0568175632508
-694.1061019808265
-693.9433106140658
-693.6778672959281
-693.4835701823497
-693.2975815508869
-693.037117750804
-699.1357804300222
-698.9375896945025
-698.6773143943678
-698.4685312634895
-698.2483761273271
-697.9983964228485
-697.7710942883558
-703.8532590825056
-703.60728521611
-703.4046356849163
-703.2554591784568
-703.007168647711
-702.8167989543967
-708.892428852845
-708.6243506955826
-708.4288935482813
-708.1913276070312
-707.9343788234821
-707.7324955013028
-713.782890897846
-713.5289452975818
-713.3829703276651
-713.1480836667404
-712.8829626860087
-712.7126644394631
-718.7253741514803
-718.492169571525
-718.3057547102927
-717.9940645901867
-717.7924376573278
-723.8908984524614
-723.5881286908656
-723.4167375544279
-723.1606996883942
-722.9147925115323
-728.9870387753352
-728.7292121417364
-728.5436251846885
-728.3263596721558
-728.0735824902156
-727.8252189013597
-733.8879707039276
-733.6708030204269
-733.4137523630138
-733.2004929144639
-732.9413767264339
-732.6860664634919
-732.4708015768605
-738.5054949490797
-738.3014280372266
-738.0488715314318
-737.7899928096272
-737.5214157144767
-737.2935287341913
-743.3278478777734
-743.0990007349812
-742.8582432169208
-742.5686701585671
-742.3737730996476
-742.1502486536953
-748.1653613436806
-747.9445092429592
-747.7347385514477
-747.4561394522775
-747.2273386019881
-746.9521022022585
-746.808116950707
-752.7920034410788
-752.5219699566437
-758.5611403721501
-758.347051698372
-758.0008010778408
-757.8024065279488
-763.855466798456
-763.542638597508
-763.3826064994745
-763.063967762328
-762.7659603246072
-762.6018205832881
-768.5774187059053
-768.3478015127262
-768.0792145133393
-767.7397827933382
-767.5832814257406
-767.3107959567983
-773.2908928750613
-773.1195242192189
-772.812453448082
-772.5342880690407
-772.3481572830707
-772.0345093789007
-778.0882628566985
-777.8469367566081
-777.5718437486462
-777.2951193447116
-777.0517105883495
-776.7443473352055
-776.4765912328265
-782.4931973073137
-782.1809886737083
-781.9663243382054
-781.6873384289313
-781.401459566596
-781.1880827567683
-787.1798579950729
-786.8766675587692
-786.65307430563
-786.3630610189626
-786.1035923600801
-785.8919452682586
-791.8800248027866
-791.6062831600849
-791.3612351905076
-791.0494184959609
-790.7884942791193
-790.4811530746044
-796.5106225992641
-796.2835665597117
-795.899916662531
-795.7088819774465
-795.3921253349417
-795.0591560522179
-801.1509227902063
-800.8176858132745
-800.5387307284109
-800.3186690681528
-799.9937313308336
-806.0017724315552
-805.7491430272064
-805.4892609795041
-805.2092530325052
-804.9188177887579
-804.6278781884404
-810.6348494627429
-810.2936095616728
-810.0211791954348
-809.8990825398333
-815.7477781581678
-815.4790231747652
-815.1977971337769
-814.8659979698316
-814.6179539065977
-814.322455773915
-820.3530924408504
-820.0644460804301
-819.7164244404793
-819.4816244465704
-819.1675352810662
-818.8393509488305
-824.8793290256277
-824.6048032624461
-824.2694913033929
-823.9687732995731
-823.66852908547
-823.4496635900308
-829.3864425617129
-829.0508144012963
-828.7708125680196
-828.4542651283998
-828.1735698331175
-828.004152562175
-833.894702138328
-833.5786357511755
-833.3195496669927
-833.0932798557312
-832.7615015138754
-832.3788435464666
-838.3497298436029
-844.3966304162312
-844.0644947096166
-843.786020078204
-843.3834357320627
-843.096767885657
-849.0858646533587
-848.803902646084
-848.4012356864818
-848.1726552854777
-847.8581262082623
-853.8246964799657
-853.4923889972705
-853.2093745205415
-852.9414084019982
-852.5679021811998
-852.2072463293498
-858.2648280871143
-857.9806655813829
-857.6839833929764
-857.3146511096008
-856.9261897438781
-856.659793826141
-862.7129878995875
-862.285713715118
-861.9660669722239
-861.6235677132058
-861.3650810866451
-861.0997154286612
-867.0123846079753
-866.7164416378407
-866.4025352813638
-866.1103131186078
-865.798689658764
-871.6080012690003
-871.3604784238308
-871.0882823210868
-870.7431919846869
-870.378434387491
-870.0589901834747
-875.9793723331268
-875.7201412407582
-875.4059878984995
-881.3274309690273
-880.9152639224909
-880.6326997863517
-880.3808642348768
-880.0396374642422
-879.6533776817131
-885.5689654327193
-885.2251625678239
-884.9431358559765
-884.6815221397981
-884.245849484934
-883.8798579646782
-889.8557773134256
-889.5560884867509
-889.2629005140042
-888.9447323462517
-888.604438235438
-888.1479698908138
-894.0875689011178
-893.8123023666463
-893.4618632162042
-893.1809323017043
-898.9888138461334
-898.6544305959924
-904.6475704407771
-904.2886045629443
-903.9779372749224
-903.6715388078745
-903.185550127557
-909.2130247218994
-908.867383860797
-908.512572883626
-908.2362823770679
-907.7707994979411
-907.4207040956281
-913.3202722196417
-913.0135082075042
-912.7021851360366
-912.3868897691053
-912.0226746556681
-917.8088741240794
-917.4837630983633
-917.170434829835
-916.8397915245117
-916.5128709682939
-916.0933654317507
-921.9466772760356
-921.6758589449005
-921.3015850408187
-920.9728272313511
-920.6235750977121
-920.3533391212903
-926.1753426761446
-932.016005016214
-931.6869394952787
-931.4026800905388
-930.9620179943958
-930.7101733669332
-936.5953711675098
-936.1600640056531
-935.7362968023876
-935.3581034801381
-935.0601596109453
-940.9701309121077
-940.6276821646654
-940.2908001915249
-939.9412246633079
-939.5169769327442
-939.0228058459629
-944.9818989331218
-944.647230995874
-944.2343481339125
-943.927580474691
-943.5422061169801
-949.4982530240327
-949.0477897500176
-948.6001102072056
-948.2236719364427
-954.1781629219664
-953.8658923424131
-953.4458822056894
-953.0361228732947
-952.6997690198924
-958.6061893680043
-958.1460660913468
-957.7313364226204
-957.3093191656335
-956.9775371363252
-962.9128459234366
-962.4945728982686
-962.1533211113331
-961.7431664187534
-961.395177344741
-961.0319094621351
-966.8254047757015
-966.4092052135511
-965.9896425346664
-965.6605444358055
-965.2424551914011
-971.1795001028527
-970.8203283939629
-976.691617889904
-976.2975265624137
-975.9226468623602
-975.5037905917998
-981.4107297283368
-980.8503899667523
-980.4784129376065
-980.0722623006483
-979.6881969567057
-985.6160087904224
-985.2124886285388
-984.833096362045
-984.4378043000465
-984.0014310934097
-983.6497258226359
-989.5178353301969
-989.0384122294413
-988.5034049736947
-988.1305057410491
-987.7379524874174
-993.6247798521441
-993.2660755715187
-992.8331340844701
-992.4166340071376
-992.0300436056496
-991.5869709236479
-997.5394503470842
-997.0861868917594
-1002.9848886136474
-1002.5297684150356
-1002.128749999929
-1007.9238874263908
-1007.4200737701706
-1007.027388041139
-1006.5691787607084
-1006.1647713890006
-1005.8618531210575
-1011.6259582580594
-1011.2137713624904
-1010.768458049632
-1010.3242351882502
-1009.9388656513597
-1015.7761162855394
-1015.3673182931768
-1014.9482112634008
-1014.5258304356371
-1014.1291629045526
-1019.9709602716498
-1019.5474112556432
-1019.0777322466109
-1018.6579476002867
-1024.5471209514844
-1023.9744598962807
-1023.4667258645042
-1023.0092777766
-1022.5971726419356
-1028.4305057793583
-1028.0204902798162
-1027.5324717655972
-1027.0703239050172
-1026.6765356235503
-1032.4768566486403
-1032.0668465312835
-1031.5867305834786
-1031.1437193059674
-1030.6886990094954
-1036.5394988788926
-1036.0932458410282
-1035.6826035016757
-1041.4329153139195
-1040.9944642569071
-1040.4939550595395
-1046.3962549744099
-1045.8846999428426
-1045.4166824906818
-1044.9484383072966
-1044.4869100385413
-1050.3473122298703
-1049.860221984893
-1049.4267598557576
-1048.9035842475719
-1048.4445290235667
-1054.2733131758914
-1053.7656550388997
-1053.3352226989127
-1052.8009805032593
-1052.3714102650865
-1058.1628248994957
-1057.7148507169707
-1057.2449762210592
-1063.015964860308
-1062.5615154049426
-1062.0059328386924
-1067.8521910472273
-1067.3271775954981
-1066.8603379705683
-1066.3827313654322
-1065.9001967700485
-1071.7140962855542
-1071.2107174204016
-1070.7136874687974
-1070.223876277435
-1069.7113198299787
-1075.5424346358905
-1075.0082957886664
-1074.5667500835225
-1078.729642585213
-1079.839247616004
-1079.2171785733728
-1078.8691495337423
-1078.3487150997396
-1084.1205604717297
-1083.675428528985
-1083.1507618953265
-1082.6657654085775
-1088.420675663258
-1087.9631308376927
-1093.7478188022508
-1093.2477977084911
-1092.7653396669486
-1092.243470606542
-1091.7421028919237
-1097.5031809805635
-1097.0065689643343
-1096.5452880655628
-1095.991415859467
-1095.5341786400725
-1101.2969494359077
-1100.8369652480258
-1100.2773104542616
-1099.9364156711313
-1099.5430133185148
-1105.2704756165087
-1104.8312801701513
-1104.2835119178917
-1103.788529176989
-1109.5443052436406
-1109.054404783784
-1114.7825970257632
-1114.2745759537963
-1113.8135403130425
-1113.279113333011
-1112.7860589224226
-1118.5122117666674
-1118.0263504783993
-1117.5270162487209
-1117.0108006343432
-1116.5192487402396
-1122.2934449549887
-1121.80736825144
-1121.2434403275877
-1120.7624569371876
-1120.315122090161
-1126.2592541305694
-1125.7879432115556
-1125.2174389399456
-1124.729411488553
-1124.1731143489972
-1129.9777588846482
-1129.3675384493115
-1128.8607083854492
-1128.4021698570905
-1134.1454515892572
-1139.951206147225
-1139.385642296678
-1138.8799171274566
-1138.3435292363456
-1137.8379894435916
-1143.6966537454957
-1143.298137065142
-1142.797432852721
-1142.2538918919033
-1148.0298131839838
-1147.480808788077
-1146.9565254373852
-1146.412356050844
-1145.9038570250732
-1151.6336230252298
-1151.086149541477
-1150.530265212836
-1150.0044021450951
-1149.6242306278066
-1155.497882090047
-1154.967078459294
-1154.4219879398267
-1153.860831819146
-1159.6532154929694
-1159.0806540646834
-1158.553970462506
-1158.0133116893905
-1163.7791082760896
-1163.2185822463641
-1169.0738828021217
-1168.7183299531257
-1168.111035395867
-1167.6123635556319
-1167.0309473323136
-1172.771535319163
-1172.2186455607505
-1171.6952710443168
-1171.117369813048
-1170.5778004427843
-1176.4645342445092
-1176.0040693470098
-1175.4927597994388
-1174.8871028165986
-1174.389777980788
-1180.0790498030408
-1179.5397417085674
-1178.9731044299767
-1184.6995866003858
-1184.1402203795171
-1189.9793612571618
-1189.5939694514332
-1188.997064315036
-1188.4720024519897
-1187.8882464828575
-1193.6096298305922
-1193.0390531415565
-1192.4732511780398
-1191.8934689618313
-1197.7435929995772
-1197.3380170996272
-1196.7385287413776
-1196.1982195430785
-1201.879949076677
-1201.3321096284294
-1200.733898108173
-1200.176054263634
-1206.039389781642
-1205.5495051497774
-1205.038287753813
-1204.3998940857014
-1203.8743139866842
-1209.5461218297683
-1215.2726302555955
-1214.6435660083564
-1214.2349601259818
-1213.8118716063248
-1213.197023060969
-1218.9134870045616
-1218.2939020817926
-1217.7416983573598
-1217.1289532016172
-1216.7062755658446
-1222.5325930448123
-1221.9228451887077
-1221.3413318656428
-1220.7370463260459
-1226.428780960688
-1225.841145647268
-1225.2461536379274
-1224.7788461693253
-1224.3516262109638
-1230.0284110940333
-1235.6880368054158
-1235.095727951396
-1234.4906999170705
-1234.0501162823625
-1233.5803682210283
-1239.259932453873
-1238.6282330422182
-1238.0385657294112
-1237.397110335248
-1243.0836046938487
-1242.6255167945048
-1242.1703672409812
-1241.5474457700057
-1240.965836749849
-1246.5888559625387
-1245.9921061724094
-1251.8004505794559
-1251.3335637218024
-1250.7506228221412
-1256.3574724277375
-1255.7811696265578
-1255.110427119515
-1254.519749515337
-1254.01127569063
-1259.8418194409091
-1259.1951713950693
-1258.5883320335918
-1257.9539070842015
-1263.5973201081242
-1263.1589528565394
-1262.6349337860086
-1262.0300588408859
-1267.650963039797
-1267.041812112708
-1266.385788366976
-1265.9186303467557
-1271.7179356240922
-1271.0730104902486
-1270.427180017983
-1269.7903582537576
-1275.5781720297
-1275.0848446579178
-1280.7451288100915
-1280.0930416876322
-1279.446475872512
-1278.77785599208
-1278.3350941641947
-1284.0642730691595
-1283.4407478655555
-1282.7729643108005
-1282.1500210565985
-1287.9171322057593
-1287.4263142304367
-1286.7918961646287
-1286.1080488708162
-1291.743734165496
-1291.2244441713608
-1297.0291346062545
-1296.3580428423738
-1295.7212145449432
-1295.022813215806
-1300.6551277223361
-1300.1343196017108
-1299.6369955361308
-1298.957308353905
-1298.309066359478
-1303.905527621161
-1303.4280830494286
-1302.9285383317892
-1302.2334014031803
-1307.8440689369233
-1307.152960352677
-1312.960310455906
-1312.420379639452
-1311.7643654506096
-1317.341980221949
-1316.6773041678161
-1316.1504064906794
-1315.644324899148
-1314.9568902670824
-1320.5768763282672
-1320.0499822951138
-1319.533009672887
-1325.1336968777375
-1324.4329486476934
-1323.7454102850363
-1323.211064683888
-1322.7286750613061
-1328.2782404464913
-1327.6179130522432
-1326.894793674201
-1326.385286694973
-1332.1366062068705
-1331.452008052673
-1330.7265287947662
-1336.5279232274684
-1335.973492677476
-1335.289020703303
-1340.838208417846
-1340.1567841320077
-1339.606221129737
-1339.074664196226
-1344.6764519019914
-1343.9536460021345
-1343.4078149304119
-1342.8860003237533
-1342.1894330874272
-1347.737654093025
-1347.0307167449125
-1352.7960693787852
-1352.2516327192398
-1351.5131438959877
-1357.095771925781
-1356.5115253860115
-1356.012188441258
-1355.2930819996463
-1360.8562296241055
-1360.2945629722633
-1359.7706053985637
-1359.0348542564457
-1364.59849542332
-1364.0607655168064
-1363.4864958736096
-1369.0639804201412
-1368.3207145469562
-1367.5884641375337
-1373.308012647853
-1372.7991975891885
-1372.039456748939
-1371.3073490065892
-1377.021096891767
-1376.4968310497916
-1375.7314513069048
-1375.0046642425878
-1380.714031905641
-1380.1793297964243
-1379.4241962600677
-1378.7130560289506
-1384.3974071469077
-1383.863636867078
-1383.0983268074042
-1382.3545428436903
-1388.0574438603078
-1387.5190352479694
-1393.0390222982526
-1392.3095813960158
-1391.7393359563255
-1391.1634652457997
-1396.6866935430069
-1396.1195935266262
-1395.56794175138
-1394.8083065890305
-1400.3207235816521
-1399.7373065776073
-1399.1978494795933
-1398.419632659348
-1403.961575361378
-1403.3735820478576
-1409.1007303759204
-1408.3075762833098
-1407.5560996633335
-1406.9499631848294
-1412.6896143982794
-1411.9040087798464
-1411.362440648603
-1410.7552975278506
-1416.2698735698762
-1415.4611253785315
-1414.931029440166
-1414.3033238426801
-1419.859883208087
-1425.315184695256
-1424.7835618263155
-1424.164058372923
-1423.4056547362989
-1422.797041047768
-1428.5055256166531
-1427.6969325660475
-1426.9449608975876
-1432.6209002214937
-1432.0335251753545
-1431.2409909223159
-1430.6690945229595
-1436.3574719247852
-1435.569483802564
-1434.7493590509287
-1440.4520105857591
-1439.8612148951295
-1439.071859052586
-1438.47279825488
-1444.156906797252
-1443.3578993492401
-1448.8295064932056
-1448.2153701263712
-1447.6264911589956
-1446.8447595079137
-1446.2267833571575
-1451.9229906882645
-1451.1013110283243
-1450.3005521246716
-1455.9715726677118
-1455.3700264456686
-1460.8313956493396
-1460.2609692312892
-1459.6209522006907
-1458.8186598037653
-1464.4724906144784
-1463.8729002412174
-1463.0384844161542
-1462.2536331564484
-1467.887744176619
-1467.3057668645306
-1466.4569846477493
-1465.8557181779001
-1471.5100868586585
-1470.713938193699
-1476.346815959674
-1475.7632521891308
-1474.9094984609637
-1474.2979866099565
-1479.9430518552645
-1479.1410906116828
-1478.2810228895657
-1477.684086326651
-1483.3126384725956
-1482.4906855082477
-1481.8552015914356
-1487.540498182114
-1486.6612371987674
-1486.0641652787695
-1491.691184886864
-1490.8671727150636
-1490.2234173157087
-1495.8874618290379
-1495.0191389771655
-1494.41916005934
-1493.7299671188875
-1499.193206906205
-1498.5568357333998
-1497.9397511759896
-1497.054369402451
-1502.4810582159853
-1501.8190025577132
-1501.208329401423
-1500.3478228479983
-1506.0049608000384
-1505.3214199924143
-1504.4720056282133
-1510.0729276094762
-1509.4793836777255
-1514.87479799904
-1514.2407950164659
-1513.5623845919094
-1512.7183183272462
-1518.3035456227417
-1517.6892463936035
-1516.813128039937
-1516.1769242903986
-1515.4920262551673
-1520.8965239355855
-1526.522769422643
-1525.869942814399
-1524.987720318897
-1524.337092655905
-1529.945017001383
-1529.0565040892086
-1528.4069729907596
-1527.7310220924164
-1533.3579542801303
-1532.7111461257705
-1531.8020019157232
-1537.4058506438487
-1536.7452002862105
-1535.8486006499143
-1541.469638772908
-1540.799981437999
-1539.9030427114585
-1545.5020447513984
-1544.8238208935336
-1543.9268553771858
-1549.5358776362582
-1548.8567633029988
-1547.949302668894
-1547.2676449254332
-1552.874078956925
-1551.9651906955337
-1551.2874401877173
-1556.8863672102511
-1555.9732812959126
-1561.5561778050771
-1560.8880136577832
-1560.216213073098
-1559.5222102357484
-1564.867872572092
-1564.1928563670344
-1563.481669408113
-1562.5951844974302
-1568.166299865396
-1567.4898979368775
-1572.8128677347768
-1572.1484830816798
-1571.4303805356294
-1577.050918479111
-1576.3218111782517
-1575.4012356327112
-1574.6769135229997
-1580.2685131621777
-1579.3442327053865
-1578.6592747651173
-1584.24102613473
-1583.2981952574123
-1588.8943023294792
-1588.1886787007618
-1587.4775784203605
-1586.7880848454658
-1592.1307064172188
-1591.4129014054718
-1590.695542782884
-1589.7660733359521
-1595.3426055377656
-1600.9217548659324
-1600.2003666269136
-1599.4872974329335
-1598.549409799141
-1604.1127728837305
-1603.4131064756434
-1602.427416386316
-1607.9954784805361
-1607.2739776535207
-1606.610423656713
-1605.8374610112767
-1611.1984421453737
-1610.440839813421
-1609.7651410990934
-1615.294316086493
-1614.611872990517
-1619.8904918946005
-1619.1985754147115
-1618.4492792609349
-1617.4990582475587
-1623.0702835940206
-1622.334791361276
-1621.6006883720077
-1620.869767772406
-1626.1836356054082
-1631.7318912071682
-1631.043810163429
-1630.2668773835574
-1629.561117968004
-1634.8566363776154
-1634.1560532334283
-1633.3777746877606
-1632.6745480094887
-1638.1980716574794
-1637.2405876104767
-1636.4998840690012
-1642.0431270172298
-1641.3115573661435
-1646.860179900595
-1645.8682182799473
-1645.1059777408877
-1644.3492685354688
-1649.9159436006532
-1649.1595027695025
-1648.1946391845995
-1647.4489813582477
-1652.9857627435697
-1658.5237867960723
-1657.757003007137
-1656.788198973211
-1655.9929730517474
-1661.5671587134648
-1660.7790098409112
-1660.0745421388733
-1659.066473203405
-1664.6057808703154
-1663.840388734538
-1663.0932030044778
-1662.3293014425471
-1667.5715329169207
-1666.8526852147625
-1666.082169023675
-1671.6134994087818
-1670.8579105215897
-1676.3967437147962
-1675.6224892781756
-1674.6108317400121
-1680.1222179698123
-1679.3833028759225
-1678.5757338959434
-1677.849047448617
-1683.0856133213852
-1682.331617922276
-1681.565194254514
-1680.7831339817712
-1686.3212888255387
-1691.8259037745545
-1691.04797835535
-1690.0339267759346
-1689.2821632293021
-1694.7847564885024
-1694.0085413356485
-1693.2119140956734
-1692.4564899654486
-1697.9608471580734
-1703.218266731603
-1702.4248756119277
-1701.671827995677
-1700.8639634436215
-1706.396059855354
-1705.587750707395
-1704.8484035303738
-1710.073525182788
-1709.2822845459532
-1708.5014177988078
-1707.7052129148967
-1713.2207360852208
-1718.7227083368377
-1717.9381992741703
-1716.8660273708017
-1716.1250140053498
-1721.5889151470228
-1720.8288028408244
-1719.987211836476
-1725.508189908293
-1724.6910172074222
-1723.6355371831435
-1722.8789465265397
-1728.323288586323
-1727.5479493084972
-1732.9966659396334
-1732.2286736182496
-1731.412251870768
-1736.9196635448052
-1736.0766445480097
-1735.005023386143
-1734.192106073219
-1739.6844847987404
-1738.9060252782647
-1738.0702165172922
-1743.556022026249
-1742.7110690409572
-1748.236407081609
-1747.3898076550045
-1746.618262577463
-1745.792808147088
-1750.9963452707327
-1750.1510961683096
-1749.34837370757
-1754.7707736686973
-1753.9725365847446
-1753.1414199978424
-1758.602892487623
-1757.8093431195696
-1763.2483028137565
-1762.452441943088
-1761.5831939115774
-1760.499624233637
-1765.977683052211
-1765.1309867342452
-1764.3040737791712
-1769.722328562882
-1768.8931546120623
-1774.3583271691289
-1773.5104542333322
-1772.7234624483692
-1778.1608044229604
-1777.2762481394964
-1776.2244791028188
-1775.307091810482
-1780.7674423113085
-1779.942365863233
-1785.3668332094528
-1784.487099542246
-1789.9290698936684
-1789.1137800208917
-1788.2513542731933
-1787.4095267581984
-1792.7934157573402
-1791.9918753909774
-1791.08968116102
-1796.526560608055
-1795.7004958991336
-1801.1073259529594
-1800.222310889745
-1799.0492280682145
-1804.4819423822535
-1803.612087282975
-1802.7893114240096
-1801.8584139111933
-1807.2809697004375
-1806.4077631337846
-1811.8355485855661
-1810.9247068338948
-1810.0473241783807
-1815.4702980796956
-1814.603633454043
-1813.7959719890387
-1812.8191601235387
-1818.2235770035863
-1817.3559234980823
-1822.7111807256113
-1821.8250373816518
-1821.0523111843181
-1826.3677582610349
-1825.4390934799535
-1824.5430934844103
-1829.9184717466817
-1829.0257115658555
-1828.1006889252205
-1826.8975380198665
-1832.285863772674
-1837.6597866739974
-1836.7723937388332
-1835.8289252372103
-1841.2228447514406
-1840.3066750927405
-1839.3941435700933
-1838.4735605333726
-1843.8430297833957
-1842.9477993165249
-1842.0186271870512
-1847.4103732897263
-1846.4627210064878
-1851.82338048094
-1850.9123067995379
-1849.9850028373587
-1855.3478007645133
-1854.417647132759
-1853.5059088558783
-1852.5399121030994
-1857.9094909229916
-1863.239194751819
-1862.309588225009
-1861.379956995925
-1866.7093794135442
-1865.7914200212022
-1864.8254815889122
-1870.203189263967
-1869.2577746889622
-1874.6049993783795
-1873.6933388782877
-1872.720908246634
-1871.774072155614
-1877.106512837374
-1876.189167214327
-1881.5158975199818
-1880.5649854963508
-1885.8969440098203
-1884.9785250349105
-1884.0239939605233
-1883.0518563531382
-1888.3990510137048
-1887.4529898789924
-1886.500322482703
-1891.8427842107255
-1897.1484954928342
-1896.241372747247
-1895.2580192401708
-1894.3430899222692
-1899.9657103786737
-1899.0161133662486
-1898.0443505297935
-1903.3894786317035
-1902.4612663686396
-1907.7612476375898
-1906.834508754926
-1905.8359356401515
-1911.0993595507314
-1910.2294667868775
-1909.282348096564
-1914.6203043892851
-1913.6639528502708
-1912.7033587684753
-1911.7226056229783
-1917.0858280019172
-1922.4139347361258
-1921.459855580757
-1920.5349738251043
-1919.5261857658916
-1924.8749605761575
-1923.9085266559337
-1922.9551666551947
-1928.2645843298076
-1927.2848769062466
-1932.9147915456886
-1931.96866048312
-1931.0465047619816
-1936.3444457302428
-1935.3917903713677
-1934.4011841329423
-1939.700356389475
-1938.6722911703603
-1944.06165491679
-1943.0955126472902
-1942.1014874369057
-1947.4230092491807
-1946.4734610748958
-1945.497616337027
-1944.5095368169666
-1950.1766824243005
-1949.1739972246075
-1954.4628192271134
-1953.4609022449179
-1958.8229610677622
-1957.8529922322364
-1956.863048604427
-1955.903042281109
-1961.2319068554812
-1960.1761845178385
-1959.2440240568817
-1964.5206070562042
-1963.5767482194515
-1969.2169956661612
-1968.234540234138
-1967.2579137874086
-1972.5132963170108
-1971.5277577338823
-1970.5859318545008
-1975.8962040719027
-1974.9064000701944
-1980.198961047308
-1979.2313651183858
-1978.2223589115915
-1983.8716736387412
-1982.8547743066185
-1981.8722466887762
-1987.1872799062683
-1986.1609307566475
-1985.1908556452938
-1990.4780756253394
-1989.4672185695129
-1994.7783194412823
-1993.7721490183626
-1992.7937012208008
-1998.3833652520527
-1997.4069244002824
-1996.407333402109
-1995.4208213078855
-2000.7136130426081
-2005.9841763139118
-2004.9918971054806
-2003.9799977611087
-2002.9734024721445
-2008.5914513825403
-2007.5804447957935
-2006.5852676824236
-2011.846265285649
-2010.8535192809652
-2016.1126580557004
-2015.0924426664844
-2020.3704423830977
-2019.3500751701117
-2018.6958742432428
-2017.674140766118
-2022.9507591336312
-2021.9184718271767
-2020.887107502942
-2026.1909191333991
-2025.1429143800915
-2030.769726859387
-2029.719530920008
-2028.72143318144
-2033.976613149504
-2032.919790356549
-2031.908369382624
-2037.1623571438126
-2042.4096615275198
-2041.4190589510492
-2040.686819053893
-2039.7113685976437
-2044.9278250888892
-2043.887664640339
-2042.856187580479
-2048.0941214184077
-2053.357534128472
-2052.6605623843966
-2051.6221383341303
-2050.5775509233717
-2055.802254225185
-2054.776853732664
-2054.047749615474
-2053.0457813889557
-2058.28606211631
-2063.5022310563145
-2062.4722087955993
-2061.439584035239
-2066.6417894149326
-2065.9310360674176
-2064.865582088011
-2070.1208469329777
-2069.045203724244
-2074.2825976757476
-2073.205268505686
-2072.1446972186072
-2077.7174974063714
-2076.658419517401
-2075.620087203961
-2080.821973441648
-2079.7876643410837
-2085.3230142928865
-2084.2595576891113
-2083.212319833738
-2088.3945038371717
-2087.3336939816704
-2086.2613562736137
-2091.445917991906
-2090.760695743745
-2095.940508496067
-2094.9033978752345
-2100.096106843944
-2099.0255625335326
-2098.287574585682
-2097.1898528295483
-2102.4128974060113
-2101.3019566189178
-2100.1989172728995
-2105.7685208926678
-2110.9615109231877
-2109.918050840977
-2108.8042814358537
-2107.7207239201393
-2113.287171769247
-2112.171378090512
-2111.1218074233316
-2116.272471236751
-2121.4223217363624
-2120.338366692924
-2119.2266959499684
-2124.7934044757185
-2123.68680072015
-2122.598875983059
-2127.7652528982862
-2126.664743387761
-2132.2147611108926
-2131.1121338738317
-2129.981390994938
-2135.15516299062
-2134.0438015636314
-2139.5981462645877
-2138.4716404180544
-2137.3625456453765
-2142.8887610243182
-2141.7857762259514
-2140.6716829015345
-2145.805805858165
-2144.6923340605763
-2150.226851687178
-2149.1010757038375
-2154.2750138307383
-2153.1349130674726
-2152.023621778942
-2157.551740000458
-2156.414464626241
-2155.308203586077
-2160.434557583907
-2159.2818566047367
-2164.8392499772854
-2163.6807576173946
-2162.582533109839
-2167.725219678143
-2166.5732991640966
-2165.966602837845
-2170.948473982621
-2169.810107924596
-2175.3349968670464
-2174.1814116730284
-2173.0681114234094
-2178.1747793002596
-2177.016611906738
-2182.549879650308
-2181.383088716316
-2180.2632387852495
-2185.385616650831
-2184.2283777946145
-2189.776632560303
-2188.596937809981
-2187.4569731062247
-2192.957888388473
-2191.7876598432154
-2196.9139576509356
-2195.7428926633856
-2194.5706924542555
-2200.109916705612
-2198.921634313524
-2197.7750784835
-2203.259965272343
-2202.10512853841
-2207.221638921183
-2206.045615202234
-2204.8891627016687
-2210.378550927966
-2209.2067608318275
-2208.0481028008967
-2213.5305962345737
-2218.6440825804775
-2217.4620177782213
-2216.2762737889966
-2215.114134085399
-2220.5872738156663
-2219.4124925389156
-2224.5279036393645
-2223.7030746015753
-2228.820427577385
-2227.6347490427424
-2226.4540723662562
-2231.5774791847857
-2230.7456914043705
-2229.586319875261
-2234.669617599472
-2233.8643407389345
-2238.9637505766564
-2237.7643175358194
-2236.9524109564586
-2242.0414939427437
-2240.818482066442
-2239.627951738137
-2244.706191916508
-2243.8877885418397
-2248.9736144066887
-2247.758097871827
-2246.952104106953
-2252.0317575084887
-2250.812592303571
-2256.3146276827856
-2255.1237919071195
-2260.1911754829184
-2259.3894053128447
-2258.1874098798694
-2263.2570138173155
-2262.039407119887
-2260.8249987613713
-2266.289887183433
-2271.3427955040383
-2270.115526064074
-2269.3071704997246
-2274.347845598242
-2273.124626732878
-2272.307160409421
-2277.3615828329816
-2276.14610319085
-2281.595925852561
-2280.3646142719567
-2279.145111333651
-2284.594354421046
-2283.3772680057264
-2288.4241168429726
-2287.190847517397
-2292.2385158060542
-2291.4065643489457
-2290.187436071799
-2295.2640405288594
-2294.412942277168
-2299.479560612111
-2298.2371587966277
-2297.4112691684927
-2302.472614326401
-2301.206750885569
-2300.401988500277
-2305.436653614007
-2310.453998887455
-2309.648975711626
-2308.3850753272673
-2313.40010071365
-2312.606193146082
-2311.3213518808975
-2316.374813601335
-2315.5293157648052
-2320.5538767697276
-2319.3066779026162
-2318.4661630410574
-2323.46632986672
-2322.243973341179
-2321.3761967167516
-2326.427741832095
-2331.4557934063328
-2330.5863974124454
-2329.371089948399
-2334.396958457026
-2333.5626455178044
-2332.315019423384
-2337.33844173113
-2336.505177798556
-2341.5517867851636
-2340.256722108841
-2339.469753761951
-2344.5489266108366
-2343.2931079169043
-2348.769699027063
-2347.535308797068
-2352.5707153742924
-2351.790469259948
-2350.4936851917337
-2355.51496992754
-2354.6863202149034
-2353.3953834504346
-2358.4051294484957
-2363.792464092684
-2362.5224179892293
-2361.1276742575114
-2360.3142702061505
-2365.4132298458744
-2364.16942648945
-2369.546175215233
-2368.313021984782
-2373.3672460655093
-2372.4895915580264
-2371.2662743436263
-2376.3158948377163
-2375.4171882422215
-2380.484271472798
-2379.250618060736
-2378.8403775689985
-2383.439976629461
-2382.0739799712474
-2381.355564155647
-2386.406780173549
-2391.3706456603954
-2390.655229664187
-2389.762008588982
-2394.8662679245667
-2393.6131202523256
-2392.7417674131
-2397.8912971596887
-2396.6009640874126
-2401.3714390403265
-2400.893641840293
-2405.8940416055993
-2404.9946728597897
-2403.909988043581
-2402.627226989913
-2408.123040953513
-2413.1821642816208
-2411.881849862048
-2411.3874172851583
-2416.329045582911
-2415.0911474140585
-2414.453692977908
-2419.7197047459363
-2418.7177757109876
-2422.74523390064
-2422.159517839007
-2428.121038596849
-2426.8186371293477
-2425.9518542167
-2424.9370900542285
-2430.011507670345
-2431.5233869230633
-2434.328566563751
-2433.060782418705
-2438.5949688603578
-2437.8125954802417
-2436.9548485252317
-2441.9842847277873
-2441.8460339234225
-2445.9487968092367
-2444.658311987683
-2450.5620430212034
-2449.11567428754
-2448.2798937762004
-2450.565360443805
-2452.81346529972
-2453.5599799639176
-2455.566036156051
-2455.75925086486
-2461.181948305261
-2459.5900612438695
-2458.980674324881
-2464.6487083319444
-2463.646341520197
-2462.6882222768363
-2467.711449960306
-2473.4537845949067
-2472.590513632908
-2471.586261362363
-2470.9083251741827
-2476.369368502697
-2475.1378097460824
-2475.1222382214514
-2479.018574108931
-2479.6959882582096
-2480.8956488790304
-2482.4476887417786
-2487.249649629534
-2486.519056688503
-2486.021601096809
-2489.4647706229234
-2490.796562832088
-2491.6228467903425
-2491.328895905101
-2494.1044901974283
-2498.7479517085953
-2498.320037282425
-2497.2703585000136
-2503.6981416763015
-2502.1325495769674
-2502.41842112062
-2503.9143362443847
-2511.558933514785
-2511.3110943006714
-2510.2155512185177
-2509.769554240747
-2515.358400758109
-2513.936378884823
-2513.7409957608716
-2518.7944742649993
-2518.290055187247
-2517.575801578439
-2521.0950405609874
-2522.970056396819
-2527.4780266329694
-2525.4555712999636
-2526.9725278934525
-2531.136141586186
-2530.2131539622637
-2529.630334397454
-2535.863890229801
-2535.1964899604072
-2535.769136544157
-2536.2840221579313
-2541.656361703593
-2541.14221042738
-2541.4374286781604
-2544.13820655777
-2546.1190481533736
-2545.8420317610653
-2547.384945192253
-2550.3808452352214
-2552.9669750228254
-2552.1942371396285
-2552.9637358402033
-2558.6095647220836
-2557.743735138574
-2556.9258713343206
-2558.689468675095
-2562.377445171469
-2562.6582443341636
-2561.346203763644
-2567.094026119988
-2567.0725279954077
-2568.1261840082175
-2569.2959295394608
-2576.103122966244
-2574.2652884738013
-2574.589184194143
-2573.5585933245543
-2579.254323698487
-2579.277358597381
-2579.6982622254536
-2583.9957042719516
-2583.5564536470242
-2585.1375063464507
-2586.8716736756455
-2590.4642280393778
-2592.061174863676
-2591.098513750882
-2591.706981951015
-2596.4628849984406
-2595.803399762659
-2596.0476303314827
-2599.6040700780327
-2600.3528448996017
-2599.449126397356
-2602.5363116723443
-2604.6665811999655
-2609.3969142245815
-2608.2102297539263
-2608.030768510783
-2614.132092774802
-2613.1700362938823
-2612.041232506519
-2618.3257344318095
-2617.638234342122
-2617.561811147955
-2618.3745589797527
-2622.5688879949876
