-0.7545881603455783
-0.4820114942862807
0.9754617472387219
0.03541643167461328
-0.0031704977693296672
0.24989309613184257
0.4706601719298719
0.35586098981743824
0.003608870393200376
-0.04241243488196938
-0.023804129456072097
-0.02951327001654913
-0.21595751198406052
-0.9854096740211765
-1.1753869405145219
-1.3891210468652457
-0.4758910946843711
-0.34520447757195943
0.1722567668444485
0.2519537079442318
-0.030145376860663695
-0.13000052267022735
0.01996249476317094
-0.07119727030129083
-0.6490130234463192
-0.9810516993565213
-2.020975445267281
-2.1916474907933394
-2.1341959021601427
-0.9886845971152658
-0.9695147304554007
-0.3562154329465371
-0.22176351337816202
-0.4356714776552898
-0.28227555599377613
-0.2907468974714884
-0.34766723934330745
-2.363856615181043
-2.1861018436337614
-2.2286944163948252
-2.478967082690959
-2.5045954199005287
-2.322818032522514
-2.2263368577553853
-1.47795944587265
-1.1302917820608818
-0.42309501673166294
-0.5925349756788462
-1.243100057281495
-1.736864372169104
-1.8667356999285936
-1.7915024462520746
-1.76520240973531
-2.47615218440978
-2.464851764679027
-2.4139460626265863
-1.988325263113471
-2.055053054677991
-2.054711675192775
-2.3917736749352865
-2.444541433508329
-2.5607276086920203
-2.5235350671933907
-2.0558973647502508
-2.0934944820251515
-2.286131472942687
-2.364610259434959
-2.2218275771559512
-2.1389893921778422
-2.310429104155161
-2.6460906489521276
-2.564565700227597
-2.419704612533571
-2.3960319819943705
-2.6887549593110625
-2.6946444018258124
-1.9048842430243007
-2.3265577259622345
-2.5173595539618683
-2.6175195505893423
-2.5132184325272133
-2.4378585212639043
-2.683640226153072
-2.8259475478718095
-2.829651390922397
-2.712988516387719
-2.6981954925123186
-2.7909335416679055
-2.802807998586542
-2.783193804241721
-2.8271578011232332
-2.907165199976223
-2.829207411229396
-2.8733226764538906
-2.8673525969757456
-2.9240823159418334
-2.895949428201876
-2.777934553431251
-2.8128906999228547
-2.9080280306896746
-2.90255028999257
-2.863907308829286
-2.826273872827674
-2.9761022329573157
-3.186453421238674
-2.9738293509069513
-2.890248184993122
-3.1105102519545627
-3.1309084676562486
-3.0591570496195852
-3.012860846035717
-2.981111318735304
-3.0559178006936683
-3.2445130941876434
-3.295642605393405
-3.3249465636607325
-3.2537545115089612
-3.2864777654769255
-3.334223463070412
-3.402622761262777
-3.5612180265108964
-3.3597353215335404
-3.346341908683656
-3.3754407910195847
-3.4258986544261134
-3.441038386958496
-3.4033759753799093
-3.616915165404895
-3.61262290338906
-3.52732801171228
-3.517925776465268
-3.742706949264728
-3.5527746602814223
-3.843476142763974
-3.8048525833845734
-3.730403145300707
-3.7386988759375175
-3.8569611939227317
-3.971871627325311
-4.024607835203114
-4.108462965054349
-3.7410927609582703
-3.8127431243375356
-3.841809231517057
-4.354307121168202
-3.742186556709836
-4.092123178269064
-4.041971132094271
-3.879062709737463
-3.9841082493896787
-4.015133952038939
-4.651549237776773
-4.00550503404011
-4.3292269278665145
-4.306248845050735
-4.319876421207725
-4.075464445732968
-4.22892290630098
-4.265395838504668
-4.236954958906812
-5.201864677043116
-4.3233845904336246
-4.413487455356505
-4.427677715282436
-4.457059130176712
-4.468411635547194
-4.611305887633587
-10.732074212600674
-10.684698137372388
-4.769209192928016
-4.638202529959695
-4.56733161945644
-4.499738931537554
-4.628738338198307
-4.731793009772708
-4.828920998581132
-4.8161455774032325
-4.655186461578431
-4.775406567952434
-4.861628572594599
-4.816650906353253
-8.923399896530826
-10.111904495298344
-9.728610524965168
-8.539934578523894
-4.927036658995422
-5.019852137725812
-5.131271772489615
-11.431955270597745
-11.373930375031158
-11.482840607465736
-10.7761990374221
-5.282471964560586
-5.1450657059695315
-5.2409446151913315
-11.734765744966134
-11.770456076010518
-11.623248971051714
-11.586196657768019
-5.547421124016507
-5.69622624519581
-5.599438565643062
-5.499680299394894
-5.606900125405056
-10.644695757784627
-11.982784353585672
-11.863719099544442
-11.929551128953603
-12.094786314247358
-11.282941339065955
-11.83999386277174
-11.917686515478838
-11.381430082918357
-12.146398627037712
-11.739492735019365
-12.309157716330184
-12.496091755342386
-12.588230839590464
-12.709578847072995
-12.762014390597322
-12.95945960642914
-13.030825608411545
-12.51709583406874
-12.520292156907258
-12.640954794052153
-12.831342184274991
-12.932514327965999
-13.007569605927108
-13.182077078164093
-13.390718148138719
-13.314713394841647
-13.045402144337402
-12.856967678167601
-12.730002079052396
-12.683534377737397
-12.830255121817327
-12.93067842896399
-13.213275040590066
-13.786327542242198
-13.687411211438077
-13.996163309839112
-14.546451391360206
-15.305071007158363
-16.30867115729648
-17.503586387142754
-18.131139140719558
-12.311094564267911
-12.782824818706265
-13.176393399295776
-13.50429757267668
-13.871049208824028
-14.305274382399912
-15.103223577606428
-15.655518896377766
-16.05902615272794
-16.625829261945935
-11.049604869064142
-12.05055846181735
-12.59374511131964
-12.982871720327498
-13.430527641541419
-13.91437380708358
-14.38791116197572
-14.811600862948577
-15.19092101081404
-15.592896465331522
-15.982901514910159
-16.536464125639824
-17.610991301701546
-19.032488865958477
-19.86636421869354
-20.406861122506875
-20.645690287406804
-20.369362126916183
-19.941269163040918
-19.845013823188868
-20.084609874346786
-20.443426021212883
-20.83149124945452
-21.199379509910134
-21.553457324755538
-21.924248844646048
-22.379678235821757
-22.9928178747334
-23.709148912947732
-24.239630522296714
-18.66238910710783
-19.841985413954358
-20.69107459324811
-21.100765308870862
-21.409168069263288
-21.5118861559707
-21.26175138910215
-21.123290687233638
-20.962864127023156
-21.247580738831722
-21.6464913603823
-22.089726430891062
-22.559004988933737
-22.938928891770953
-23.369157675228692
-23.792239669311215
-24.226146378356706
-18.37193613652309
-21.396782227049652
-22.40964019543014
-22.536803227348106
-23.614163709186283
-24.893622066739024
-21.104337349875934
-20.622383898447776
-21.20511955318588
-21.710771988092976
-22.226865261941633
-22.755382789419393
-23.145096842904458
-23.40678227551882
-23.487237196470556
-23.36576169242059
-23.271893474339173
-23.32981517708322
-23.56899603175997
-23.993623975500714
-24.544283279726663
-25.110172299532667
-25.646658062599712
-26.272505195306696
-27.096127044472528
-28.196378195488386
-28.915581276479173
-29.311183340001396
-29.80139447662776
-29.116986680718256
-28.626639624196006
-28.92286011994687
-29.312991536680403
-29.686871128171152
-30.026180421931958
-30.378127457627546
-30.76362167404513
-31.073016463655225
-30.97143220925892
-30.71760726843042
-30.89710372766415
-31.298223869969934
-31.689491759301045
-32.0830930343477
-32.51363304697294
-32.47251182479456
-30.3412110054701
-30.209141155983414
-30.86622472932601
-32.08937806454088
-33.529673364581896
-30.632512388244717
-29.274301759283134
-29.349845501623157
-29.815225631691586
-30.412909474627163
-30.916200946595794
-31.199103469755958
-31.320088152790365
-31.223684303845005
-31.283008082475746
-31.42002872043467
-31.661053285883703
-31.997623492087076
-32.30061146260832
-32.74099716374634
-33.11862166601999
-33.233772020920654
-32.97054179482838
-33.009449669369566
-33.34898499795823
-33.76275566048023
-34.17513281863379
-34.568200596564964
-35.20702375709743
-35.86736720074652
-35.63361862016983
-34.658299658131
-34.65634248917264
-36.21848599120015
-36.65064452034168
-37.15885488329741
-37.66022145973139
-38.05943211042605
-38.40807601437941
-38.711433937761456
-38.15328456357722
-38.26587140771722
-38.39393943674565
-38.68295143668414
-39.11925326590749
-39.78796785335136
-40.22219751942768
-40.56897798487095
-40.63404205310264
-39.94747884423409
-40.18137700887905
-40.72929596933385
-40.976258736220444
-41.294583881134386
-41.84692907431895
-42.449827235985964
-42.41841886649804
-41.941729908445474
-41.992552737713204
-42.50694174474561
-43.15487131172275
-43.54618750308865
-43.96869603625963
-44.44743688362658
-44.379052167246165
-44.07962400882958
-44.131854463293
-44.50626514932666
-45.026557366549646
-45.44631083553417
-45.92274150044443
-46.34372842686124
-46.51793684043604
-46.412972666296945
-46.48413478103018
-46.47675788260837
-46.74824917694087
-47.09453690706416
-47.47739689857756
-47.87956872509456
-48.435423563456375
-47.99558984452454
-47.88060980374324
-48.103070745743125
-48.54706580410082
-49.072372113763755
-49.50887562575285
-49.82178297685351
-49.941882354883276
-49.63111820672473
-49.71559464615012
-49.952785329605504
-50.382702701197545
-50.85370787719936
-51.48290276023824
-51.88734378890739
-51.786045733961714
-51.62518360822199
-52.01496024237665
-52.157350410380026
-52.45512768552249
-52.768445166672606
-53.08693930540391
-53.29289241711747
-53.2626971823521
-53.14801518622006
-53.23908875643782
-53.49333384572839
-53.873930382737036
-54.32361888667835
-54.64232199876879
-54.737709531379366
-54.57503257454455
-54.5787121374873
-54.8481936522124
-55.17178590285542
-55.48267053722291
-55.77240670767822
-55.820082474468734
-55.65936938530248
-55.63930664880149
-55.90789695473824
-56.336119905360405
-56.82439115131681
-57.289658279191954
-57.54269254644531
-56.037155601247306
-57.09826031384307
-57.596461951186974
-58.135270846023026
-58.529151499039145
-58.890452853758894
-59.27089587963885
-57.74502281451639
-58.01484637345418
-58.42739895222994
-59.38027850462071
-59.990149299123274
-59.296366299462896
-59.27796921383032
-60.81138116974488
-59.58707824214469
-60.747725516386254
-60.940952704611114
-61.26353861138035
-61.59188876588695
-61.785664354969605
-61.656400861249686
-61.56651987808847
-61.698711412581645
-61.94462233917921
-62.17424413114302
-62.42540110075496
-62.600509586039266
-62.551574273598035
-62.46533195416358
-62.69311771161011
-63.0899817863908
-63.47691273160667
-63.714154883638564
-63.66848824404794
-63.59226092469953
-63.708067298831054
-63.86367726621445
-64.21613001613406
-64.44399634791058
-64.5173405868266
-64.31248336965362
-64.30405241370156
-64.5356809064607
-64.8506786165462
-65.2091471638689
-65.3916250148189
-65.42684300042018
-65.24536223484256
-65.3650851495698
-65.73665161685032
-66.42074632857046
-66.88920678066658
-67.11423001136916
-73.07405585054263
-73.03186897615004
-73.30098671873111
-73.61835373189669
-73.84749948029102
-74.02169579104391
-74.01967606219918
-73.7314833947565
-73.8692217891537
-74.23250863459751
-74.72758637923728
-75.34762878608551
-75.67751811007113
-75.3510062106869
-75.32876892353377
-75.60835672432191
-75.92220228844496
-76.17378178051263
-76.33599939047957
-76.29008675275962
-76.16718187356669
-76.27815292736047
-76.53743944253937
-76.78054958649557
-76.89766483026251
-76.80086571526135
-76.76339547434002
-76.90948462174342
-77.13680884556926
-77.40765049206586
-77.69037285679332
-77.78508234362823
-77.65053279988926
-77.72745699040418
-78.02907669434836
-78.3654030173727
-78.56345686777982
-78.50945693443796
-78.40499665923882
-78.48094876345682
-78.66621465574565
-78.82573471415189
-78.90090832273854
-78.82309539789593
-78.76930125617656
-78.91691721979853
-79.14601532140034
-79.39079799698571
-81.3776150358028
-85.81499128822047
-85.83641523661012
-86.02165470445567
-86.18390609139739
-86.55012553877869
-86.69264288936527
-86.62043717862043
-86.53724884809733
-86.69555538773528
-86.98708510749246
-87.24087207048457
-87.33395432420392
-87.22982775436529
-87.18927373961365
-87.36059295256175
-87.65412999680834
-87.92605569544375
-87.983601226282
-87.69391648341295
-87.66888263310722
-87.99163204559913
-88.42469229802624
-88.59828669135058
-88.58734689154642
-88.34071529343242
-88.51016045513286
-88.81275683743674
-89.13006624616882
-89.329205641002
-89.229014310749
-88.88660825312814
-89.09956768692358
-89.44859765353813
-89.9048954676723
-90.3954852129316
-90.39320953168112
-89.81765205819505
-90.13676077331925
-90.64621688573247
-91.11710497724803
-91.26417188424786
-97.28061452389734
-97.20473732395611
-97.42856013283216
-97.72645988264067
-97.94196815575296
-97.95778347593021
-97.77977730386681
-97.7808230954547
-98.01724501458305
-98.29467927737083
-98.49323765723018
-98.46284627823066
-98.43312449741016
-98.59503428855486
-98.86293343875572
-99.15394251458474
-99.35889399345743
-99.2985846930316
-99.17804037955136
-99.27397824725206
-99.52157367169671
-99.73483214183248
-99.71702160145205
-99.59642315120911
-99.66822561564855
-99.90399595891523
-100.12693787624629
-100.20778942964097
-100.12711507776054
-100.11046027805548
-100.28032322899885
-100.51441121228946
-100.72154781711697
-106.93095224340355
-106.86828820903388
-107.01517667216015
-107.17988966417826
-107.28851652338008
-107.27451364549677
-107.23867584801097
-107.29302859721523
-107.43448507035835
-107.57743059402654
-107.66819878794836
-107.68765904713239
-107.64440715637758
-107.7349701261891
-107.93687039377737
-108.08659866197745
-108.09107206693331
-108.04402690633376
-108.1167924762087
-108.28634075395641
-108.44892852641443
-108.47603108158168
-108.36875537749519
-108.35454484706337
-108.5263100208025
-108.74402248052684
-108.80301729724374
-108.66336189459302
-114.9554884848575
-115.05383963632906
-115.2317679240045
-115.26731723287584
-115.19209196963371
-115.18344119164793
-115.30325632413509
-115.45949455599697
-115.54982169411763
-115.4912027852549
-115.4337216608225
-115.58836613303586
-115.80835331581848
-115.93257966808815
-115.84692949391196
-115.785534131385
-115.90386410529075
-116.05577755778522
-116.10479917176497
-116.06405335319715
-116.07343808281956
-116.16392665146778
-116.26802108674376
-116.345975593878
-116.33845741923555
-122.58719831080813
-122.68416231100394
-122.77870360780211
-122.93911406026693
-122.97977210714942
-122.89796724855067
-122.96080235805856
-123.18123709085184
-123.27012476535592
-123.2706176888723
-123.22436643275951
-123.25531847875881
-123.35915319790544
-123.4571204796053
-123.45489036020734
-123.40723807640637
-123.42812917489293
-123.55616737481557
-123.70705035129555
-123.74895333870091
-129.95853902402177
-129.9678762307383
-130.12789368619573
-130.30769807297207
-130.4300387545985
-130.27765782387826
-136.59861186772673
-136.72826342022015
-136.81566379206834
-136.8056627024276
-136.71742826973806
-136.76645115011922
-136.9288702921188
-137.04551531510594
-136.94145870441054
-136.8779165462515
-136.96946052305128
-137.11293727491116
-137.21526275690925
-137.23314798713045
-137.2136670387434
-137.25878536152476
-137.37880482544708
-137.4928099492618
-137.50061801714068
-137.43052835360854
-137.48479049813272
-137.64824251089397
-143.9543818010104
-143.89313783346046
-143.89287759777162
-143.99434979932914
-144.1085076533079
-144.11785569354677
-144.08409766478331
-144.06192577208083
-144.15410818614995
-144.29949156822929
-144.3922793928531
-144.39234849084542
-144.3711732530607
-144.4549947136886
-144.55724187630847
-144.5857676704208
-144.5456145343704
-144.55811905721944
-144.63246473473046
-144.71838248424635
-144.77604886663093
-150.99771087361214
-150.99583702442507
-151.09047206293775
-151.2386497233247
-151.18908209483237
-151.09797284371862
-151.16725166349462
-151.30519736917645
-151.42943413709642
-151.3996787572532
-151.38452621357948
-151.61610984148453
-151.5548704439781
-151.57787553951283
-151.55967720453978
-151.56092594864856
-151.73456824420424
-151.6896647556128
-151.73793435605455
-157.96534432610596
-157.9329296064804
-158.10117848103184
-158.25159275041872
-158.23389792499296
-158.13442436755506
-158.23503941696433
-158.3361627249815
-158.4266280479726
-158.39161979928332
-158.35222941173387
-158.42914004292118
-158.52813584389716
-158.55560142641502
-158.48775174468443
-158.4794189725129
-158.58634286900076
-158.81752710190287
-158.65325309955784
-164.88285486314922
-164.92497496736704
-165.0893166265608
-165.1946743054029
-165.14344946262815
-165.0645441926771
-165.10435468988481
-165.25124209119812
-165.29392983717938
-165.24536144449206
-165.18503427067097
-165.280102729825
-165.40181938976838
-165.37102528540512
-165.2905066868792
-165.34237785977257
-165.5094320982446
-171.85742702798302
-171.76820814543672
-171.73891743010904
-171.82946211346996
-171.93919075243343
-171.99199882613974
-171.94114054408257
-171.91809330303212
-171.9719702128625
-172.06456299135476
-172.06158239944654
-172.00561687072553
-172.03194017197134
-172.13521789689784
-172.19381699040898
-172.1448280570057
-172.12008595720152
-178.49558497108362
-178.59412678783866
-178.5534669857846
-178.48781144266385
-178.52698654097802
-178.66331150713867
-178.6927591402263
-178.68002469171597
-178.6374020719021
-178.72432112543908
-178.80580121217383
-178.80968123392205
-178.76274183395412
-178.78243580557842
-178.85596934215516
-178.8837956340995
-185.1629763372486
-185.12827085994186
-185.17871301532094
-185.25544951272758
-185.2490653928787
-185.21818835429804
-185.23960325595186
-185.33433280150507
-185.4099453097415
-185.35987778561307
-185.32883158359283
-185.37914494508087
-185.48217258798684
-185.50571747347914
-185.43708885703862
-185.4170373315926
-191.80492533773298
-191.8608983730086
-191.79622718911838
-191.76450135161852
-191.82293474036433
-191.89375145893354
-191.823766322412
-191.87775353777246
-191.88619328536308
-191.95153316650948
-191.98785129670375
-191.98847587496772
-191.96221776621897
-192.00193156308683
-192.05540826216694
-198.35312050433262
-198.3060472410027
-198.3255526939304
-198.39375374516104
-198.43140854681542
-198.38916058330253
-198.370245547582
-198.44791151440825
-198.48417632754385
-198.46765646116845
-198.44965174060235
-198.4748858525329
-198.53630361000373
-198.55462784703434
-198.5062087188785
-198.495424703383
-204.85945441870163
-204.9086482479525
-204.88318000682972
-204.83776433335188
-204.88724107571437
-204.95158393824943
-204.95059065490412
-204.89967238008538
-204.99812269005233
-204.9694613099577
-205.01059133915444
-204.99007697907462
-204.94453714841438
-204.9808429466377
-211.34360857202338
-211.33231597009103
-211.28418312600124
-211.30519192724665
-211.39038997178284
-211.38339473655165
-211.3351611089814
-211.33704651120664
-211.40929941855168
-211.4159923901699
-211.3837814534314
-211.37295351108716
-211.41476017574874
-211.45205827651603
-217.75221249044054
-217.70593687370464
-217.703190124283
-217.78293845136594
-217.78671304569016
-217.73576534005196
-217.73566891504413
-217.79241705096408
-217.80656582230137
-217.75403705171573
-217.75180005881555
-217.8035188334009
-217.8415351941011
-217.81351595469
-224.09594775966133
-224.11454873977877
-224.15785292125247
-224.18153189938872
-224.10935024885387
-224.10286827742505
-224.1792327986753
-224.1806963475647
-224.09973688402198
-224.0790735390907
-224.224915318378
-224.34086262054274
-224.1288683461292
-230.41640613443997
-230.50261770535909
-230.53207312219104
-230.48437982968065
-230.47167337630205
-230.50980634761072
-230.5279486432963
-230.4948270957562
-230.46730737351547
-230.51946451637573
-230.4966824609542
-230.49819336973377
-230.51030660062835
-230.43469557375968
-236.79989329880544
-236.84178093433707
-236.78321819927336
-236.76951345265843
-236.8317545700017
-236.88236139043738
-236.81371892406455
-236.77523090952027
-236.80673987923183
-236.83710103941672
-236.85724348213853
-236.736669046798
-243.05933290606646
-243.09415707934647
-243.0718128466457
-243.01158165335528
-243.0468879495918
-243.11113144579474
-243.11325520202433
-243.09266946829462
-243.04262434962376
-243.11274157956728
-243.17867772723187
-243.0423282058697
-243.02458041710378
-249.370826363866
-249.37751857467896
-249.33293237807843
-249.30597121757611
-249.32511986683292
-249.23556083840546
-249.33652793243775
-249.34298208810148
-249.29266776876068
-249.41365122978854
-249.3177773797819
-249.2364481669026
-255.54899143500202
-255.61134003192663
-255.57055954555608
-255.49926517323976
-255.5340886560797
-255.5867101562143
-255.54161122582343
-255.49036273853187
-255.49785093697636
-255.53876761721048
-255.54843313042196
-255.53694694274844
-255.53700881775217
-261.80381439411696
-261.8038255622711
-261.7308752310375
-261.71240960544577
-261.76170471740375
-261.76537667438345
-261.68119709440873
-261.6458074819249
-261.6966691429507
-261.7955164781909
-261.66880345082745
-267.72789601091586
-267.85351433670536
-267.7618845042287
-267.9484484361653
-267.8878459009814
-267.9098623946391
-267.9377800687979
-267.8836617867554
-267.81648458665506
-267.8525822250809
-267.88576509701693
-267.82184911394313
-273.97095201345553
-274.1094683126141
-274.14219313244234
-274.087318404695
-274.04560585361185
-274.0717340874342
-274.08220300846705
-274.03244016574945
-273.98698043861924
-273.9902906455344
-274.0150333674866
-273.98911310352736
-280.2064438975145
-280.2089349022448
-280.2502102578043
-280.21882563044545
-280.15777051450107
-280.14725365929564
-280.1983715310311
-280.14727618910797
-280.0975986561302
-280.1267778382278
-280.1370897694202
-286.3739156550423
-286.3418752227797
-286.3538103474383
-286.2691509455248
-286.3311009282027
-286.2588017744301
-286.25582773880774
-286.28240117561603
-286.2585073232808
-286.1924853409281
-286.2062982540975
-292.53125784671244
-292.4948688655506
-292.4110607909189
-292.4330318426874
-292.4557452341887
-292.37050120088884
-292.30029304581626
-292.3436022565282
-292.3460784677529
-292.27791733025185
-292.25090279271535
-298.56786539011017
-298.5815406992607
-298.5386657713757
-298.48208015492827
-298.4921487642108
-298.49364258444183
-298.4293589040623
-298.3651402251977
-298.3952378135285
-298.40688080548375
-298.30178975839993
-304.5595658524969
-304.60135093685255
-304.6193744970572
-304.5165437901443
-304.4889077517059
-304.5185467083187
-304.50475116541037
-304.4179462303643
-304.3958675810491
-304.4144980504847
-304.40458274758953
-310.6085102626603
-310.58403289545583
-310.60742071713736
-310.60867241440087
-310.5176771784349
-310.4834799904477
-310.52367628941033
-310.5106858267272
-310.4033593745032
-310.4038999265722
-316.7286382307822
-316.66104608616956
-316.5821220527016
-316.5960487035914
-316.6060041560133
-316.5240106395519
-316.47665360566464
-316.4908279964598
-316.47402501968764
-316.43533219072407
-316.40204454323623
-322.680304693584
-322.6622424693222
-322.616865521459
-322.55979324044154
-322.55628997923236
-322.54250707665494
-322.47104214342664
-322.41988344537276
-322.4434577240935
-322.46301301030945
-328.65599674106
-328.616999381246
-328.65133413372405
-328.6145112024906
-328.51887413653964
-328.5087494373781
-328.52732447364775
-328.45167940076465
-328.3813888338476
-328.38210825127254
-334.6885367707861
-334.61100123308444
-334.53795618614834
-334.558325466755
-334.56677910440266
-334.4639188803173
-334.40297426720116
-334.4447649679717
-334.42343811569515
-334.3105983443505
-340.5767247869291
-340.6046671188208
-340.4835621203879
-340.45681324634285
-340.45107399555377
-340.4411886920897
-340.3660404987562
-340.32668517289756
-340.30708548826215
-340.2916644033261
-352.8414736853352
-340.21654210837517
-340.15524885419075
-340.16825175699415
-340.10045809136534
-340.0000293831313
-340.013799904862
-340.01635495810723
-339.94492050240274
-346.1469737729102
-346.20092631178875
-346.15014832768463
-346.03290785881103
-346.04901315742717
-346.04628658036546
-345.9487447776429
-345.8911934258193
-345.90909183483416
-345.84657936897753
-352.05432202517403
-352.0166764880297
-352.01372726991224
-351.9913547568549
-351.9118980000966
-351.89271472875015
-351.8576369110345
-351.82605053418047
-351.71737253884845
-357.98137324840326
-357.9827311704657
-357.9003939754055
-357.8201813601334
-357.8248361397936
-357.7977063246014
-357.72158634707563
-357.6874313961718
-357.6472536261808
-357.6207604806017
-363.82363959860885
-363.7573499191444
-363.76609669608916
-363.7160101189263
-363.60535141740996
-363.5812088445061
-363.59203634145314
-363.48317392359564
-363.422543550545
-369.71975567626237
-369.69672567640697
-369.5533732761657
-369.54062276938305
-369.5540915541772
-369.4748705448334
-369.37936810503913
-369.3703178534573
-369.30354401116347
-375.4977351053713
-375.4849149696411
-375.43530288052625
-375.36382214360725
-375.320972347825
-375.28076999808854
-375.22873538181466
-375.20080505274814
-375.1239483120375
-375.0443740890002
-381.3151878207453
-381.2475786756486
-381.12632547021127
-381.1235280714446
-381.1294041354921
-380.97590837845235
-380.92845373917277
-380.9548406889074
-380.8583732344207
-387.0148922079107
-387.02292268291626
-387.022746203232
-386.8630782114811
-386.8163870435053
-386.8452380602787
-386.7402744402285
-386.6267072610354
-386.58430745244107
-392.8524883659701
-392.7486146976329
-392.69860378119324
-392.6818184144894
-392.6064142291754
-392.542112877485
-392.4559189570762
-392.4163870102262
-392.317029974871
-398.5342179961323
-398.49253066455276
-398.42013571997865
-398.3504539387992
-398.2660073253459
-398.20572446724225
-398.1720344629321
-398.07881151234653
-404.25852277381483
-404.23192136993293
-404.17549880352976
-404.02023695889307
-403.97997052698116
-403.970676503049
-403.81766616654176
-403.72103587014885
-403.74693220795297
-409.91501938058417
-409.7660919857271
-409.7751064214629
-409.7053687905794
-409.53266621117046
-409.504212821296
-409.4726434327857
-409.33514019917277
-409.2600233348468
-415.5215918825971
-415.4296688354869
-415.3306461674137
-415.25883798235554
-415.21458515284985
-415.1163023979905
-415.0445860832045
-414.96098352049
-421.16248229101944
-421.0609365674791
-420.97842275774826
-420.9265263291872
-420.8503426915157
-420.7332266917792
-420.6383452148568
-420.6344257696266
-420.5345073696836
-426.7017186421166
-426.6613014100584
-426.58056370134506
-426.45130026232914
-426.392340508724
-426.3410832511346
-426.21453034749806
-426.1073504795121
-432.35463051243033
-432.2830173747059
-432.1600086186129
-432.1007174833583
-432.07320973225853
-431.9026215890438
-431.8175633194838
-431.82235817251006
-431.6902255946237
-437.82650210281633
-437.8069575101344
-437.7217616529228
-437.57969039008555
-437.5441072791614
-437.4968919855078
-437.3525925721264
-437.2851389786998
-443.51215464492674
-437.1004208529282
-443.2791367524622
-443.2161834300387
-443.14484422094074
-443.0591215242627
-442.9734171080599
-442.8814196337994
-449.1033218706802
-449.0291346610013
-448.89003066958253
-448.8574892767178
-448.75121939866517
-448.6173284349102
-448.56494190971176
-448.51308547224374
-448.35616962127864
-454.55025780481066
-454.5409024072028
-454.40127371586203
-454.2935421539111
-454.2611037838663
-454.13944831327956
-453.9836406605466
-453.95170307135095
-460.1200062841028
-460.0009253388691
-459.9363275840981
-459.86890223668854
-459.7257105193641
-459.62647229022093
-459.56738584914683
-459.47600635845595
-465.6162680448417
-465.5250722677659
-465.4862021479997
-465.3789563433175
-465.24435095451844
-465.151417508643
-465.0735766437685
-464.94659253626867
-471.0992227030631
-471.0227962585654
-470.9157038750864
-470.8268782618287
-470.7239864059979
-470.61542833751673
-470.4896432696599
-470.4071025923584
-476.5930855542399
-476.44315396644294
-476.3543649727271
-476.3015030887347
-476.15291623556465
-476.0388349543929
-476.0093232352482
-475.8719617200116
-482.0302514528994
-481.9922397370061
-481.877502755231
-481.67896166695397
-481.6380966587334
-481.5401832356725
-481.3896840459149
-481.3186632356354
-487.4677653062502
-487.40192739876323
-487.30471804008766
-487.1893010878104
-487.05788511968893
-486.99992448001694
-486.8570659242936
-493.0769325911204
-492.97559268857566
-492.8102614211539
-492.7429489323024
-492.63338767903457
-492.45264832233585
-492.3665754790096
-492.29717417944033
-498.40792109898837
-498.3138985090581
-498.23824201873896
-498.0420362409395
-497.9061466191807
-497.82107656302446
-497.6679526431652
-497.5402153924851
-503.76087901316924
-503.55822979617926
-503.48160413648316
-503.3587417490584
-503.2713621685943
-503.1250706170144
-502.9891995800444
-502.88992073167134
-509.0833471514725
-508.93018016328944
-508.8396990304067
-508.6814168691044
-508.5148388860503
-508.4205727365113
-508.357570848116
-514.503709131364
-514.3675788406864
-514.2890582581748
-514.1427755042716
-513.9544475549643
-513.8760011183788
-513.7508352686611
-513.5922993081857
-519.7786646617344
-519.6952244605062
-519.5236554724178
-519.413779318473
-519.3279479878024
-519.1025988304488
-519.0498848264426
-525.2664088395063
-525.0789380950912
-524.9602760222095
-524.8433672212508
-524.7421381359036
-524.5796000304979
-524.4701172231461
-524.3446884501842
-530.399544546827
-530.3297361036381
-530.2271642754054
-530.0559655489113
-529.96333742155
-529.8558277116495
-529.7168468275901
-535.83970513279
-535.7131720026368
-535.5684028800272
-535.4003448500247
-535.3096190489674
-535.1906623245537
-535.0679271612559
-534.9186914623263
-541.0622628203777
-540.8798475258517
-540.7322948207004
-540.7034020071817
-540.5374110256346
-540.3539306636847
-540.2468323238583
-546.3138325229966
-546.1508559277237
-546.1148665201853
-545.9459274962121
-545.8002561148076
-545.6841061438779
-545.5354009905013
-545.3740172027143
-551.5100924368237
-551.3882333535294
-551.1976838767246
-551.1038232957882
-551.0183818553744
-550.8385667305218
-550.7044389428215
-556.8273723187415
-556.674822389953
-556.5432154991452
-556.4457645937155
-556.287392491823
-556.1156002128625
-555.9846836287315
-562.1327124877766
-561.9630372393254
-561.7919131609767
-561.6773697516297
-561.5887372251219
-561.3981583688552
-561.2917999716237
-567.4249669373461
-567.2089920791313
-567.1118475593116
-566.9165967768913
-566.7653441691907
-566.7203792236088
-566.5333616431029
-566.332054314355
-572.4900940551959
-572.3612057303745
-572.1542033952992
-572.0631311658274
-571.8892573854034
-571.7447050033982
-571.6094770124047
-577.6682670514598
-577.6017891968554
-577.3981037023733
-577.2787347616529
-577.1091862751407
-576.9348153443951
-576.8239141961077
-582.8779393052988
-582.6751368807295
-582.6088169628181
-582.4104817759593
-582.2498040858113
-582.1320320817689
-581.9758096809352
-588.0241108022846
-587.9383987975792
-587.866908582277
-587.5274284047114
-587.411749980457
-587.2708545841348
-587.0913354546916
-593.3290247922481
-593.1236378512475
-593.0180065824723
-592.7532248749559
-592.6385753135895
-592.4459573442574
-592.2935431017927
-598.4760062508997
-598.2263658721544
-598.0685307448593
-597.9907574258037
-597.77779225276
-597.5915961263254
-597.4561082041349
-603.5216456730082
-603.3257511854059
-603.1601959096821
-602.9973344148923
-602.6781017610052
-602.694377584655
-602.5216101752133
-608.5977050960312
-608.4113026223428
-608.286062192584
-608.0937944225946
-607.9655874759287
-607.8320687038046
-607.618315252896
-613.6865307538656
-613.5887561703989
-613.3493090431045
-613.256443791112
-613.101240060577
-612.8433137995521
-612.6940289738637
-618.7957728445341
-618.5506450348054
-618.4378004706955
-618.2330241718113
-618.041783386684
-617.9165745941065
-624.0104931144754
-623.7581127311861
-623.6388996341767
-623.4832265893633
-623.285055312072
-623.1134720790017
-629.273889142035
-629.0696424108023
-628.8961007475162
-628.7342964579167
-628.5072543264763
-628.3270275877444
-634.4671431228996
-634.2421242755572
-634.0678139165632
-633.9086864610437
-633.6882540600428
-633.5073627395444
-639.6011427776946
-639.3648199193925
-639.2355954921305
-639.0948280388038
-638.9062780943697
-638.6978441553088
-644.772610791464
-644.6030467713157
-644.3937037464128
-644.2555440353518
-644.0863058753838
-643.8871872543131
-643.6919745425721
-649.7235304616279
-649.5468613726069
-649.3814067185659
-649.1867487832741
-648.9681500812306
-648.8209725154875
-648.5898842975723
-654.67469886427
-654.5300245100558
-654.2966694242915
-654.1523256195627
-653.987327931069
-653.7784191194994
-659.8222419068163
-659.6257142071653
-659.407525786382
-659.2219869917257
-659.0713418500939
-658.8389723622331
-658.6760280067189
-664.7511090336794
-664.538954233548
-664.3500389817129
-664.1809780237393
-663.9449658059153
-663.7477268632321
-663.5864912043737
-669.6187676213954
-669.432010068103
-669.2710881952903
-669.0368675531214
-668.8209882626019
-668.6580000532015
-674.6951056688393
-674.5448984154864
-674.3458889798205
-674.121155773906
-673.9189276068058
-673.7548286405892
-673.4798560140334
-679.6001942877957
-679.3958175325209
-679.1369870783703
-678.9731497293064
-678.7379942651153
-678.4765470041896
-684.5831541759472
-684.3314075616528
-684.1486922485982
-683.9449192821745
-683.7344391911447
-683.4815175179828
-683.3341396683711
-689.3990451826356
-689.1689552049764
-689.022786514562
-688.803261057734
-688.5495624827748
-688.362388397588
-688.1366197947755
-694.1675873887353
-694.0126295678604
-693.74297423287
-693.5597715504969
-693.3606940163021
-693.0987356859963
-699.2007471480274
-698.9850592603184
-698.6937455848453
-698.5166383571078
-698.2822229315694
-698.0189958364077
-697.8030295313134
-703.8636470911279
-703.6525393618546
-703.4472898043605
-703.277596182876
-703.0382039330437
-702.8518620436672
-708.9081498637879
-708.6415036162849
-708.4306477149242
-708.182502636221
-707.9294263153547
-707.7272380720939
-713.7727817570556
-713.5232662730884
-713.3726868897357
-713.1394464082737
-712.8783750460377
-712.6984145459928
-718.7096788778995
-718.4749215592326
-718.2739007223
-717.9601588762148
-717.7570462364174
-723.8568990910909
-723.5617877654024
-723.3879300094201
-723.1305420058235
-722.8738243287513
-728.968282454295
-728.6831863258317
-728.4967481368548
-728.2755980754239
-728.0153680723101
-727.7601047723393
-733.8162877670499
-733.5984232580205
-733.3574960720383
-733.1446554344009
-732.8794000917906
-732.6279575974863
-732.3970905361489
-738.3907949421026
-738.1894925246895
-737.9573747970423
-737.6838329430415
-737.4419182954463
-737.1910940425935
-743.2347794665297
-743.0090451555817
-742.7540517098848
-742.4792591168324
-742.2739910016646
-742.0273333375355
-748.0393389793819
-747.8366464008125
-747.5755192822813
-747.3344413661023
-747.0792504997953
-746.8294184978928
-746.6075284987893
-752.6531135069595
-752.3685239616505
-758.4026558958208
-758.1415969024418
-757.8558513202918
-757.6532726556941
-763.6771986404449
-763.363900047331
-763.1982488019951
-762.8053796657853
-762.6190852266919
-762.4432846758574
-768.3824950242246
-768.1565272606434
-767.8878225356335
-767.5738773996987
-767.4151385642822
-767.1217720505598
-773.1104174977175
-772.9379726821822
-772.6090100832764
-772.3785152992544
-772.1335431832556
-771.864117040167
-777.9023567035955
-777.6570472434453
-777.3503062831102
-777.1091494329008
-776.8615854885513
-776.5591556354012
-776.2838645892332
-782.2585925819716
-781.9831384392463
-781.7625335379144
-781.4697412529475
-781.1148309229184
-780.8983712732793
-786.926172085255
-786.6578101234231
-786.4359688907748
-786.1491694661262
-785.8903616772479
-785.6672555849312
-791.6517822478504
-791.4485336141387
-791.0789420272033
-790.849989440997
-790.5873373476485
-790.2646461682922
-796.3288042895325
-795.9980661972197
-795.6549569061609
-795.4763539521443
-795.1478322628197
-794.8322238440161
-800.9103549037636
-800.5664593837562
-800.2901908269853
-800.0642634024993
-799.7372101406297
-805.7548924804029
-805.490540529993
-805.2309467134999
-804.9505605936495
-804.6601412138614
-804.3697601460555
-810.3764805888375
-810.0150329050095
-809.7638445673548
-809.5604049440558
-815.4551660072898
-815.2121213477285
-814.9099000900263
-814.5736438708527
-814.2376447450906
-813.9332011461181
-820.065662886213
-819.766608834307
-819.4306526811336
-819.0681144930696
-818.4556770471777
-818.5486883695296
-824.5903797138868
-824.3131036369391
-824.0507428834039
-823.6835484415842
-823.3808795568604
-823.1598432355207
-829.0717866422908
-828.7554330570201
-828.477655209092
-828.1567834327219
-827.8361274149732
-827.5777078105663
-833.5755204414297
-833.2358287401701
-832.9585203754765
-832.670074159552
-832.4323335784673
-832.0508030496999
-837.9925126349901
-844.0296301925652
-843.7440202393229
-843.3994433931471
-843.0452266222356
-842.7555327874726
-848.767031248275
-848.4266894317204
-848.0664358730232
-847.8375476274244
-847.430012958789
-853.4574945098456
-853.1516146316114
-852.8242750053513
-852.4728517033267
-852.2225882701309
-851.7394502508316
-857.8775656720036
-857.5864106538127
-857.2984139425483
-856.2454804214566
-856.5893484211425
-856.3400547475062
-862.3070721257228
-861.9088729993538
-861.6199052765431
-861.2866299739521
-861.0437818464101
-860.7596677157395
-866.6288661063161
-866.3231952381376
-866.0059613455845
-865.7499441550268
-865.3807363756008
-871.2730183356318
-870.9724260852182
-870.676732980137
-870.3518898685759
-870.0382647957877
-869.6474621055581
-875.6546472980478
-875.3170304602312
-875.0141109828049
-880.9369237431052
-880.57395681971
-880.2902915469471
-880.0032864568423
-879.6873560526594
-879.3110184107209
-885.207621850703
-884.8695578937939
-884.5832966978445
-884.2904363305538
-883.8988955295669
-883.528972437608
-889.4601519609494
-889.1615049299301
-888.8640767383152
-888.5711229994233
-888.1838585201965
-887.7955430050862
-893.7348730930331
-893.447710449312
-893.0923864518885
-892.7564078629681
-898.6208807735744
-898.2831819436079
-904.2713411508029
-903.9097711096011
-903.6288441003452
-903.2368296559358
-902.8318962045348
-908.8034419490771
-908.4419825208608
-908.1473028389687
-907.6523553774322
-907.4110090422627
-906.9069106508887
-912.9346614270376
-912.6407780009761
-912.3127807165283
-912.0001188753766
-911.5971151285239
-917.3520545084857
-917.1150435777879
-916.7862257008841
-916.4753784135979
-916.0685920022026
-915.6975630314233
-921.5723695793014
-921.26368759607
-920.890673290542
-920.5858642832235
-920.2223493626252
-919.9272155359126
-925.7504457007362
-931.5873417955161
-931.2681834619593
-930.9726402967449
-930.5645385252408
-930.3079892666609
-936.1727181954187
-935.7612977642397
-935.3321028361382
-934.9711871184758
-934.6617812507416
-940.548155998857
-940.221396551309
-939.8698711562945
-939.5326912807748
-939.0984200479011
-938.6069491305637
-944.5688998578744
-944.2227530997419
-943.8492561373943
-943.5361898830668
-943.0945481521252
-949.0842529724038
-948.6316975980535
-948.1732565654852
-947.7728235893833
-953.7412476750279
-953.5169871752888
-953.0227147220469
-952.6037325161082
-952.2878798403443
-958.2067184619223
-957.7443485612887
-957.329146547932
-956.906135637481
-956.5829464499285
-962.4780479895568
-962.0954697760884
-961.7550407266551
-961.3237430566614
-960.9985754027213
-960.6048634256258
-966.4141805494576
-965.9709304657267
-965.5632959725339
-965.2740685819964
-964.8972074550621
-970.7532891145346
-970.3738772218222
-976.2543200772874
-975.9021314819763
-975.5133279082347
-975.1022317876666
-981.0062175804269
-980.407131665596
-980.0457773009723
-979.7616349102841
-979.2795475870228
-985.1704676069552
-984.7771078328918
-984.3980211000414
-984.0085839948415
-983.5782789067439
-983.2255568698363
-989.0575302314974
-988.6142879979654
-988.0614426936576
-987.7138163464638
-987.4351301205013
-993.18369037863
-992.806985107613
-992.3837460574211
-992.1240829938723
-991.5825627229864
-991.1534322731746
-997.0707827496616
-996.6102203008114
-1002.5220200123246
-1002.0794509725073
-1001.6985981642121
-1007.4858436674214
-1006.9725337167378
-1006.5723603809256
-1006.1435884740504
-1005.737096901797
-1005.3398497119811
-1011.164124193724
-1010.7599935320022
-1010.3744973151107
-1009.9535356650472
-1009.6065668069593
-1015.4880040723765
-1014.9583922130512
-1014.5212947797763
-1014.1090033061791
-1013.700688000852
-1019.510709026687
-1019.1340047252902
-1018.6457329334776
-1018.2490820150196
-1024.0757864336854
-1023.5709623848056
-1023.0328814202081
-1022.6030172616323
-1022.2798967027956
-1028.002565519001
-1027.5919481124388
-1027.2626797923838
-1026.6935563807363
-1026.2798696094728
-1032.0752104054513
-1031.6718066231736
-1031.1976140777892
-1030.7950416388849
-1030.3474411389557
-1036.1785082558927
-1035.7357396444213
-1035.2981997183172
-1041.1265057364462
-1040.7440239862894
-1040.1973817657017
-1046.0715088916552
-1045.5709286647857
-1045.1578506047724
-1044.6931426641995
-1044.2458689818445
-1050.084228309022
-1049.6117018524094
-1049.1912085187214
-1048.697713786616
-1048.2483938972814
-1054.0612294010957
-1053.5843324049952
-1053.1518228201799
-1052.6655558054479
-1052.2397502210356
-1058.042178431467
-1057.5946083672472
-1057.1279636366144
-1062.91970290338
-1062.4795330537534
-1061.9878927950126
-1067.8229304941215
-1067.3297321816067
-1066.8662866334291
-1066.3834896636963
-1065.9113514369806
-1071.737112489399
-1071.249978007852
-1070.7660927333473
-1070.2998658018812
-1069.7996563351344
-1075.6280144569714
-1075.1098566246176
-1074.673915662829
-1080.4422585928464
-1079.9921257352303
-1079.4841539650897
-1079.016919802456
-1078.52807450007
-1084.308101918915
-1083.8419366128464
-1083.3310571744148
-1082.8597170195612
-1088.6313604272048
-1088.1694383671993
-1093.9505097595863
-1093.4529451400456
-1092.9745669092838
-1092.4819643152584
-1091.9891094870381
-1097.7600726772118
-1097.2615267568797
-1096.7938552712308
-1096.2621110374869
-1095.808049146392
-1101.5526912709872
-1101.0929745503809
-1100.5434761546323
-1100.20177835586
-1099.8358784072198
-1105.5706546850686
-1105.160000561437
-1104.6887323972132
-1104.0896827508802
-1109.8630203818175
-1109.3640378365747
-1115.1194059225663
-1114.5996272524126
-1114.126812789569
-1113.5943695503147
-1113.0888433034986
-1118.8367241962314
-1118.3372709593216
-1117.842333871341
-1117.3084598558526
-1116.8324649016317
-1122.553073511652
-1122.0649818156048
-1121.526224546324
-1121.0447216257423
-1120.6255187284319
-1126.5008073917036
-1126.0288224767603
-1125.454574403682
-1125.0027278129937
-1124.4368060728757
-1130.3308753005854
-1129.6647192946132
-1129.1439688755975
-1128.6399214781982
-1134.3760525854113
-1140.1545603514658
-1139.5926190437021
-1139.1105180872034
-1138.6720465685096
-1138.0557541616026
-1143.9206730028357
-1143.5092243108431
-1143.0011544621957
-1142.427456100167
-1148.2058275124307
-1147.8404219578867
-1147.1444396381874
-1146.600336067286
-1146.1683675372074
-1151.9170209948552
-1151.2535647645725
-1150.6733338594756
-1150.1387328858038
-1149.776630126269
-1155.6527438252654
-1155.1118814113931
-1154.5409466522035
-1153.9794044545247
-1159.7857517792916
-1159.2112676277766
-1158.6821702162438
-1158.1314681269373
-1163.8907186126883
-1163.3294814069463
-1169.183014559189
-1168.8103451579696
-1168.2098111962282
-1167.70718572845
-1167.1259142567296
-1172.8087348597428
-1172.30465400007
-1171.774327629061
-1171.1797357643582
-1170.649171478589
-1176.525056824519
-1176.067835699849
-1175.5016771129935
-1174.9349473294294
-1174.443168344283
-1180.1320928739467
-1179.5912424715725
-1179.001507124188
-1184.7264646618908
-1184.1695080359148
-1190.0070254813797
-1189.6066852581537
-1189.0177501553217
-1188.4829002431507
-1187.8999517613797
-1193.616190546912
-1193.0446151566227
-1192.47538889388
-1191.9089786977152
-1197.7563871076563
-1197.3438147886309
-1196.7433161634817
-1196.2067215497134
-1201.8816546133974
-1201.3332844290571
-1200.734042702546
-1200.1778150106663
-1206.0425761329443
-1205.5492674200216
-1205.0361394055963
-1204.3971453776703
-1203.8604231442125
-1209.5252905094826
-1215.2629939400497
-1214.638794112253
-1214.2284384184984
-1213.7874635405735
-1213.1669099829446
-1218.9009223270746
-1218.2781006963487
-1217.7226568517253
-1217.0975777780122
-1216.6840059974413
-1222.509082603773
-1221.8941781602707
-1221.3241269748505
-1220.7170515769174
-1226.4044949192853
-1225.8129271400358
-1225.2171485788047
-1224.7507666559202
-1224.3126890776355
-1229.9865164516902
-1235.6600153408701
-1235.069936540582
-1234.4545395462785
-1234.0215190040562
-1233.5480920031755
-1239.2383956015385
-1238.607327830186
-1238.005389493736
-1237.3824690856165
-1243.0653559774673
-1242.5994692987551
-1242.152869779141
-1241.5294479442416
-1240.923387515543
-1246.5621032338213
-1245.9673590764162
-1251.764843679842
-1251.2925221993776
-1250.709755070883
-1256.3302733882845
-1255.754642807082
-1255.0820962866837
-1254.489162961722
-1253.9917009297978
-1259.822509694392
-1259.184296554136
-1258.5671207597838
-1257.9377516702962
-1263.5871805085421
-1263.143264298619
-1262.6223469240085
-1262.0049700495538
-1267.636539937465
-1267.0206983048704
-1266.3763308543676
-1265.8966439541384
-1271.7018663504937
-1271.058525319246
-1270.4066887209137
-1269.7671108926554
-1275.5592522754591
-1275.0699605088507
-1280.7353260181922
-1280.0709078484417
-1279.4333458797273
-1278.7670340879577
-1278.3284758160091
-1284.061294658701
-1283.4450838524697
-1282.7698964037545
-1282.1437743313197
-1287.917036358432
-1287.4178424808072
-1286.7836589914161
-1286.1011766282113
-1291.739554426881
-1291.2240636081897
-1297.0264518536044
-1296.3573537965844
-1295.7135596920457
-1295.0206289862401
-1300.6552223079946
-1300.1351296173857
-1299.6437557067811
-1298.964988809215
-1298.3234649725803
-1303.9089726458863
-1303.4289659828542
-1302.927017562548
-1302.2268406618712
-1307.8434069774012
-1307.154093536057
-1312.9605581719018
-1312.4295029920172
-1311.7682455983258
-1317.3459537586464
-1316.681876480804
-1316.1510332802063
-1315.645065575669
-1314.9572706001309
-1320.5742380654085
-1320.045613168701
-1319.5268479240085
-1325.1316707742453
-1324.4314383992714
-1323.7453863275398
-1323.2110034774155
-1322.72869440414
-1328.2800914182128
-1327.6194130560427
-1326.894978530375
-1326.3850073669068
-1332.1362392354877
-1331.4529445556318
-1330.7264987677654
-1336.5263837678865
-1335.9738730345928
-1335.2854682588927
-1340.838428895038
-1340.157226984998
-1339.6077365592855
-1339.079490065095
-1344.672185973793
-1343.9645956960615
-1343.4127127101976
-1342.8853031532292
-1342.1849793877902
-1347.7371807651323
-1347.038114782078
-1352.7999415584236
-1352.2559764170294
-1351.5173235531604
-1357.1113734276814
-1356.525000325206
-1356.0167044511634
-1355.2986700452996
-1360.8599085205558
-1360.3062613553566
-1359.7707306643892
-1359.0348332468743
-1364.6070254034307
-1364.0783207637385
-1363.4912553624486
-1369.0760156471047
-1368.3370216006447
-1367.589073918833
-1373.3226301741133
-1372.7991920070401
-1372.039558033241
-1371.3237156167927
-1377.0275158440097
-1376.523241664816
-1375.748968715703
-1375.0304503827542
-1380.722098587085
-1380.206161241081
-1379.4443687769333
-1378.7277102592163
-1384.4221074631168
-1383.8913709212695
-1383.1261822641134
-1382.3797604911124
-1388.095898468912
-1387.5375510639233
-1393.0807897263244
-1392.3353782853562
-1391.7743265965794
-1391.1893904088531
-1396.689247331483
-1396.1604626090486
-1395.6058313105832
-1394.8472836169046
-1400.3717182833698
-1399.7817133017531
-1399.2381737156384
-1398.449335171869
-1404.0008097626799
-1403.4158836260028
-1409.142393354604
-1408.348906350991
-1407.601562758281
-1406.997060217721
-1412.736110098683
-1411.9509143426415
-1411.3998967221946
-1410.79694860872
-1416.3197992255175
-1415.519579691937
-1414.976457779895
-1414.3658286227694
-1419.8965608965534
-1425.3693668491562
-1424.827195953019
-1424.214209329443
-1423.44319631587
-1422.838954933087
-1428.5568205801574
-1427.7559700084516
-1426.9861794299338
-1432.6617211875339
-1432.0786097640032
-1431.2824304297521
-1430.6974443974618
-1436.3953775269033
-1435.6064932126033
-1434.7936795669011
-1440.4904188749683
-1439.8983747047444
-1439.0981362562452
-1438.4976424940342
-1444.1811102297993
-1443.3922094683655
-1448.8681323264143
-1448.2571446054199
-1447.6541502562354
-1446.866964741523
-1446.2492283670945
-1451.9458697819575
-1451.1208005936146
-1450.3204507771861
-1455.985228421173
-1455.375642497263
-1460.8538969838216
-1460.2776700866118
-1459.622850543541
-1458.8265368622654
-1464.485452354649
-1463.892860124799
-1463.0546331392832
-1462.2662118748503
-1467.8919243916596
-1467.3056479591003
-1466.4570036176028
-1465.8568515882546
-1471.5178595606358
-1470.7169562323988
-1476.344324558741
-1475.7560089881922
-1474.9059121043101
-1474.2945482341704
-1479.941939951381
-1479.1398597562443
-1478.2750853289906
-1477.6703392455888
-1483.2979692174715
-1482.4797925919936
-1481.8408642980164
-1487.522769046898
-1486.6480533586107
-1486.0482185673702
-1491.6707185809657
-1490.8396735573483
-1490.1934638126072
-1495.8636014635392
-1494.996285437532
-1494.383803520231
-1493.7108264570345
-1499.1697380747369
-1498.5225152326404
-1497.9012734053088
-1497.0188253199701
-1502.4610874550692
-1501.7902637161403
-1501.1855416290357
-1500.3080839963409
-1505.9683893195859
-1505.2920537500027
-1504.4491644650077
-1510.0521054761043
-1509.4464919881152
-1514.8452865665104
-1514.2142578647417
-1513.5294666571126
-1512.68633170196
-1518.2794818763819
-1517.662486128617
-1516.7835885202057
-1516.1524027620512
-1515.4536223054026
-1520.8738292087492
-1526.4943047637005
-1525.8518901358757
-1524.9623880299644
-1524.3114298597536
-1529.9140150574665
-1529.035437200499
-1528.387288976918
-1527.7185516942902
-1533.3304596667922
-1532.6869765993704
-1531.775140289802
-1537.3867610971065
-1536.7279754638196
-1535.8411909446406
-1541.4467988029016
-1540.7796154865596
-1539.8848990471756
-1545.4878187592028
-1544.817730204377
-1543.923092737489
-1549.5277000874432
-1548.8543034107481
-1547.9456344019459
-1547.2764201282496
-1552.8751814499756
-1551.9672806410617
-1551.2918142329231
-1556.8919370413785
-1555.9859568128563
-1561.5773189924655
-1560.911514683419
-1560.2201547417178
-1559.5307763156577
-1564.8963514834159
-1564.2226152783137
-1563.5233799624862
-1562.62245890716
-1568.1827767239267
-1567.5066552556534
-1572.8662464418767
-1572.2075804575065
-1571.4764805294474
-1577.0659630958583
-1576.3816061105138
-1575.459284293317
-1574.7352676534601
-1580.3509466707533
-1579.4269437225676
-1578.750175584363
-1584.3193668552333
-1583.3878083995903
-1588.981801865368
-1588.2723378449862
-1587.571333914347
-1586.8813221981231
-1592.2136884556885
-1591.5117467242367
-1590.7934907126132
-1589.8665289747323
-1595.4454021789184
-1601.0161634988838
-1600.2919589973608
-1599.598578904156
-1598.6576301526388
-1604.2265335975715
-1603.512955263058
-1602.5455698036271
-1608.1242024880983
-1607.401886171773
-1606.7112743693763
-1605.9462330193273
-1611.3217759489073
-1610.564695160222
-1609.8839116149354
-1615.4120314581712
-1614.7400297649883
-1620.0253565008957
-1619.3306113546241
-1618.5771280235545
-1617.6341490348668
-1623.1873980533874
-1622.4668173258772
-1621.730445435883
-1621.0198932133976
-1626.3133220316217
-1631.8668639095883
-1631.1637389293921
-1630.4237640443034
-1629.7008996372167
-1634.968209699117
-1634.2835460438714
-1633.5253793155507
-1632.8347862049213
-1638.3436023636198
-1637.3762096054595
-1636.6276391137017
-1642.1847258151174
-1641.4419580913886
-1646.9931685888287
-1645.9796541397573
-1645.2588317271031
-1644.4909056159302
-1650.055380201404
-1649.3079629851609
-1648.321099392012
-1647.569267042328
-1653.1085037405169
-1658.6465288286481
-1657.9107101646703
-1656.9189351205373
-1656.1406331977187
-1661.690968941082
-1660.9315548212635
-1660.2039696644179
-1659.1804713401918
-1664.7380846844026
-1663.9525334295324
-1663.228567045021
-1662.4359439086384
-1667.7227056283343
-1666.965084948257
-1666.198264932019
-1671.734573999104
-1670.9608460691688
-1676.4971808030007
-1675.7305580888094
-1674.7079779166984
-1680.2193022643053
-1679.466275892879
-1678.6754623768409
-1677.9426969039187
-1683.1825727324558
-1682.4233223606705
-1681.6469760103894
-1680.872768003075
-1686.3950782910224
-1691.9153028537671
-1691.1256852301076
-1690.0952474611142
-1689.3346706191128
-1694.8425532359024
-1694.0686616695407
-1693.2749522316683
-1692.5101476776094
-1698.0138002181297
-1703.2648820441007
-1702.4654439813855
-1701.7054953170627
-1700.8878565146142
-1706.419284539233
-1705.5970436696289
-1704.858041526158
-1710.0756450677613
-1709.2878288533002
-1708.497616865125
-1707.702639494329
-1713.222829699702
-1718.7110240560178
-1717.9120770476059
-1716.8637602979777
-1716.0796685457913
-1721.5352112960877
-1720.769771397549
-1719.9225855271604
-1725.4409323271352
-1724.6140075230544
-1723.5455299460164
-1722.7810803052932
-1728.2160375069582
-1727.4448541945205
-1732.8932683692835
-1732.1372235693213
-1731.2863863670525
-1736.7916812424455
-1735.9592113638978
-1734.9215508095588
-1734.0688747521224
-1739.5521257067169
-1738.7380063473418
-1737.9521220458964
-1743.3971910640405
-1742.5587031212292
-1748.049680850772
-1747.212107055224
-1746.433625822093
-1745.5782968496965
-1750.8086799940086
-1749.933287947618
-1749.1263182042217
-1754.5100627461559
-1753.733469349079
-1752.949747354842
-1757.7773544202978
-1757.585772659581
-1762.9798556453854
-1762.177493038587
-1760.9782906631926
-1759.9673008988584
-1765.6740129617333
-1764.8239179856348
-1763.9927708032235
-1769.1836432803868
-1768.5446583546989
-1774.037811551657
-1773.1573530275716
-1772.3729429813914
-1777.822454694614
-1776.9442560714908
-1775.8588810967753
-1774.9529203372379
-1780.424347852706
-1779.5965927626273
-1785.0225479217806
-1784.128251565938
-1789.5756709541768
-1788.750762535086
-1787.8975067908623
-1787.0930608353694
-1792.4290633094454
-1791.6124556059765
-1790.7132911493807
-1796.1121098705714
-1795.314768394011
-1800.7192080736595
-1799.8305512513575
-1798.6838281093974
-1804.0469725201704
-1803.21814699713
-1802.3802721100674
-1800.767482185373
-1806.851341714586
-1806.0283270192351
-1811.457528814413
-1810.562816245071
-1809.6286591907185
-1815.101132924308
-1814.2333969008744
-1813.383054753521
-1812.5038821967526
-1817.8656392481264
-1816.99033312487
-1821.739809642402
-1821.435549506718
-1820.6385722720404
-1826.0335481810216
-1825.11667243611
-1824.192167047737
-1829.608942567055
-1828.798458224519
-1827.851326035732
-1826.6675310134249
-1832.0605701919142
-1837.4088028333588
-1836.507762788504
-1835.632648385534
-1841.0306322942024
-1840.096304773523
-1839.1741732901125
-1838.2996471279896
-1843.6799684612688
-1842.777052696238
-1841.8620539275848
-1847.2529797441007
-1846.3628166102349
-1851.6949833925257
-1850.7756949373793
-1849.9259648880302
-1855.2375947730047
-1854.3930714292378
-1853.4765952188673
-1852.5021676222643
-1857.888629295183
-1863.2286261646357
-1862.2829034703996
-1861.3637345716772
-1866.68596037114
-1865.7765750580354
-1864.8233799917214
-1870.1999135096748
-1869.2697992624994
-1874.6119653903693
-1873.6840859913773
-1872.735170800654
-1871.814495402873
-1877.161230409505
-1876.2300351656913
-1881.5592506835756
-1880.649023266779
-1885.9839052814966
-1885.040071650869
-1884.1009374833327
-1883.1683973703332
-1888.5212710298854
-1887.5721765417406
-1886.610694828615
-1891.9806100684111
-1897.3107031489103
-1896.396079916545
-1895.3878937834609
-1894.5125129855273
-1900.1051123904151
-1899.161346544829
-1898.2184900533282
-1903.5745196268329
-1902.6049946672133
-1907.95887470348
-1907.0298134246902
-1906.008176104677
-1911.3884450190646
-1910.4267753121721
-1909.4942090043567
-1914.7694967004625
-1913.8284155062458
-1912.9146363308319
-1911.9387420584637
-1917.294026566452
-1922.5783064231905
-1921.6483258673347
-1920.7147187775913
-1919.7360410794365
-1925.0825024519106
-1924.0912266784376
-1923.1457540817667
-1928.47626922321
-1927.508227627667
-1933.1165841358159
-1932.1856050502242
-1931.2119898248372
-1936.5327536753662
-1935.6062007918088
-1934.6125911919835
-1939.9241741227972
-1938.9534386387925
-1944.2849944500856
-1943.3140130546162
-1942.3303515737061
-1947.6480845787116
-1946.6929631712528
-1945.7168376093568
-1944.7325328373493
-1950.4051513022923
-1949.39475922836
-1954.7042582239474
-1953.7302303627412
-1959.0379161394771
-1958.0683783215309
-1957.0896874460739
-1956.112219728646
-1961.4314138741533
-1960.4106549336382
-1959.4490016548996
-1964.735396089778
-1963.768882190921
-1969.394971651734
-1968.4109041429067
-1967.433065399614
-1972.698919030893
-1971.7296002916644
-1970.7327252846658
-1976.0429167833663
-1975.0550094833375
-1980.3223985539175
-1979.3519368799452
-1978.3347448111576
-1983.976302623108
-1982.9715530583694
-1981.9816283085759
-1987.284225550074
-1986.2573703903697
-1985.288997347591
-1990.5690018120038
-1989.4851064544732
-1994.7991062961614
-1993.8020349482163
-1992.830429166222
-1998.3890152736792
-1997.4314256807004
-1996.418040294248
-1995.4475809813941
-2000.7316916315401
-2005.9943700924
-2005.0090335548307
-2003.9845730431643
-2002.9756300267502
-2008.5911911739308
-2007.580094544782
-2006.5802282686636
-2011.8471339564521
-2010.8522907520216
-2016.1012861524785
-2015.084434497678
-2020.3554760291474
-2019.3204454729325
-2018.672089362815
-2017.6270778855435
-2022.9148033517558
-2021.8760579491804
-2020.839212398708
-2026.127599641894
-2025.0686536210574
-2030.6989384257217
-2029.6570080019412
-2028.6412158209412
-2033.9050662096447
-2032.8411326951361
-2031.8393365695563
-2037.0878869019607
-2042.3326570645902
-2041.326409616777
-2040.6040180134826
-2039.5910025242133
-2044.815311479126
-2043.7846427462978
-2042.751147220606
-2048.0029241158886
-2053.2491700244145
-2052.53381970058
-2051.536598605231
-2050.465939312639
-2055.686608140429
-2054.657810997049
-2053.933632908699
-2052.904114535901
-2058.1452474667267
-2063.3777530929897
-2062.347490942713
-2061.281336883717
-2066.508716592343
-2065.808941734542
-2064.7745475661136
-2069.9767219778278
-2068.916134108442
-2074.1436940137346
-2073.1115241213283
-2072.026471156625
-2077.5967198632557
-2076.565709743159
-2075.4881328732977
-2080.6888533114166
-2079.6443456882002
-2085.189697639951
-2084.1593428764736
-2083.073032690015
-2088.264999118222
-2087.2196142103166
-2086.114225036033
-2091.309708281065
-2090.622979523936
-2095.840795986342
-2094.7809277369897
-2099.9687311569
-2098.887983846107
-2098.172089247919
-2097.102961342308
-2102.2858705307704
-2101.1947798719825
-2100.0885235942064
-2105.661021402089
-2110.85235133431
-2109.7952578000063
-2108.7235260342245
-2107.617321609628
-2113.1710333642186
-2112.0731098432016
-2110.9915099527616
-2116.1610001718946
-2121.3325265222984
-2120.253410498203
-2119.150380458023
-2124.7154956189524
-2123.6050118074863
-2122.51185406814
-2127.6968790015358
-2126.5833774670245
-2132.1417683234704
-2131.02436115757
-2129.9186095388986
-2135.0932617273716
-2133.9719370597454
-2139.5390219017263
-2138.405864585338
-2137.300802032984
-2142.8261314849433
-2141.7214370919305
-2140.6158205146735
-2145.7583606007474
-2144.646670414557
-2150.2124489604303
-2149.0808023447557
-2154.232542752705
-2153.089736683495
-2151.973349744878
-2157.516153401661
-2156.3769899378485
-2155.3033838088836
-2160.432424892634
-2159.2539516701677
-2164.835795235862
-2163.6581595992975
-2162.552466537068
-2167.686175217827
-2166.550021747792
-2165.7984749475336
-2170.921565522015
-2169.790802542326
-2175.30166296938
-2174.154991351616
-2173.057907507475
-2178.1680512744533
-2176.9959166996337
-2182.5111983221022
-2181.356699486161
-2180.2370156937036
-2185.3559130226986
-2184.2108873122697
-2189.7644740399637
-2188.571561404445
-2187.440801376435
-2192.946046089353
-2191.7698065533496
-2196.890832540207
-2195.7316549651687
-2194.5498169794428
-2200.0986646212737
-2198.8953735608384
-2197.742125716961
-2203.2248442165223
-2202.0755217923847
-2207.1916632162893
-2206.015189203073
-2204.86315850921
-2210.3444996515996
-2209.1824283439064
-2208.020626093807
-2213.509047836605
-2218.622607829435
-2217.4323814142313
-2216.2480040729133
-2215.080419273385
-2220.550357893383
-2219.380155820758
-2224.4923326111452
-2223.6754739357607
-2228.7877092241465
-2227.595107071938
-2226.407225530782
-2231.5319642977697
-2230.70442388005
-2229.5365963731497
-2234.634451964838
-2233.8291377946352
-2238.928314002341
-2237.7264390138607
-2236.922004572031
-2242.006973721207
-2240.7851390174296
-2239.5962407737397
-2244.6828128326124
-2243.8622317594004
-2248.9445295310234
-2247.724924153857
-2246.920992152545
-2251.9982513649015
-2250.7803472531273
-2256.280367636056
-2255.071877658813
-2260.151777289574
-2259.3569547269717
-2258.1512066194377
-2263.2347138839714
-2262.0215436148846
-2260.797629279577
-2266.2826658830218
-2271.335405637673
-2270.112495693564
-2269.305105207339
-2274.3520013564525
-2273.1367031516997
-2272.3050320137995
-2277.3616995637194
-2276.1464320600485
-2281.596282874181
-2280.3836777220254
-2279.1516825443528
-2284.606735822728
-2283.3788007530784
-2288.4262687364717
-2287.191436214755
-2292.241332928424
-2291.422508714677
-2290.1988918657935
-2295.269070961252
-2294.4148518306843
-2299.484094713159
-2298.2480634539047
-2297.429210432351
-2302.4968698399402
-2301.2435449132176
-2300.433979463392
-2305.4611211150077
-2310.4855737117255
-2309.6959384482575
-2308.419417727904
-2313.451771240862
-2312.654945356869
-2311.3954212929107
-2316.4490150107918
-2315.5967298493365
-2320.628826595697
-2319.39077846998
-2318.543184286233
-2323.574227360649
-2322.337270664468
-2321.476315962502
-2326.498515922218
-2331.5595758049594
-2330.6957318681325
-2329.4895001363116
-2334.5158169596875
-2333.684891346487
-2332.4485628590046
-2337.4663876961486
-2336.6479358735546
-2341.683157424148
-2340.4158374058734
-2339.642464792578
-2344.6745620060897
-2343.4435853955947
-2348.929948262905
-2347.694958106145
-2352.733069421143
-2351.927638880923
-2350.652530188739
-2355.6797938065106
-2354.832196762187
-2353.5272667145664
-2358.5780561086863
-2363.9211462687917
-2362.6370184350326
-2361.375268315453
-2360.504852970948
-2365.5630981737163
-2364.3060341900978
-2369.682045465907
-2368.4764170661965
-2373.5167894629803
-2372.6694686512046
-2371.4161624163594
-2376.4507998806534
-2375.6129982842526
-2380.6517581248704
-2379.370521797602
-2378.5337278646402
-2383.5929493577923
-2382.2469689902364
-2381.543059474899
-2386.548454697678
-2391.54133658401
-2390.8069490717285
-2389.934628415473
-2395.0547623873513
-2393.814850638585
-2392.9296748628926
-2398.077527833586
-2396.776317765467
-2402.2743527652087
-2401.0909589128823
-2406.058903698243
-2405.3134595135857
-2404.0930780709928
-2402.7914280833475
-2408.348352945522
-2413.309225029404
-2412.0479252023447
-2411.434775704511
-2416.4733913230943
-2415.1567172292985
-2414.5846737662137
-2419.965660002971
-2418.8788836402446
-2423.9768124180664
-2422.6578223073134
-2428.329192105918
-2427.055036621347
-2426.2558877345464
-2425.1584856199347
-2430.172955552425
-2431.2423122273053
-2434.5267633943376
-2433.1591255379585
-2438.8049174579332
-2437.986692828577
-2436.8517528752564
-2442.0807577229257
-2441.2297979816026
-2446.5262976682616
-2445.3809355164117
-2450.928030428724
-2449.7789705799546
-2448.638591528556
-2450.1091412181254
-2453.06204178724
-2453.2601952937785
-2457.5335628105195
-2456.256803770954
-2461.615175401003
-2460.2826005798565
-2459.481652335022
-2464.9584654701566
-2463.6585777435967
-2462.856963203018
-2468.400469451125
-2473.6951797595952
-2472.9093845901325
-2471.802347722768
-2470.8553604181607
-2476.4298131787928
-2475.114003553824
-2474.534404151637
-2479.7890432719078
-2478.7563550095915
-2479.4696007457396
-2483.215057355807
-2488.472454579127
-2487.6444819913127
-2486.757075837901
-2490.2457801301243
-2490.9654734864644
-2491.4261062483793
-2489.8894517100125
-2494.179629314676
-2500.7002290828536
-2499.0169484311964
-2497.481154698897
-2504.06078909528
-2502.1369070192704
-2502.0294416720553
-2503.9026545708534
-2512.0093245103885
-2511.58456662492
-2510.5999771469196
-2509.6429528626923
-2515.443989929364
-2514.158711316886
-2513.767647122956
-2518.7965016912754
-2518.2238895016812
-2517.3312080771607
-2522.242096258958
-2522.481038929052
-2527.560635372652
-2526.850903315335
-2526.2589878307704
-2531.4689110510058
-2530.8015678785073
-2529.6346649363154
-2536.1260389511513
-2534.9827546710353
-2535.240762760773
-2535.9259409088354
-2541.8355162074913
-2540.823690024299
-2542.3967066779196
-2544.1873152860744
-2546.849738438336
-2545.8517418928286
-2547.3572156108285
-2550.5860580717335
-2552.776743253077
-2551.905494114405
-2552.9618289076325
-2558.3599766309794
-2558.3329479412973
-2556.922828126626
-2557.8152829642727
-2562.358093103277
-2562.259635331326
-2561.1941229387453
-2567.20510798911
-2566.5627415009967
-2569.1526220523347
-2569.758050917407
-2576.0900390392244
-2574.6396484964057
-2575.146676625814
-2573.452284641734
-2579.422231304828
-2579.1567941650983
-2579.330829748766
-2583.989055309967
-2582.833270894265
-2585.137489327568
-2587.489236899752
-2593.404446781622
-2592.4231098438668
-2591.140364223083
-2591.354329267421
-2596.4252586255934
-2595.6087541379097
-2595.366046278133
-2600.6752969029017
-2600.1295639014447
-2599.067676188039
-2604.3074413399036
-2604.1036087969305
-2609.9349595820568
-2608.9612657866155
-2608.1751765646663
-2614.2293033535275
-2613.3226446521317
-2612.6415689116257
-2618.409350942038
-2617.997118778012
-2617.152684040019
-2615.8278582172375
-2622.3694604931584
