-0.8484904217558209
0.46571825627284413
0.19659034857270297
-0.09704952392486041
-0.02549920074382133
0.07655083890090561
0.15942013959944362
0.12262192322949111
0.04566182831961363
-0.0150696322762192
0.012507122523563972
0.0532811415562872
-0.015094131686894219
-0.18795977310668693
-0.340078121726823
-0.32918541922339994
-0.10220093133514874
0.00477207530145226
0.05897978610998287
0.01269231417245157
-0.013974499610759597
0.062018101701682975
0.1611339777734115
0.13351774762180793
-0.1013538351701383
-0.25055143424684806
-0.6159573915087395
-0.5758289127971195
-0.41917840117896166
-0.25545509653036297
-0.2679272169347734
-0.262142872383422
-0.12932712272782082
0.12189036976855072
0.2651568182292491
0.12531051406776955
-0.22115546278341497
-0.5913760353449942
-0.7395601021033662
-0.7119715881464905
-0.685650491493436
-0.7624887705298624
-0.8496969296139167
-0.7749361204178875
-0.4739637228426464
-0.13151699871550893
-0.013787569081296303
-0.16974504914525596
-0.4696123471652792
-0.6550928274522638
-0.6894736285896288
-0.7151131041812963
-0.7450678312444974
-1.0654826155119157
-1.1838901904087131
-1.072290680781391
-0.8116958305061722
-0.613367618148987
-0.6641492612351272
-0.9427520648662998
-1.1664040417862218
-1.15688200265661
-1.012742082215684
-0.9261001765781907
-0.967810498424455
-1.0601431999477617
-1.0729898579061805
-1.0036597532696407
-0.9676887860585225
-1.1065637058595743
-1.4877016954197957
-1.9411445126321372
-2.132785479573496
-2.045219200546274
-1.797127389609107
-1.5876608977754825
-1.4458111683736528
-1.340665231496488
-1.2022228056607012
-1.0786857128075809
-1.0971505462685232
-1.3331535141187676
-1.7358317776415721
-2.1200276495292054
-2.29314603172345
-2.273867421277939
-2.171349523543479
-2.0991319653005482
-2.12504883136725
-2.192374723352009
-2.216437118977277
-2.1994549508390597
-2.225683552782512
-2.338103578661963
-2.453994393938715
-2.476621990149418
-2.3293329064520463
-2.113891575657335
-1.914938755320959
-1.8793043486366958
-2.146752775881063
-2.6381211926065062
-3.069501398819541
-3.254825283305174
-3.278297567019941
-3.2260786231760017
-3.192889248076122
-3.1565856667180467
-3.0206207527160838
-2.895791252362813
-2.5726120591406416
-2.916034428086977
-3.062705279460793
-3.3621503349273074
-3.4569312761988535
-3.2402982433837075
-2.9312518957760196
-2.7404774890631023
-2.8965837482239714
-3.2891792395038357
-3.6706762293742625
-3.8792456384743508
-4.001017626097765
-4.155524405803663
-4.40740730215663
-4.491480385435444
-4.2894814615650185
-3.8097040450677944
-3.274459206705574
-3.1506072565990513
-3.618282336183538
-4.268157134153602
-4.523956878919983
-4.261924353536554
-3.878277453550431
-3.6644449016919527
-3.7616161105600794
-4.1409482189159705
-4.525904207449725
-4.772649341047072
-4.901265558632806
-5.208763469614679
-5.534004996121002
-5.725924567955792
-5.306763058467337
-5.176792283988934
-4.758462218769339
-4.697051234128755
-5.155080334361794
-5.772429506066392
-6.021012140628776
-5.673061111312506
-5.2050077615479395
-4.754119738501968
-4.649769985378315
-4.998355094935233
-5.635330576470289
-6.102113418658704
-6.304458580333126
-6.364964081884637
-6.380990195885187
-6.539557197389527
-6.656179752528374
-6.758613369220905
-6.837463180614954
-7.022035383845947
-7.390940931727089
-7.833954952266958
-8.009223496047396
-7.742547601108193
-7.187509435986427
-6.526392561040252
-6.148500798511842
-7.198391851439213
-7.767719622643209
-8.37643560427623
-8.11931373041067
-7.4879284138078175
-6.891381221536921
-6.623836925222324
-7.349351957991877
-8.646302975768462
-9.359847678008109
-9.221367914008997
-8.522870737362961
-8.227268239953041
-8.082502163610904
-8.649501841784309
-9.666150043116598
-10.197226373876422
-10.0376995122285
-9.530886982729422
-9.02292908632686
-8.821966036041411
-9.03541042289721
-9.566062867147759
-9.944875487468654
-9.884986070276607
-9.56976804024692
-9.192167378831096
-8.998755920853677
-9.213084005703594
-9.630192332783198
-10.078937941785316
-10.28786523354752
-10.285230283960106
-10.258449873981043
-10.374130646013786
-10.678278576116774
-10.917224635500057
-11.376836232881827
-11.52301639931839
-11.569033707877093
-11.681229663751264
-11.852917752510582
-12.012514523700666
-12.156517679740064
-12.275585955449822
-12.297139164581449
-12.33627804653927
-12.335892338717867
-12.266621418119826
-12.19328346783666
-12.095054554475706
-12.096733370615787
-12.206636396528816
-12.272070271642603
-12.309845003064936
-12.257003419326445
-12.329551701555573
-12.48075090069818
-12.694828346170107
-12.91037208315161
-13.064337515837364
-13.20107541509527
-13.40151024452551
-13.67115793041899
-13.943207977943349
-14.164438399804263
-14.323480381515125
-14.505668127882387
-14.723795141235735
-14.967759695144348
-15.16793680285736
-15.298261240820938
-15.416551380750114
-15.470625306702441
-15.634233490593118
-15.744791160991499
-15.76989555601504
-15.713159124082118
-15.674605410173164
-15.722475167692672
-15.830302430946022
-15.751532552248149
-15.713000236655013
-15.693433257537675
-15.813449661722046
-15.916212569809016
-15.975071418000095
-16.053186124480803
-16.195671858473133
-16.361707711214763
-16.530805605129082
-16.69925256959581
-16.887097852505025
-17.117773445441834
-17.31258897289457
-17.56835803512829
-17.862770003553504
-18.081048157860334
-18.340897238403127
-18.51532264099515
-18.707337022828188
-18.977101238622613
-19.26324226877108
-19.499535861809182
-19.665118660092322
-19.84935511250829
-19.968115576067333
-20.110590768170493
-20.36000532132427
-20.517816356570282
-20.591769023728567
-20.62305714684434
-20.65281821843163
-20.8266577211122
-20.91435242446789
-20.988896871109745
-20.917739322970693
-20.92475784901899
-21.011225142714427
-21.110720417936772
-21.2110245878459
-21.07334631070962
-21.055376846592072
-21.116208503628886
-21.2198783907503
-21.31577300317314
-21.401905764635174
-21.51039001799358
-21.64590373604802
-21.79328301477983
-21.9490270072387
-22.109338851485703
-22.308207234337857
-22.404844139738902
-22.59538297388849
-22.865960420903754
-23.082404696789798
-23.34023819086628
-23.489951840424368
-23.702629749361662
-23.93063138626796
-24.18966971100854
-24.472388834232657
-24.705625596667677
-24.928443357058832
-25.16580986871961
-25.443309950473342
-25.68191600913422
-25.92288849813692
-26.155224359440524
-26.374572628205552
-26.5432130149901
-26.811083635163904
-27.05901794381251
-27.28145476199657
-27.435631263475006
-27.50654062887458
-27.742507456383237
-27.987783577447285
-28.137995606348422
-28.362287051466808
-28.401342692153598
-28.608370295888335
-28.71939063587301
-28.92327710128401
-28.937834810514396
-29.01724183034507
-29.19193732135331
-29.300969034268086
-29.43149377294991
-29.516912531144285
-29.577923509374497
-29.6707703966321
-29.75373977860626
-29.86060815153553
-29.95271281338944
-30.07470552162956
-30.2151376964151
-30.149531711405434
-30.33697276281833
-30.418597613268666
-30.45505002836742
-30.51240415950789
-30.669632101628906
-30.908713926798175
-30.963606503172205
-31.03709904129427
-31.250554882819117
-31.347547592128738
-31.565072938693017
-31.615905812343225
-31.830362379461217
-31.929692491005508
-32.18385232474373
-32.276528513105774
-32.573971273717895
-32.80958778960924
-32.932072491699415
-33.16842975437055
-33.348305015987
-33.59999564367984
-33.846313098559285
-34.16229249180778
-34.353872673319685
-34.51777843828543
-34.71032570329583
-34.96250805141523
-35.23416032152576
-35.47055944389394
-35.64991383763374
-35.84385176643329
-36.11204774896421
-36.40796301501686
-36.64542861470356
-36.78473206557822
-36.97684365734484
-37.24453267133069
-37.52792504219231
-37.737065419646115
-37.900741275396
-38.06048520143962
-38.27362998209854
-38.5418013147254
-38.79624744530618
-38.99236160150199
-39.1542894432223
-39.370367613133546
-39.59262357844488
-39.94470485567526
-40.150451236464285
-40.21330005915868
-40.41626303547609
-40.714212053405056
-40.90159901897209
-41.1337046422197
-41.36094859867514
-41.57607391468591
-41.776921002093886
-42.02662956048314
-42.25486849036536
-42.44865792734264
-42.62373018109547
-42.827695898549564
-43.08173786809837
-43.323385036989386
-43.53867009370158
-43.76919476005413
-44.01903314234069
-44.241750677396
-44.44505711077054
-44.681998736488225
-44.94514722521172
-45.139280014216446
-45.3847776643165
-45.582976199275926
-45.8356848819029
-46.099763838191755
-46.27941502023755
-46.51784041999729
-46.67141872676856
-46.795803682465
-47.10059191430375
-47.40676429409455
-47.61037205884919
-47.83477578023964
-47.9021527195597
-48.11489993932897
-48.31031012628467
-48.59291239861817
-48.69768465407702
-48.86742269162349
-49.03555712445925
-49.34294480743096
-49.57176274863783
-49.77886883555244
-50.01325454229241
-50.21214435834121
-50.485144328059235
-50.749112720847315
-51.02527087662583
-51.20328611278025
-51.47026413665012
-51.73822094848982
-52.01603085313904
-52.14045177364522
-52.35745839502008
-52.59853997212631
-52.76406243699074
-52.86676268584738
-52.850088346672855
-53.2565153509483
-53.45435615212428
-53.58852246930022
-53.6757131627658
-53.85819046426204
-54.04452260806268
-54.23448438744856
-54.43280291078263
-54.643425340162665
-54.86346857232706
-55.09753753344056
-55.32514080282279
-55.57106549093364
-55.7981218246858
-56.06964060584041
-56.37245596022681
-56.64797143566858
-56.85678949817232
-57.01108261483726
-57.19399621345759
-57.36084278874637
-57.571619234574
-57.72690903151255
-57.89070358313696
-58.09115695490059
-58.194710266508984
-58.43068987114988
-58.53820195470272
-58.77888357284485
-58.90189414251431
-59.22211335601981
-59.35611758795139
-59.63437331121858
-59.74423377262225
-60.06349594956566
-60.16326836458008
-60.468028803971286
-60.63799668513925
-60.692743549165
-61.050791427016314
-61.28141598920038
-61.3793564018614
-61.81335418354061
-62.13956744297116
-62.504844481666034
-62.70302595299577
-63.06739350382685
-63.37192239177995
-63.74487357661757
-64.09641497115436
-64.29723306248268
-64.70221714668949
-65.08574313041893
-65.42446533660436
-65.71631000700707
-65.99902441774762
-66.33130818769749
-66.7025635679225
-67.03767016372211
-67.34978533716183
-67.67716071591752
-68.04496761291901
-68.40240847453468
-68.71828797273278
-69.03666222363904
-69.4176671297782
-69.84329760758128
-70.20905781155966
-70.49928989595614
-70.78876192744484
-71.02807476453005
-71.53564527267616
-71.83011795993845
-72.06092681366853
-72.35271074663976
-72.5555560313225
-72.9951249197593
-73.22623442378122
-73.50795966401961
-73.68420434022552
-74.07373360595159
-74.24913469728742
-74.28899799030381
-74.53831557813601
-74.68577406376632
-74.76706258951603
-74.97742383975724
-75.11731589629096
-75.21654160496925
-75.39026092676735
-75.51450159120452
-75.63003787383667
-75.77921879543501
-75.86612251221722
-76.0665301188883
-76.13632958449126
-76.36719913943676
-76.48105311746374
-76.77152136567749
-76.78894305400661
-77.05181959529044
-77.0998400720767
-77.55117569598323
-77.82899466257712
-77.93457154330515
-78.41506764193893
-78.62298386600469
-79.17646533301568
-79.58252246213748
-79.8950426779389
-80.46131079204464
-80.88351938212506
-81.29844225892772
-81.70110391572214
-82.21013094127241
-82.7836771007485
-83.24768097792469
-83.70278488914376
-84.04256660649594
-84.50130745309222
-84.89016886875194
-85.1672500960926
-85.40750356288791
-85.8575832231029
-86.11663765185475
-86.46486645323982
-86.76624173321267
-86.99223018356528
-87.18373842914814
-87.3492608704182
-87.58515923955649
-87.87089705783362
-88.09215156963859
-88.21284234131342
-88.3180295460994
-88.34777091617309
-88.59190022240772
-88.76147885299169
-88.90452457121462
-89.08507040067161
-89.26913295852074
-89.41495252790226
-89.5839387307483
-89.79227592283277
-89.99568676748471
-90.1605709630299
-90.3086731820689
-90.70838736995918
-90.85457083966077
-91.23309781190385
-91.55905696372218
-91.86764730185492
-92.33048128938484
-93.06581375354388
-93.81408350050835
-94.20303920871116
-94.73923872569847
-95.34830505848232
-96.07489675876074
-96.56260055879231
-97.0380099305585
-97.29141707775096
-97.86626762363186
-98.18318355187577
-98.30201397599701
-98.78254443218994
-99.03414558682893
-99.04859112028862
-99.29467933294183
-99.25480579157212
-99.44621172929882
-99.57313119650233
-99.55354858965721
-99.74089683489497
-99.86312562750862
-99.8932181504975
-99.95302810097827
-100.15888617412898
-100.16671588712308
-100.45239981597585
-100.39538182786382
-100.8400701379958
-100.95450894516595
-101.6091804172918
-101.8550006063326
-102.60808774990731
-103.18640898853879
-103.7268520464434
-104.52205243784053
-105.24773576735349
-105.97256392693292
-106.86160218787472
-107.12021274739884
-107.5375719490277
-108.2202924015008
-108.32414188472514
-108.60285314532878
-109.02860804792245
-109.01776708951755
-109.11464425788708
-109.24263124015059
-109.21608155363953
-109.29834442544913
-109.42324973970229
-109.54796221922126
-109.61127628268159
-109.67756962957168
-109.6670550655205
-109.88174655491243
-110.02326116307842
-110.24472618159477
-110.49462603240508
-110.52912311238981
-111.27385373278862
-111.96567492375026
-112.61125249058131
-113.24920628224645
-114.05413057185615
-115.06542774570961
-115.74193246376271
-116.43393895453677
-116.90720085454349
-117.28830088177547
-117.61143202998569
-117.86730002160415
-118.0932521116614
-118.33754142260591
-118.57520986465563
-118.45043130324783
-118.46307826632398
-118.48375788006413
-118.59702092874235
-118.66781803309328
-118.76157481362115
-118.84178940130343
-118.88292966994189
-118.9358890280529
-119.18368715269887
-119.5731082957573
-120.02007225830576
-120.5050081762892
-121.1483412250066
-122.07573603179883
-122.90587860191482
-123.85064323826681
-124.7758872504078
-125.52342409502383
-126.0390073845512
-126.47320142333952
-126.8105703997435
-127.01225258244448
-126.89694432861765
-127.04464395294785
-127.09892706403308
-127.1716274991403
-127.14556848509449
-127.20093117659952
-127.27065406923455
-127.17905818882748
-127.19829101192597
-127.26033195726559
-127.43405810218462
-128.01739348587896
-128.08818968944448
-128.7098538943112
-129.63061029160832
-130.93991907709284
-131.66544063678467
-132.7497197955815
-133.56341101676378
-133.8655313968126
-134.6756456233581
-135.09557089912192
-135.0994850528633
-135.47018715559867
-135.54947092557146
-135.3888165348116
-135.4698955671481
-135.3849728692542
-135.37927161724997
-135.28128890198496
-135.28609596392357
-135.50098932079956
-135.46437937313
-136.03718576415426
-136.05846105876972
-136.50121765487523
-137.5215425158644
-138.37553462985784
-139.47531881870097
-140.61795057212362
-141.35089188224345
-142.400822000437
-142.56111149392115
-143.25247612626453
-143.19086640348203
-143.4350460944046
-143.39431951435768
-143.28786294723932
-143.18530341868447
-143.1988025774659
-143.22032619459293
-143.15495440244422
-143.34553183997593
-143.10885535168381
-143.56161740500386
-143.667082397127
-144.7468225353253
-145.28617523669058
-146.43048994162032
-147.66307743668122
-149.0928781361058
-149.682400856013
-150.79649246539753
-150.8099007248831
-150.9090526464024
-151.21109762802175
-151.07783961521767
-151.0343758303859
-150.8443323653847
-150.9530362847912
-150.82566310143366
-150.84955216064174
-150.85601187031648
-150.93328681942998
-150.82606897774457
-151.60335227645754
-152.27687576533853
-152.97687868681996
-154.51582590388122
-155.53715402111868
-156.92115197804463
-157.48923738317686
-158.00022351646135
-158.3015476961088
-158.7099938281508
-158.5631124998051
-158.56483809271674
-158.26864574022122
-158.43064107152478
-158.25761725718766
-158.20661527850544
-158.198047873974
-158.2691643204676
-158.5037411850091
-158.6336289493036
-159.91864078171832
-161.0755979634667
-162.27775510858868
-163.4819728172469
-164.48942265667094
-165.4927464589939
-165.50419504276445
-165.76959035090204
-165.80745944881673
-165.75217182941915
-165.66599612517703
-165.60357563408314
-165.53358843238885
-165.4161157516149
-165.15146156154108
-165.45101748599058
-165.7232522426385
-166.2142932877923
-167.11919178970865
-168.76829576363122
-169.73675262053837
-171.04037996842195
-172.08132788965133
-172.62511826149657
-172.87668763326104
-173.0044383785294
-172.96190315998254
-172.88336871178714
-172.67718014447883
-172.6916851612581
-172.5763057691439
-172.4854746199497
-172.53943284356197
-172.73204620366354
-173.1991832781949
-174.049634183043
-175.26364480728927
-176.6580514028275
-177.96436272212333
-178.96720383691596
-179.63868716582627
-179.5633218594406
-179.90109213684605
-179.86410650705943
-179.76120663433355
-179.60160867912427
-179.5032113230169
-179.36264585230177
-179.19654437467304
-179.19844027275647
-179.58591950316818
-180.72927056611877
-181.42152950704505
-182.99771772639605
-184.63358550516625
-185.8597935394039
-186.53831900487828
-186.48632672691457
-186.85291907961394
-186.7225445515682
-186.5824721193158
-186.44089041921623
-186.322372874158
-186.3407733987039
-186.03496737928066
-186.03699855349257
-186.274563559693
-187.44787954160333
-188.44331279570739
-190.09177056802662
-191.56515667825806
-192.7739099777848
-192.99352889572933
-193.64442898112262
-193.59259205469013
-193.42916771898655
-193.24880064768817
-193.18846380245515
-192.98492300688028
-192.91441043395875
-192.53231581662095
-192.6514917015582
-193.73292912777984
-194.3090050678238
-196.02126703472985
-198.08083828500904
-199.03710721121598
-200.25518727995112
-200.51371500282073
-200.1800778527956
-200.26725184152235
-200.1061911081528
-199.86733962296353
-199.536025734021
-199.45663702042074
-199.1248612768916
-199.13390289836929
-199.9390794094361
-200.43447531285483
-202.42037833147117
-204.28747905812313
-206.31446891206747
-206.59200803888785
-207.25775686266658
-206.8385730138871
-206.89998631221044
-206.6310575468993
-206.41249720586808
-206.1683938979715
-206.10115676213272
-205.73776511068763
-206.21457686591364
-206.29348866393659
-207.70452142324845
-209.784163695075
-211.93856321630486
-212.8399652486513
-213.84626028069437
-213.47068808959557
-213.56414982207005
-213.2047444610897
-212.96323954049754
-212.8788504250533
-212.5130095060277
-212.4983551800629
-212.15122957948762
-213.15649551338853
-213.7692246417377
-216.03617694089843
-217.6796452155471
-219.44698805238548
-219.59032818991375
-220.12247005815902
-219.7467961248965
-219.73194807406907
-219.4004393603516
-219.05129812968505
-218.88182520206064
-218.86748218933226
-218.64243176224005
-219.7312482652043
-220.76628912568322
-222.93716773245316
-224.58084806015472
-226.1448384632558
-226.07655777561106
-226.35008175081063
-225.90404504291817
-225.69476872552193
-225.43910389216157
-225.3074197949393
-225.13510639231868
-224.67967378984892
-225.46053098511217
-226.62962550562332
-228.6500349869878
-230.51146470485304
-231.8408223217234
-232.92378618411223
-232.45962634773144
-232.21268924019526
-231.98840751727784
-231.72517327277225
-231.50841050027165
-231.13046065438053
-231.32874579046717
-231.63093006134113
-232.1285498833305
-234.414599021324
-236.52526268319386
-238.1318385073787
-239.2917834763351
-238.75443652559173
-238.4828466243035
-238.1912140655487
-237.8907936990962
-237.63713129788786
-237.36299119135677
-237.3092987454624
-236.9401971492063
-238.87480647733832
-241.11677829460658
-243.2611780686444
-245.3759489308473
-245.05236034078285
-244.961334497563
-244.7761703957041
-244.46191902130886
-244.10528786276814
-243.70688105257847
-243.42565608809528
-243.45032432861709
-243.9835568932016
-245.09133858849464
-248.1121465747095
-250.05777239442395
-251.13314641424452
-251.4054186344236
-251.14770838927234
-250.8693532525714
-250.49308974181227
-250.1728322054408
-249.8818812891871
-249.68784295198182
-249.89730877710002
-251.03496562296928
-253.4240694003707
-256.21471257776903
-256.8481584841284
-257.30740642815306
-257.1458476470262
-256.8121801196236
-256.4218176859207
-256.0975939333541
-255.77898713216072
-255.432123534041
-255.41639533264822
-255.6332587403899
-258.74729989798476
-261.47659221873465
-263.0365680540075
-263.3991775780463
-263.22093880133053
-262.8381830706553
-262.48638672937034
-262.19460965017527
-261.8407470324
-261.4859903988858
-261.6729354159642
-263.12730014679937
-265.67324003294334
-268.3880018591764
-269.62261440185017
-269.6535862451313
-269.21372453927466
-268.7131562801672
-268.35482552438293
-268.0359399107435
-267.6462311843805
-267.2598074100825
-267.41348713271543
-269.0696495990531
-272.0193820589678
-274.7327306093958
-275.7941094017039
-275.5471176093367
-275.0498164333522
-274.6496905605723
-274.30098651477454
-273.77561534129177
-273.1499919109105
-272.91555675564786
-273.80961481670806
-277.09171919342015
-279.9349980638051
-281.75921623990564
-281.92916501731554
-281.1773500858962
-281.02006986863785
-280.4659060814403
-280.045094123045
-279.4863907041256
-279.0808428335435
-279.4875227418701
-281.4923419912432
-284.8736559010379
-287.1606465470543
-287.5227701914519
-286.99475665959693
-286.97578041911953
-286.31738989269815
-286.020528774946
-285.55852322546997
-285.10540126243535
-285.12691938592525
-286.95020282614627
-289.87344817722635
-293.01998154143473
-293.61592972145104
-293.2073244153132
-292.7096190268963
-292.2242622160833
-291.8888533284489
-291.3593917336862
-290.8727751274117
-291.02143033678107
-292.81880876146806
-296.4553309967595
-297.9856166013933
-299.2319396652607
-298.8981706339612
-298.4116699296548
-297.9055132639662
-297.49883122682644
-296.9259791733335
-296.43490006065304
-296.76067644066757
-299.1921464499773
-302.52307194205724
-305.11543942443103
-305.0186978563242
-304.4590929763708
-303.8698671175339
-303.4172217025713
-302.8980080444873
-302.2778264746301
-302.6248973752178
-302.87996314123427
-306.8479220067798
-310.4819979724499
-310.6069095125719
-310.81710647405976
-310.16648358103845
-309.66892901763504
-309.11002470236474
-308.41316833149966
-307.667043883376
-307.6678486579761
-310.7961620440008
-314.68509305372123
-317.2443554025554
-316.4129955847868
-316.33167864637744
-315.75829673362614
-315.20370724806065
-314.6340269412158
-313.9632285859034
-313.26641884938255
-315.12465792150243
-318.3040831230162
-322.22829861076343
-322.286423834142
-322.33036964616105
-321.6596475546626
-321.0817482303251
-320.5175007907241
-319.7862951344341
-319.7990424689614
-319.5648187760725
-323.61580279377375
-327.72196750132053
-328.86030654995227
-327.8782829928232
-327.52637884746434
-327.0040050632595
-326.3889221544088
-325.7174465742267
-324.88552333104826
-325.8865901901595
-328.34656977408787
-332.1486030028157
-334.56839010229913
-333.66412219586874
-332.8950446475245
-332.41937307699624
-331.9151077373549
-331.26669131321637
-330.27682397867824
-331.3611558684844
-333.59573392734706
-337.9229572896153
-340.4520166853792
-339.32206409536957
-338.763969651014
-338.16719434479444
-337.5800340249469
-336.87392098732386
-336.40271985516364
-335.96770943929965
-340.41372844128546
-345.4920067249698
-345.29143706421223
-344.90238853267164
-344.0310456183744
-343.4995413334942
-343.0196025421421
-342.3305075756965
-341.0877678610097
-343.1337853407402
-347.57405222108673
-350.5431472366646
-351.4585318827801
-350.2907285432032
-349.6675064506465
-349.2143406297343
-348.7494238552642
-347.8197411427733
-346.7478349277598
-349.8330747703193
-355.5189907428205
-356.71685085988724
-356.4045239200774
-355.5244287433311
-354.85069725857943
-354.3239650461443
-353.7388806966054
-352.7952694923269
-352.6936779027549
-357.5629514159701
-362.5011174201401
-362.24156974918486
-361.3185627104507
-360.66950850928293
-360.2172480647093
-359.75633323258984
-358.76578242205505
-357.8331859558867
-361.20260757656376
-367.44271452835056
-368.1018732523532
-367.11882319972784
-366.47248375494905
-365.91331589123695
-365.55434766176194
-364.5336852356023
-363.0554934623979
-365.086616534346
-370.04333294349874
-373.9526442388121
-373.24554623189135
-371.94334460432196
-371.45394651442587
-370.92785239342646
-370.57977090586513
-369.1341586897601
-369.27976205231175
-374.54933994527283
-379.1124988035442
-379.4510899381738
-378.11134722570426
-377.0243623568862
-376.76660076797987
-376.0800999814135
-374.91184896331083
-374.84795372316785
-379.1045914909549
-384.726539452254
-385.07810504815217
-383.1913393142885
-382.9890759897632
-382.4287881068964
-382.3236060192158
-380.68081806215423
-380.2359341916275
-382.931045399245
-389.753402457348
-390.59441546834023
-388.89085025066026
-388.58841375592345
-388.0807594677852
-388.03063729466095
-386.27636431399037
-385.72229685637893
-388.3042336541905
-395.5511506986744
-396.28124975791707
-395.01895171011046
-393.97385306477054
-393.7247498561356
-393.1387618112512
-392.1350215558506
-391.29181078120376
-395.3264818475653
-401.44028128056544
-401.4271947782724
-400.02842831838706
-399.3471171278528
-399.26708142586995
-398.24472077318273
-396.82432832543765
-396.6814869605138
-402.7861364028525
-406.8870950282973
-406.27682256886783
-404.1627188664307
-404.5554535051947
-404.1359968794169
-403.3145531785157
-401.748494000761
-403.0597119093863
-410.7714312148871
-412.700096144504
-410.27033219572525
-410.10581954992625
-409.7797601271007
-409.3506095543923
-409.5133933373376
-407.2801819732169
-410.5296588747922
-417.4512181929311
-418.08137757994666
-414.63460780696516
-415.22942224263113
-415.10512567522363
-414.5400853044349
-412.7071962050976
-412.9185485317287
-420.0451070149144
-423.5014767618936
-422.03984059337455
-420.80284212246465
-420.11122351450297
-420.3427270337727
-419.46635567906634
-417.96440157590195
-419.54124553646477
-428.46500002363445
-428.9751100097178
-426.7396547970208
-426.11142853022176
-426.08072490176266
-427.2725472667327
-423.8332558357825
-423.9364287378014
-431.2332674537474
-434.5266330212941
-432.85643602138555
-431.596523153516
-431.47110807889214
-431.7147797104136
-430.3736339840933
-428.79790698181586
-430.8434594584747
-439.41607578671704
-436.4454020235943
-436.7832312250293
-436.71550546191264
-437.2149454459408
-436.99717027579135
-434.0069187376686
-435.15357346195213
-444.2674080995932
-444.09756781758574
-442.2682616449339
-441.9861026860457
-442.46229035027596
-442.59055966601437
-440.9651007038647
-440.0238855122709
-448.89978995474786
-450.9547804226462
-445.2406297175268
-447.29617124757243
-448.0184638656913
-448.43966461195674
-447.285290698571
-445.02050939136353
-450.4799438212466
-456.1232090119807
-453.65402448796584
-452.4929411116934
-453.2449522065883
-454.1087657339356
-456.2213103918296
-450.19762183146076
-453.4700922550541
-461.3514164782244
-459.2695027851379
-457.4417907466446
-458.34134310689325
-459.5353910232917
-459.68771688304895
-455.3932019801222
-457.1528833479456
-466.6127239772389
-464.60462081869326
-462.61926773347307
-463.5797591837296
-465.10528940518407
-465.4499533725039
-460.82954430884934
-462.48538118125526
-471.9785246371806
-466.72566788158804
-467.4686880385767
-468.9508583663969
-470.55675520644826
-471.3581351941444
-466.492415456322
-467.9027741465599
-477.58852595434615
-473.9626783714587
-472.93377222108734
-474.4487375578218
-476.6352009911885
-477.2612288059732
-472.1542966984451
-473.2919633162784
-483.05022090783706
-478.35015432190556
-478.0392689108975
-480.11276932658797
-482.50029697562206
-483.1361558287361
-476.7670070406973
-481.4253860848306
-488.7515395789699
-483.4951742872127
-483.280764851971
-485.885406089563
-485.8688986523844
-488.42806024842236
-482.1675428400183
-489.9885340933737
-493.5034066031616
-488.0148630316768
-488.9220317752262
-491.839958698736
-493.8982496058848
-493.79122054870896
-488.0283171987619
-498.1124722686927
-495.8744618610687
-493.3177942957319
-494.5384615123396
-498.1429022881715
-499.0194655512424
-499.09768756897773
-494.00002194093645
-504.4073251157602
-503.5140545293494
-498.67039631967293
-500.8754848619239
-504.3034862620344
-504.37902302697654
-499.9507542339765
-500.2827698468036
-510.4384882148368
-504.16437224444076
-503.829635545689
-507.4452730475162
-509.8028039156659
-506.4962668248124
-503.60083178205025
-514.0105740878366
-510.2643874219487
-509.430835437501
-510.4603526688507
-514.671420119979
-514.9732611893978
-515.0418638768858
-510.4519752652205
-520.5763594742871
-514.8921501579762
-514.6846045883593
-517.3735972641239
-520.5770814662562
-520.1472594604899
-514.258592615787
-522.8833452662665
-520.8713361288309
-520.2475920485347
-520.3210454521349
-525.187365916838
-525.6459562243659
-525.5313694706774
-520.4423740428732
-530.5752738682708
-525.673812941024
-525.3658743445758
-528.2633248132154
-531.2045745685617
-530.7262666938038
-525.2601784925034
-534.875248629516
-531.5518811702166
-530.8948165481954
-531.0842120656258
-536.3967989086656
-535.2489658477998
-536.1882292503423
-531.4097550401552
-542.2789981197602
-536.340326149687
-535.8670523883075
-538.9464483789163
-541.7941106829409
-541.339991949517
-535.4692787079257
-546.3806434924423
-541.5205552137336
-542.5921065284113
-542.2921222679805
-547.2579242012307
-546.6628373051249
-546.3736353481437
-546.5938129664256
-548.6543627687979
-546.9287846424195
-546.302009197528
-551.5682262954766
-550.9722149470987
-552.0392073480825
-547.1961764686616
-558.1255352789964
-554.5370032833599
-551.8777539705843
-555.1699197128936
-557.6701772404307
-557.3118236090348
-552.3009601702518
-562.4105502578578
-557.3893037406143
-557.2684642099449
-559.7323757551585
-563.19338943324
-562.7045818181892
-557.3762816756673
-565.9298174399665
-563.759501743045
-562.666061571606
-563.3145750848953
-566.1391103865078
-568.0942686633437
-567.076269500251
-564.8948965467649
-573.6720517975181
-567.9597266447744
-567.9523150605105
-572.2809112789666
-571.0476740590324
-573.0436495904393
-568.8863908054716
-579.323358704114
-576.8096994669588
-573.0091030942874
-576.867196076481
-578.9468104992112
-573.0154467606369
-573.7749066610966
-584.1721802089501
-583.0608158501947
-578.4537827372369
-581.2326753800119
-584.0241254732957
-578.7812098012605
-578.9472124993985
-589.1019059684315
-589.2308418344239
-584.5487800347431
-586.4980145179853
-588.5005181882042
-584.2815959516465
-584.0715781308428
-594.0349537329863
-594.754973583268
-590.6423600141601
-591.8610703748855
-591.4950232852337
-591.2763666750569
-589.4730273033502
-598.1984884037437
-599.8961411894938
-596.8940698820564
-597.2949750097899
-597.4261644261571
-595.5728841409563
-595.2556546957594
-604.2207470740881
-605.5402895824221
-603.6342643883677
-602.5379057648574
-602.1888420438213
-600.4246367807707
-600.4029466021886
-609.4694300046929
-609.9821430981862
-608.5894586230553
-607.6948864051872
-606.8725530413477
-605.4752954038756
-606.0884075289422
-612.2989215877884
-615.3990030961841
-613.8215502389497
-612.9491030243344
-611.9340578850938
-611.0874838929283
-614.3168030558589
-618.068207068318
-618.610025170548
-618.7690812470878
-618.0389997481236
-618.2848716201837
-618.2221170172418
-619.9242133452443
-622.0702172791378
-623.3111514887264
-623.566031799084
-624.1127252716622
-624.8310535970984
-625.659936832354
-626.0009911937046
-626.2829741867993
-627.100217474975
-628.4577010957386
-630.1437522794187
-631.8916594980919
-631.1643173402746
-631.0582191550344
-629.9065748392144
-631.2406612131281
-634.375352259586
-638.2426752083087
-637.4300218330643
-636.7135708050126
-635.8365244244968
-634.5171810173867
-634.6885078525837
-640.835624269801
-644.2330990146987
-642.6811620584327
-641.6667989328375
-640.878163358223
-638.9874542646985
-640.0979455376305
-647.6347866762658
-649.0860452247914
-647.8454783178972
-646.9727525615137
-646.6594185256052
-645.0027794223514
-646.5086559508445
-654.402785720846
-653.6030200956956
-652.9525475208783
-652.6817160028241
-651.1710231917086
-649.3872285272859
-656.2355691625984
-660.4498609572955
-657.4472310152995
-657.9189595852064
-658.5755246778034
-655.5350716198268
-655.0549505247086
-664.7122289315716
-663.5829255174954
-663.239653716485
-662.9153650757056
-664.3713855607073
-659.870690580462
-661.3454327736541
-670.7656884517355
-666.1141797532639
-668.0389750077256
-668.7927225734003
-667.0834528187232
-664.9735892924733
-673.2977442206951
-675.0026736408186
-673.898613226346
-672.8848942862115
-673.6258472159182
-675.3599233852572
-671.4938591550488
-681.4117133658852
-681.0253612557626
-676.6181807276554
-678.8529510123809
-681.8757446908802
-676.1351604399484
-681.1607177087304
-687.2524816586099
-684.4369514088601
-682.6846903323958
-683.6907736891956
-685.3994205116143
-681.9375960890139
-691.6559078668215
-691.3195976073156
-689.3346423281469
-689.4693411297213
-688.4913649779678
-686.6855398350556
-691.0313735803984
-697.9147716678852
-695.8624041271287
-693.8160823295656
-694.3267663041561
-694.6497213571796
-692.5375510044609
-702.0358498612005
-702.5102403602768
-698.7285178721864
-699.5811792267224
-699.4998734989124
-697.2672729938218
-701.8934991205562
-707.8026505018175
-705.5832576550974
-705.2757407276815
-704.4272579939272
-703.1338710676317
-705.0498025239062
-712.4551918987183
-712.1545731753766
-710.9884226090084
-710.478164694877
-709.2534141766575
-709.365808684494
-713.3469554976841
-716.7069526543644
-716.4346594274907
-715.725573334359
-715.2602950549461
-714.7211058967491
-717.716294243112
-720.4152785490218
-720.9180966530527
-721.2189590628844
-721.5116111357211
-722.0005443780144
-722.3743913346211
-723.6929556933244
-724.8950271796783
-726.3101980557401
-727.2676022620827
-727.8685542622295
-728.4030660097085
-728.5787772695649
-728.9012172450106
-728.6533061934944
-731.9015983783102
-734.0993546251142
-735.2495844630513
-734.0292575600038
-733.1201120854906
-733.3990345462795
-735.6291145777916
-739.5658483382624
-740.1935245502582
-739.5249436717897
-738.7284814689266
-737.2403542666411
-739.1575505593212
-744.4684658893102
-747.0276911915445
-745.3768925419407
-744.4910130030437
-743.0682270764313
-742.3299756733485
-750.0410820481615
-752.2717449501868
-750.6292334872292
-749.8342902865836
-748.7215837461362
-746.659404389568
-751.9529278054931
-757.760023485754
-755.0011937759764
-755.3199588226628
-756.1224274361805
-752.379100073646
-753.9958858978306
-763.2392566380836
-761.9234136686651
-760.4166130977846
-761.11777388968
-758.1777870858484
-758.3798947483161
-768.0766170006111
-767.7523418952863
-764.7148910480553
-765.9202152682097
-764.5930357342573
-762.7852279955106
-772.642984492916
-773.8392643214098
-769.3275365883184
-770.8995859213512
-769.9660569171594
-767.7269051515095
-775.9344913951732
-779.3431498288164
-775.1413764559151
-776.4774204135492
-775.7307575665285
-773.3236991304321
-778.5347811803454
-784.8670855642641
-782.4125833412512
-781.46742080705
-781.7931488622679
-778.6804999295988
-783.0139913436544
-789.8296142810359
-787.8988394427734
-786.8859499423878
-786.5669706962561
-784.0949890122641
-787.7138243784245
-794.3105438147375
-792.7371087893086
-791.9459278152233
-791.0097744140081
-788.9374941137004
-793.0470280563245
-798.197257460553
-798.6948682918527
-797.5133060557768
-796.6885900702881
-795.1541108430733
-798.8195967976851
-802.4714730893463
-803.6205633272092
-802.5641132972286
-802.1105865102999
-802.3433161299193
-804.3297953799884
-806.1865665003543
-807.3809166994431
-808.2717295322511
-808.4119015573245
-808.9043216935618
-809.8076217167346
-810.9930545622332
-811.3217869761414
-812.7422591991524
-815.4576259486262
-816.042172618217
-815.6282062524051
-814.8495993125896
-815.4549131794171
-817.1821492278763
-820.744630294675
-822.3699918887736
-821.4523181015662
-820.5990323720972
-818.4307976920135
-821.6337267196624
-827.5445197106231
-827.6211031365998
-826.1454950131767
-825.2031553427213
-823.9622706713196
-826.6091281848131
-834.1190103032387
-833.1106698478764
-831.7871624782373
-831.4050682490816
-828.6110122231802
-832.2681356111206
-839.2527803742043
-836.0851727198307
-836.484328078329
-835.97023873937
-833.8258673244677
-837.4205323402002
-844.8084801463966
-842.5395099849205
-841.7601156207502
-842.8749707128773
-839.1185279435896
-844.8440723253661
-850.1195454932227
-846.2329021604244
-847.1995047649941
-846.2237060847693
-844.5230762977576
-853.2476752705968
-855.4744312207523
-853.1545295758199
-852.3881286348643
-852.5660917955568
-850.0547864932819
-857.4477078270575
-860.5809176993916
-858.4940283202016
-857.6461132989731
-855.7515898861626
-855.7020527791813
-864.0813923047109
-864.0594348706653
-863.2828446667014
-862.4709668100004
-861.1413389692614
-862.5124424592055
-870.6474986309327
-869.5515583003911
-868.2736944020137
-867.429448499212
-866.0283583890324
-870.2123300163165
-874.0439795920646
-874.6686852311443
-873.6248602852922
-872.8226512982658
-873.5934701513588
-876.0577361225461
-878.1793808065026
-878.799260757553
-879.5438524914274
-879.2951886986805
-880.1065908912923
-881.5882270211475
-882.6835210684261
-883.0577771267106
-884.4462468704767
-886.2011120410878
-886.7404486266225
-886.745776407122
-886.2265602523104
-887.8570202805819
-890.8607143547165
-892.8420969248973
-892.9014205692214
-891.995764958237
-890.1961704162572
-893.7069389761515
-897.8535110137325
-898.5840982364906
-897.6156655497654
-896.768670841119
-895.3274053217109
-900.4013662293629
-905.0674841059496
-903.319335277789
-902.2842764233526
-901.5312251608068
-900.3899129489238
-908.780358918767
-910.1445688703742
-908.3512755834031
-907.5475365402799
-906.7884666477795
-906.7815434116534
-915.4319047704475
-914.505117267964
-913.4041986204265
-912.6445252461066
-910.5057919667958
-915.8272461548654
-921.1889854003017
-918.9877053841794
-918.1889851558344
-917.0430495841921
-915.6560664879194
-925.3198867365907
-925.9302774017381
-923.8303269665694
-922.8575392739532
-920.9683384130363
-922.8803608202752
-931.5879929049448
-930.2548435173476
-928.8728576647742
-927.6479982554785
-926.2502133229148
-931.7483591544492
-936.5464258033387
-934.494489945521
-934.0647929442357
-932.6844465805632
-933.1573286277219
-939.7554798105411
-940.8143515753382
-939.6450307331977
-938.6672457342632
-937.6406539967751
-941.6961758147829
-945.3354155675579
-945.0863747512635
-944.0105176693097
-944.2506962858279
-945.6719063364153
-948.5048113508157
-949.8051717712202
-949.4352861525407
-949.7506764774109
-951.4618698052279
-952.8229759434743
-953.1419798452326
-953.0853807044365
-955.1259008248609
-957.3219128506533
-958.4039526131886
-957.8345521357869
-957.0023744877865
-957.7993556461207
-962.6298976238679
-964.4929761801075
-963.3767829135392
-962.7577257798937
-961.6952306042734
-964.1095913097327
-970.9094602294707
-969.5382124053197
-968.3625925134053
-967.2668955647584
-966.7730362592318
-973.0288096157856
-976.0422954233384
-974.2345053893338
-973.1696805618623
-971.4665139981287
-973.4035099125344
-981.8000757147711
-979.9343967896981
-978.9197279340788
-977.5809533898646
-976.4308103852101
-984.8268044003303
-986.6159161248452
-984.6458149248273
-983.984088477393
-981.7672453439354
-983.1432824336107
-992.058462683898
-988.5583028739677
-989.0469159992646
-987.8074146874807
-987.1812250509321
-995.8908907704048
-996.5200875005468
-994.5877611637336
-993.4926610605727
-992.4205938516682
-996.0591643790284
-1002.2796017975082
-1000.850882722829
-999.9934633996302
-998.7093963237528
-999.2163089492066
-1006.4512822933997
-1006.5457347329138
-1005.457483641918
-1004.52943052154
-1005.3358067907656
-1008.0123587548641
-1010.4686031801505
-1010.9061162715911
-1010.2702817832941
-1010.2169608408402
-1012.8508319757178
-1014.1073643702725
-1015.0211396007236
-1015.4703370686883
-1016.043503965586
-1017.5262029421928
-1019.4416958459259
-1018.912574243914
-1019.2600257662651
-1021.7111638919987
-1024.3228773628227
-1024.1704028189376
-1023.4698903854948
-1022.5126466874882
-1026.329841197328
-1030.3506443123301
-1029.788725646041
-1028.7457072543314
-1027.82928882506
-1028.9061395476674
-1035.7038036886158
-1035.5672563417643
-1034.305735181602
-1033.1877331773937
-1032.3217874213972
-1039.0582561554118
-1041.9286076047547
-1039.8275881190534
-1038.6107947003545
-1036.7726444335847
-1041.2454832383537
-1047.7363742480554
-1045.7924926827986
-1044.570143135447
-1042.858391156372
-1043.4677387284942
-1052.393676087928
-1051.7994929722572
-1050.279382917155
-1048.8260735431963
-1047.8305363313352
-1056.2952048391091
-1057.3176875054305
-1055.8555857068643
-1054.684392002606
-1052.6819997224957
-1058.3069775814945
-1063.1447061758397
-1061.3830702300106
-1060.5145738124668
-1058.7865805053834
-1060.7704546050163
-1067.7268631260179
-1066.8312806698486
-1066.0416858921249
-1065.003610594793
-1066.2863251960246
-1070.710657547873
-1071.6199324430331
-1071.2896358372554
-1070.8857496123928
-1071.6942717319898
-1074.8568137266323
-1076.0111582750476
-1076.0087117432
-1076.7853920395714
-1077.7310728044738
-1079.3469093103524
-1080.2000988318982
-1080.354688741028
-1082.0465848777972
-1084.3450874351606
-1084.6924856372887
-1084.8172717767713
-1084.6993656782504
-1085.9788530833262
-1090.5206316051133
-1090.6212902162226
-1090.0229373425718
-1089.1489262999783
-1089.9803007278483
-1095.9892634347393
-1096.146000563524
-1094.9939769343728
-1093.4742118755146
-1093.5154665659043
-1101.974539949423
-1101.8300753054627
-1100.0406840212308
-1099.8059053025052
-1098.1058307590415
-1103.5539153113778
-1108.0960884806088
-1105.9890509766915
-1105.0559739672995
-1103.4039063490616
-1107.3645490645374
-1113.8431761399986
-1111.3549523236647
-1110.363072603522
-1108.655566523893
-1111.6681858913696
-1118.8712219384531
-1117.1198089066727
-1115.8079750854415
-1113.9743406311275
-1116.2624225933869
-1123.8592071300598
-1122.5530430471442
-1120.9669890312466
-1119.8525195944503
-1122.4410140840694
-1127.4800214866964
-1128.1140142652189
-1126.6095152680612
-1125.5745361174666
-1126.705040114489
-1131.119164333924
-1132.9238433068247
-1132.3050939784696
-1131.7587773562616
-1132.5811402545578
-1135.914514640022
-1137.4533068046528
-1137.0674282939453
-1137.8545365025702
-1139.1574118764333
-1140.4702202591086
-1141.213943126065
-1141.6618318281621
-1143.049738282645
-1145.4120423738857
-1146.0304247177282
-1145.8175272814733
-1145.9666225592152
-1148.3487240853894
-1151.9048794150394
-1151.1017966955853
-1150.1146837354318
-1150.1239979201082
-1153.3159196560987
-1157.8381421829026
-1156.7152479713225
-1155.2189192719795
-1154.2020253534417
-1158.7886168331488
-1163.4119828090127
-1161.535271972649
-1160.7907687538104
-1159.4038808325388
-1162.6762989732788
-1167.5894631609872
-1167.300187784821
-1165.9929822378654
-1164.3789066305776
-1167.091726598705
-1174.5549038210042
-1172.598585327782
-1171.342536069383
-1169.9849968857739
-1172.5595033563977
-1177.8677800170249
-1177.79538273122
-1176.4604360972723
-1175.094992327379
-1177.6005571222686
-1184.8291213419377
-1183.0954755698958
-1181.8984948935338
-1181.0107080047865
-1183.1653164452362
-1187.6541622698376
-1188.7514605503284
-1187.3942481297383
-1187.13282225257
-1189.022043907662
-1193.3652739987751
-1193.770634880931
-1192.4082147538475
-1192.3172809745008
-1195.443443264746
-1198.394605565764
-1197.896108978267
-1197.4133733949152
-1199.3329367964718
-1201.6737120187543
-1201.8807329149663
-1201.365637317696
-1203.49767274566
-1206.279090275522
-1206.9857057764857
-1206.8895920852656
-1206.310987129036
-1208.3385623699128
-1212.2738248199144
-1212.7119729790027
-1211.7844442195913
-1210.6925789980291
-1213.3512625228525
-1218.1970245526454
-1218.375784209669
-1217.0286469955481
-1214.9075421519312
-1219.3880476523584
-1224.804663475762
-1223.223127311039
-1221.8262746161367
-1219.634482579907
-1225.2947856636247
-1229.8128386439516
-1227.7668093652062
-1226.9933348345826
-1224.9941520361344
-1230.461520265272
-1235.1488107737853
-1233.5305879088069
-1232.0731727336363
-1232.5726300285198
-1235.8268926056585
-1240.1742907637433
-1238.486414745478
-1236.9880737232584
-1237.0143255661687
-1242.2557242015978
-1243.8101040259082
-1244.0037404205643
-1242.7437533947855
-1242.1556923009182
-1248.159025143931
-1249.9299714627443
-1248.6245234698526
-1248.3057551582785
-1249.3339467715582
-1253.0899471143077
-1254.3422314156103
-1253.7836201819148
-1254.3865513912028
-1255.9753050704035
-1257.9249244026364
-1259.0616739422842
-1258.9432760786326
-1259.820951344363
-1262.999646946199
-1263.0614366446284
-1262.404601042925
-1263.1761288537568
-1267.764719120859
-1268.3439719119267
-1267.4251858740602
-1267.7849369269709
-1270.2393559358923
-1273.4049044006483
-1273.3240328844167
-1272.6688406452693
-1273.2698120354205
-1274.5541252583841
-1279.9540079925555
-1279.232924540415
-1277.8882591541067
-1276.2666302856856
-1281.0814838833792
-1285.8546194436165
-1283.7716587373243
-1282.4680944472718
-1281.4343535388614
-1287.6494482797486
-1290.4895495827843
-1288.7822355538904
-1287.4901735501942
-1287.3373787293733
-1293.1000473502381
-1295.9358405439361
-1294.2399320322852
-1293.1523381314987
-1292.5969421728182
-1301.6930140141005
-1299.831976645766
-1298.9525282368818
-1297.9431350486457
-1301.2362094917085
-1305.4841976632838
-1304.8693742025966
-1304.5355981565647
-1303.8250020947553
-1308.1950832156413
-1310.2252894609665
-1310.1286871338082
-1309.4742622887554
-1310.34917303441
-1313.9214090943176
-1315.38953155674
-1315.1373049839594
-1314.8725116168118
-1317.4498260275102
-1319.2750643113363
-1319.400204179251
-1318.9084760892383
-1322.3566457522186
-1324.6311252523726
-1323.9284599503746
-1324.179105344894
-1324.5522294359325
-1329.3476415376551
-1329.6198586813084
-1328.57993369795
-1329.2767622639506
-1331.7765820640648
-1334.9614405286588
-1334.6594855173028
-1334.2361179394768
-1333.43357740103
-1337.1971986446804
-1341.3538994168637
-1340.1545596656265
-1339.0969579467233
-1337.2252596878102
-1346.6973320705692
-1346.167530459276
-1344.817037026556
-1342.8275982222879
-1345.0836392969961
-1351.6129007457937
-1351.0770109901357
-1350.3009336004716
-1349.364622743297
-1350.9027862561036
-1357.5797523961683
-1356.07549903572
-1355.0486787981565
-1353.5310074993
-1360.672380685327
-1361.0008582458333
-1360.7693420538685
-1359.8069039745699
-1361.671302560462
-1364.9590812612767
-1366.1417207713118
-1365.9142716151252
-1365.7705177648563
-1368.3009403042606
-1370.506635616271
-1371.735850034046
-1371.0509975932403
-1372.5219759059833
-1374.6617769510417
-1375.868306739654
-1375.720809794132
-1377.0195418477238
-1379.3061186951395
-1380.3351279911153
-1380.078560603056
-1381.0909213231866
-1383.5363944968185
-1385.518371166089
-1385.2811815934567
-1384.3384431714078
-1387.274702629628
-1390.8752440041296
-1391.2380738084626
-1390.3467067406038
-1390.7580244488424
-1393.0911406774792
-1397.7048793741678
-1395.9557831110076
-1395.088345466293
-1394.1996925068977
-1402.325046625683
-1401.8591345605012
-1400.9566044876115
-1400.0087316852796
-1401.7526886962664
-1406.3791498406997
-1407.049357084449
-1406.1078412031745
-1404.2090535615196
-1409.3219541797594
-1413.2776909492322
-1411.9779105205885
-1411.292653770992
-1410.4924422543697
-1417.6386475835925
-1417.817910270444
-1416.9836686206652
-1416.0864833362637
-1418.6654062698665
-1423.282005151626
-1422.3333749333356
-1422.45687122103
-1422.7637194682359
-1425.4100279818692
-1427.7543723120787
-1427.4788922631622
-1427.499434477398
-1429.8890255245728
-1432.2014886142356
-1431.866659214238
-1432.978975599537
-1433.7823390069198
-1436.3834118180232
-1436.2727606717178
-1437.4136755479412
-1438.610522942859
-1441.2508415504017
-1441.4960191718974
-1442.1890589907193
-1441.4565066075027
-1445.7868756124774
-1446.9092264405922
-1446.9682865721427
-1445.7515489486523
-1448.2907302752467
-1453.539253865558
-1452.1345110424256
-1451.2674808136398
-1452.5661985877687
-1455.1098899152266
-1458.1825890101147
-1457.3350035008405
-1456.683743159249
-1456.851696161137
-1462.4123354278302
-1463.1543637817485
-1462.077020434105
-1460.7588365358529
-1465.5124292847927
-1468.6468328309325
-1467.298854868151
-1467.5441540938727
-1467.2269853843113
-1473.3868735689175
-1473.4821519860182
-1473.2983708149238
-1472.069392652649
-1475.195878119098
-1479.306278327947
-1478.326058954863
-1477.092503993337
-1479.9452035897332
-1483.0945152623262
-1483.1992981687042
-1483.6800224027882
-1484.0275856504988
-1486.387853336347
-1487.5474213940017
-1488.5101506882754
-1488.8926338350573
-1490.8682805423823
-1492.8914081671855
-1493.2253012337183
-1493.7683144616103
-1495.389501585222
-1497.7177000481452
-1497.9887948819537
-1497.4183104256986
-1499.0987015995886
-1503.8855353747506
-1503.3568858027418
-1503.2988383286586
-1502.814050732715
-1506.79686467728
-1509.1419748407536
-1508.2557905739409
-1508.3728194308544
-1509.4690264123064
-1514.9575070713195
-1514.0594805944484
-1513.7842217994798
-1512.1623637504579
-1517.9361278684094
-1519.7978240792468
-1518.602874112228
-1518.2268658667697
-1520.2776970589257
-1525.6855402537547
-1524.4580157249015
-1523.8119020725253
-1523.6484788335
-1527.8591903095285
-1531.0027413355367
-1529.6492008884297
-1529.5086992593876
-1530.178815871747
-1534.980852966658
-1534.9792082876018
-1534.2486179619416
-1536.212121893281
-1539.2749349699116
-1540.2099310306508
-1540.3473503998277
-1540.094423727423
-1542.9720965462755
-1544.9253641569599
-1545.5901737808988
-1544.8839981826625
-1547.7630579500133
-1550.733774836892
-1549.5338424098172
-1550.25460387619
-1553.062843159658
-1554.6702304167932
-1554.549668803811
-1554.817337486842
-1556.1551250386844
-1559.4965477761618
-1560.3471004749874
-1560.2285138650075
-1558.8506319097316
-1565.751847030277
-1565.2862012676055
-1565.1202052973144
-1563.783427155702
-1567.9185188047645
-1571.7841978843483
-1570.82307280337
-1570.3153916656909
-1569.764981802694
-1575.0769449828433
-1576.732215350493
-1575.093264838647
-1575.3388861353967
-1579.1262280042465
-1582.4585137716094
-1581.2534463292736
-1579.5106220754833
-1581.8958680112307
-1586.4491329959637
-1586.7259596258841
-1585.93744409994
-1585.4094351417464
-1591.018398231845
-1591.9264064443958
-1591.5290255421594
-1590.4978946205465
-1594.083540604311
-1597.1899926145225
-1597.1166217203677
-1595.8256337268026
-1598.1900449548216
-1600.9132706044666
-1602.4078534437854
-1601.0186081962145
-1603.6100686372854
-1606.4054886904075
-1606.3079039084803
-1606.0252825344874
-1608.0681214591186
-1610.2871809994735
-1611.6354522373908
-1611.8082096034098
-1612.1671341902718
-1616.849147692654
-1616.573349991457
-1616.3947322847007
-1615.7610697471152
-1620.270957628771
-1622.492391345628
-1621.9995489567752
-1620.1728555699644
-1624.2176825459662
-1627.5786594510269
-1627.1593691247338
-1627.0331908363623
-1626.4679883147294
-1633.67294467685
-1632.8586105120319
-1631.8926661866017
-1632.4290307364267
-1635.7416593327664
-1639.4349773416484
-1637.801678403492
-1636.457842952465
-1639.8658655041077
-1644.6721581240158
-1643.5727069091301
-1642.9530539092927
-1641.6998614771278
-1647.9426375120286
-1648.9738395992945
-1648.456938146742
-1648.9234948034632
-1652.3675589597292
-1653.704394905988
-1653.6706531582386
-1653.2074847955803
-1655.6371452965848
-1659.2467450365575
-1658.6678142115134
-1658.7633536761823
-1661.459878845403
-1662.8417741278079
-1663.8712359710207
-1663.9933727875634
-1666.3993916960135
-1668.37401066844
-1668.5297666114918
-1668.1904718899996
-1670.7848242168416
-1674.1057495429216
-1673.8472316430564
-1673.2025589617608
-1674.3510913473199
-1678.4146256420408
-1679.0600813902538
-1678.6168278991674
-1678.7645669056042
-1684.329270984443
-1684.220095239301
-1683.5936671565732
-1684.185543115178
-1687.259524905133
-1690.0352857577896
-1689.2675174483054
-1688.0134327209614
-1691.0857627382081
-1696.58436241667
-1694.7228508761793
-1693.7483919608453
-1695.628792327013
-1700.8778671075129
-1701.2677307629942
-1699.6565912293174
-1699.386669090616
-1703.1625019368735
-1706.8041607527107
-1705.5260322842535
-1704.5010225263707
-1708.6498700939007
-1709.9372703774984
-1711.3975381676541
-1710.4094549101753
-1713.0760125065708
-1715.3961190461584
-1715.721478213623
-1715.5334948232762
-1717.4110253525885
-1721.1006679016216
-1720.4570941459633
-1721.3680317770966
-1722.9541644373126
-1725.3860523766712
-1726.276078331528
-1725.5411272751328
-1728.2474205180793
-1729.9419466994136
-1730.7662701355684
-1730.8883674857059
-1731.7553993305678
-1735.8268686916858
-1736.1542358559655
-1735.3283445037675
-1737.0106018276813
-1741.4628888151522
-1741.5144045979362
-1740.6685585162502
-1741.780306500798
-1744.6364482668487
-1747.0952669407297
-1746.3945304885035
-1746.9685417144601
-1749.4933654118681
-1753.0790302793428
-1752.3509382322186
-1750.212957577478
-1754.0121553405174
-1758.6334808097306
-1757.203408144771
-1756.081696381095
-1758.4326722297956
-1763.2833823827248
-1762.8170441187956
-1762.5817682132129
-1761.3710261114318
-1766.751387039127
-1768.2804650273322
-1768.0492514121831
-1768.2073227410895
-1770.6083255720555
-1774.177441964543
-1773.0886377251675
-1772.7198509381917
-1776.1120263034659
-1778.8728671189415
-1777.5609173976513
-1778.9647430269886
-1781.7450985671492
-1782.430168266124
-1783.1530886391395
-1783.740904373769
-1787.1760688864786
-1788.187421942663
-1787.4993572631838
-1789.0275044566856
-1792.7986757095841
-1793.0039910684961
-1793.167344927946
-1794.119652005254
-1796.004542204726
-1798.6354053160758
-1798.7799221043244
-1796.8212555947869
-1801.4163656308726
-1804.9036186332557
-1803.7631379433658
-1802.4397410820438
-1805.9525842849082
-1810.391871944075
-1809.3608937305662
-1808.2788492956286
-1810.2103692949484
-1816.1754102150992
-1814.819637699352
-1814.120315418034
-1815.2277272486615
-1819.8234754562277
-1820.0257170742968
-1819.3223464608404
-1820.7229967181092
-1823.0877505486253
-1825.5498075953926
-1825.3338207119257
-1825.6406001900089
-1828.9605425416428
-1830.3616230528094
-1830.279329544257
-1829.9359086885597
-1833.7217082899706
-1835.5684675473335
-1835.6236160816695
-1835.6216907078885
-1838.7986605212461
-1840.7582246760162
-1840.5110432764677
-1841.244503279377
-1843.9328122993618
-1845.9305762399765
-1845.3423712862739
-1846.5911380706207
-1849.1239948320203
-1850.9323588966129
-1851.0619740070665
-1850.3174422332952
-1854.5739959925593
-1856.7360556547476
-1855.9590661607704
-1855.6042222931646
-1859.2091240582145
-1861.9825389076605
-1861.496902621723
-1860.1003811931807
-1864.2765766082548
-1867.9360251400576
-1866.759363982907
-1865.0892269121202
-1869.4949120930078
-1873.5396667916827
-1872.0218517768603
-1871.2553737415274
-1873.8375063644319
-1878.372573091508
-1877.5493121192821
-1876.2360327080328
-1879.306348778745
-1883.5325040764899
-1882.786483200679
-1882.2363427009495
-1884.5117244692838
-1887.8744271894755
-1888.14522629064
-1887.5357609259634
-1889.9849473679371
-1893.2547145117517
-1893.083716675102
-1892.6796428062712
-1895.078885104796
-1897.7682786208939
-1897.8988575187946
-1898.848513544621
-1900.859278474072
-1902.1109447012366
-1903.8717784621308
-1903.6753095223407
-1905.049359019369
-1908.2386195489337
-1908.283775463068
-1908.8030971617306
-1910.8524992320379
-1913.6291924325983
-1913.6148424520545
-1913.8519582533881
-1916.3487925723537
-1918.647615325372
-1919.0914109750424
-1919.0920041026015
-1919.776999556794
-1924.4444250826782
-1924.4280432351989
-1923.928114761623
-1926.9475776464683
-1929.1890008073067
-1929.8093295099104
-1929.436901851818
-1930.9698064695212
-1936.1755503091367
-1935.391832545323
-1933.6327472105904
-1936.8785392526563
-1940.3276214712778
-1940.6371638947508
-1940.3471669390085
-1941.5301174487047
-1946.3791457969573
-1945.8584825286262
-1945.1674233924946
-1947.2568539509411
-1950.0256403997207
-1950.8852001605094
-1951.544007103365
-1952.8727202668704
-1955.207233438478
-1956.1263912880495
-1956.3565083343785
-1958.10962407857
-1960.4547444052432
-1961.182724400109
-1961.8554598996557
-1963.68064743367
-1965.8477250666235
-1966.3845335667113
-1966.1997178174038
-1968.8656038688373
-1972.5400770089302
-1971.697910148006
-1970.461209206099
-1975.012587563836
-1977.024824802132
-1976.985797998406
-1976.4256271731906
-1979.476247598303
-1982.4800086844211
-1982.0334197894067
-1982.4650368170273
-1985.250502603645
-1987.511380420699
-1987.7531198035742
-1987.8390494883329
-1989.4644040476483
-1993.0912496752492
-1993.144515288747
-1992.7595805312544
-1995.7613518766266
-1999.5050661943512
-1998.291981348242
-1997.8033337682893
-2001.0139146945662
-2004.1898720461006
-2004.1996897084575
-2003.0235544739623
-2006.4116276011962
-2008.7767682276028
-2009.0144538125703
-2009.3793163420733
-2011.935534328849
-2013.8077380461614
-2014.2422408066018
-2015.0529140476735
-2017.8573727536605
-2019.1291370590673
-2019.508078380582
-2019.4899745485673
-2023.2476057474719
-2024.397920605378
-2024.4680546753928
-2025.6906110635712
-2028.1497241038414
-2029.8786552282838
-2029.3310550196577
-2031.166425900015
-2035.4909627812929
-2034.8312869541255
-2034.8582546422006
-2036.4397313974212
-2040.9825291221791
-2040.5354177835668
-2040.1563112750894
-2040.9090855478803
-2045.2500083794353
-2045.7928275446739
-2045.7998258599614
-2046.912912773612
-2050.6700356541546
-2051.3340458409903
-2050.254353031167
-2052.8744105282653
-2056.8495678535364
-2056.774355719543
-2056.4688389617304
-2057.5734512581394
-2061.3914387801397
-2061.7076060543973
-2062.327611057663
-2063.1526072826514
-2066.707909394866
-2067.2144525578183
-2066.1010293737745
-2070.0429567814936
-2072.2097225563007
-2072.6261163444274
-2072.5618057580878
-2074.680400089136
-2077.6355573699925
-2077.48358544218
-2078.3603023600726
-2082.141856740705
-2082.2791910878946
-2083.212351611218
-2083.3472055669486
-2086.4170408231025
-2088.4206264196896
-2087.9290860903398
-2089.093003959208
-2092.2311532488134
-2093.2931558819923
-2093.1216064546006
-2095.1049593864195
-2098.7097570549267
-2098.705575698808
-2099.0378934017754
-2099.487046276392
-2103.7153673159733
-2104.1694527075865
-2104.018075764202
-2106.189675918814
-2109.5864848519086
-2109.7031664264805
-2109.1645139255284
-2111.179341395547
-2114.855660858787
-2115.0921213678926
-2114.83272090831
-2117.864266717154
-2119.6692459214482
-2120.4254033234947
-2120.4004620687087
-2122.9838562385567
-2126.08663074926
-2125.44498575575
-2125.4391882162936
-2128.6265593420953
-2130.7161865807507
-2131.115999647667
-2131.692000223087
-2134.862678485828
-2136.0391788438915
-2136.371272025242
-2136.9672323883533
-2139.807278710072
-2141.3216290362734
-2141.270729108236
-2143.212612966792
-2146.5571908912902
-2146.6671640470004
-2147.2596984130782
-2148.109304139852
-2151.516559442405
-2151.9519244802987
-2152.2581957338125
-2155.1632002873157
-2156.8344922917913
-2157.3843499569953
-2157.2633210153413
-2160.2050765686763
-2162.587395987202
-2162.769085341816
-2163.172535151745
-2166.1874826617995
-2167.7971030876083
-2168.317362109087
-2168.677703796687
-2171.3352061153732
-2173.7224196202233
-2173.0677762985247
-2174.4042423135147
-2178.512835620042
-2178.722541584416
-2179.426278977525
-2178.9541956869675
-2182.7016029354927
-2184.609578427069
-2184.8993133579856
-2186.2946185790993
-2189.3526613150793
-2189.708230527544
-2190.075475133015
-2191.7939438959675
-2194.476763725774
-2194.9211006527
-2195.4735259546133
-2197.7226057592816
-2200.4806410363253
-2200.4366600823278
-2201.2986297654265
-2203.6491776573193
-2205.622634715097
-2205.2361547325763
-2206.7589199227186
-2209.5848934334244
-2210.703274057982
-2211.0510678020823
-2212.6218079988985
-2216.0400172091468
-2216.080005382615
-2215.785211388983
-2218.5211775499856
-2220.9099066626336
-2221.6080785441777
-2221.9401282422036
-2224.235827730117
-2227.07013216943
-2227.1186326977713
-2226.3856540586858
-2229.946180115764
-2232.222692354068
-2231.785449340829
-2233.317738334731
-2235.6120153565357
-2238.5493373245317
-2238.13142557383
-2238.3748581480813
-2243.3642969677994
-2243.0126000946448
-2242.7563207846165
-2244.8393462143913
-2247.315533830188
-2249.180765962389
-2248.479657903239
-2250.480347174197
-2254.0770874578693
-2253.7289371778347
-2254.6746918729714
-2255.983300786016
-2259.0707585387104
-2259.4484342131923
-2258.9823698370947
-2262.6799799796854
-2264.6185047576832
-2264.9140469723147
-2265.910013700312
-2268.9901188223935
-2269.6394994465595
-2269.906902152796
-2271.689256167762
-2274.094252204527
-2275.2036066250193
-2275.6570699487265
-2277.6849869758357
-2280.2544287600826
-2280.8099123265215
-2281.0925437981005
-2283.645885435988
-2285.734947341711
-2286.1932917676395
-2286.2766510154825
-2289.270299319823
-2291.391741408297
-2290.795371145748
-2292.879464622101
-2295.708433941337
-2296.9327790542593
-2297.0738014949493
-2298.7489000341698
-2302.328991375616
-2301.9038615103873
-2302.6637324705307
-2304.471902776622
-2306.9750114877834
-2307.71556911707
-2307.1031598888812
-2310.8926282123157
-2312.764071626029
-2313.0660370318665
-2314.203687599245
-2316.375866256526
-2318.8360272860496
-2318.5516623096555
-2319.8585092914545
-2323.500683091555
-2323.514995066229
-2324.001701657288
-2325.6708369236803
-2328.421093259614
-2329.0673581526016
-2328.9389176926966
-2331.962796823051
-2334.3325659210777
-2334.6954941522317
-2335.3659190831713
-2338.1764761372992
-2340.2897572968304
-2339.957809810081
-2341.3871515744695
-2344.6196493223206
-2345.0925688293896
-2345.676774056892
-2346.989983628026
-2349.646196573778
-2350.848081605647
-2350.624200194171
-2353.414995181469
-2355.8952086871536
-2355.9057990458073
-2357.0208051170616
-2359.7601923362963
-2361.565863874193
-2361.6073540004877
-2362.884460226265
-2366.2865635971407
-2366.8830505929927
-2367.167380722686
-2368.1386181402263
-2371.450922431696
-2372.3567091451832
-2372.084337946361
-2375.169619536088
-2377.2762274691827
-2377.8252580944304
-2378.714518162051
-2380.9504850863877
-2383.2788594187314
-2383.594373552737
-2384.594015065913
-2387.6211447010005
-2388.461998569864
-2388.835268578727
-2390.553270494745
-2394.033315152388
-2393.905455501112
-2394.6010827938335
-2396.942761376282
-2398.746339026381
-2399.645058988246
-2399.699341793257
-2402.6702848634814
-2404.8714349179345
-2404.5635425132737
-2406.160189722794
-2409.087553869488
-2410.1505710124193
-2410.438384976723
-2412.638796857361
-2415.5739431950446
-2415.66387325108
-2416.3936229570377
-2418.537466859944
-2421.379510819611
-2421.3976724450495
-2422.257041744415
-2425.274692292163
-2426.385438904717
-2426.6905602812553
-2427.759499188068
-2430.9465646371527
-2431.7022102879537
-2431.744087278303
-2434.609856975808
-2436.630320786096
-2437.511021105056
-2437.6595745811933
-2440.460957295796
-2442.6435421551632
-2442.9460087336192
-2444.1743529501023
-2446.8434838172834
-2448.519695891246
-2448.490250736662
-2450.568970789849
-2452.7407199537315
-2453.527050701132
-2454.327343084184
-2456.4295572920532
-2459.2100255143373
-2459.3597669231863
-2460.138841578538
-2463.2011798877065
-2464.4810642405446
-2464.773922071479
-2466.1934452577107
-2469.672090019826
-2470.009284649233
-2470.534204742886
-2472.5998782329298
-2474.812005815365
-2475.4047376360872
-2475.737576603079
-2478.71718238631
-2480.454422627286
-2481.207449235019
-2481.742021318961
-2484.8031023862904
-2486.3612987291326
-2486.286603658418
-2488.5441932359704
-2491.1998274525695
-2491.7959451073293
-2491.904011149937
-2494.820383409038
-2496.843785676377
-2497.2284260579904
-2498.6548223639516
-2501.03100049706
-2502.4485556019085
-2502.4961005530226
-2504.6947523320646
-2507.2450187289965
-2508.3167400495317
-2508.8587969982646
-2510.9408129478193
-2513.1117704222743
-2513.7842736414864
-2514.76597016575
-2517.3533701421984
-2519.3244860533086
-2519.3344831198733
-2521.192927884299
-2522.9843589884613
-2524.6190511361783
-2525.223061623341
-2527.186762175475
-2529.9410613306604
-2530.2028553245927
-2531.079082606367
-2533.50456591229
-2535.711921935167
-2535.912470268945
-2537.303539246559
-2540.392419295177
-2540.8760635426274
-2541.5085185303474
-2543.479688394964
-2546.382804873299
-2546.450093611457
-2547.8601923955002
-2549.6287998054845
-2551.8687976190913
-2552.100056786294
-2553.513003557828
-2556.586948945442
-2557.3785303617565
-2557.9553864413397
-2559.9170107080677
-2562.7673431715352
-2563.010910009289
-2563.925273270043
-2566.1614496371003
-2568.567221928169
-2568.6082035446343
-2569.8295458786033
-2573.043090582869
-2573.5155395780243
-2574.2563274042413
-2576.131377864685
-2579.11476040028
-2579.3705533009356
-2580.2180389863897
-2582.7616677437286
-2584.8690380641265
-2585.0850708305084
-2586.532238558728
-2588.929659108365
-2590.159433858752
-2590.859958845119
-2592.8870526783157
-2595.7144376265283
-2595.921362627733
-2597.223322280179
-2598.9727990210345
-2601.2870475614636
-2601.5586170517936
-2602.9757876258327
-2605.4257956125684
-2607.0226360380257
-2607.4063702686744
-2609.3636133702735
-2611.6315954130946
-2612.4280813672476
-2613.4424651673453
-2615.8188386142883
-2617.1191697106465
-2617.641454431186
-2619.717826656928
-2622.011498437848
