-1.320455346759686
0.9009298823766223
0.24614134429734305
0.0034251784558021452
-0.0027951942546613237
0.18170558190419223
0.2178021498088472
0.12212468682605958
0.021892214684328278
-0.03760641345034617
-0.023620536462586165
0.03034606087767341
-0.04216791994652411
-0.2787597958192151
-0.4992049521096582
-0.5328414811982904
-0.1609994848885641
-0.06046119449202535
0.13215661535006795
0.17591882578239315
0.17327392739503947
0.20054459164697314
0.20680850511912613
0.080495293655594
-0.183668593414503
-0.3476847282634278
-0.9390508186633044
-0.8829813503644989
-0.6737520738833638
-0.31867692490870314
-0.314352219995506
-0.2928007147818625
-0.1823150976083932
0.08387897067900345
0.2529768442703596
0.1382257920908797
-0.28021780881445973
-0.808138931689335
-0.9995684873977172
-0.9669338690934602
-0.9327110065959374
-1.0050397276350267
-1.0784568847681542
-1.0132053677639445
-0.582226409750434
-0.21717000437521408
0.03917522724163601
-0.07321684761888417
-0.4559277381223541
-0.695945851109316
-0.7660874486562078
-0.822864493536785
-0.8557319147778791
-1.3102969139226193
-1.420573885970593
-1.371072411453209
-0.9957149199845575
-0.9896282322791744
-0.9409008687583208
-1.2282413424218053
-1.453883980458593
-1.3588693494138833
-1.2129781465528258
-1.0731671397832956
-1.1551412214826988
-1.2727735560321893
-1.3147368021211228
-1.2725005376697158
-1.2430237043251164
-1.3554389346173976
-1.9801968323889916
-2.385438943035759
-2.451966444843769
-2.28289273018868
-1.994639350910896
-1.7389685266797672
-1.4696175701207241
-1.4870089534877227
-1.4311344225922
-1.377912589335231
-1.3949634064671104
-1.5867908926938132
-1.9843226971917143
-2.330079781374993
-2.4191942596979006
-2.363016657939248
-2.3000259244405186
-2.299993089609532
-2.3934315238667447
-2.530871208863089
-2.611881189146121
-2.6354351672787626
-2.6480555304266677
-2.7284766807368133
-2.7748451778358816
-2.6955967078594294
-2.509901478910634
-2.34445173061119
-2.2235665416100643
-2.199951960859641
-2.3831263444239643
-2.7461553033449433
-3.0184418503561083
-3.1318898623864424
-3.1674888533001875
-3.1624041176087063
-3.1635733925933125
-3.1366099345074985
-3.0412732226946195
-2.8959352523660753
-2.657537027153947
-2.8774432041585145
-3.040552082440335
-3.288826111768883
-3.379757182521426
-3.333703325701003
-3.2501634724441004
-3.1780653171070203
-3.234001679159893
-3.448223754013262
-3.6264168652088005
-3.814004664423343
-3.941323551237016
-4.123999116172066
-4.318780514781702
-4.359515484983706
-4.226421141264997
-3.912694142899601
-3.4724723077458117
-3.1925853250969594
-3.3726873702580664
-4.206432492458848
-4.2859559708763895
-4.187362052140339
-4.04279733193363
-3.9400092109966978
-3.9313670070197033
-4.086223872025539
-4.342868672497303
-4.552404924163988
-4.84165451969608
-4.862090318604699
-5.150724800430926
-5.346150570058541
-5.2352767192538625
-4.979614407584981
-4.5764681385496795
-4.239798372936482
-4.421002329625608
-5.43638340468137
-5.745545149579261
-5.590203056856513
-4.915214401831282
-4.727761271693627
-4.615804273030827
-4.6630148515239
-5.082770205837777
-5.825367339027739
-6.054858144065401
-6.148454787708929
-6.321847892184286
-6.232484215319115
-6.359079977842204
-6.455582894455651
-6.544721739996093
-6.761140232883732
-7.4717542403023165
-8.300364157577684
-8.300322701510641
-7.554330787419514
-6.935899192547248
-5.976017029145516
-5.674209176480358
-6.835298106981583
-7.210066679470464
-7.943167604398142
-7.612823870616487
-7.293180731253962
-7.0111165021423885
-6.7353195805640915
-6.873446654645056
-8.58714612054254
-9.203418144390628
-8.967186295436575
-8.53309068371236
-8.168907187749149
-7.890513229009087
-8.333514526909049
-10.005158857191649
-10.337265524700841
-10.086133374088435
-9.577536913039776
-8.923600508227057
-8.534132894227866
-8.737197193672808
-9.921451289821377
-10.598488110891367
-10.326073992015983
-9.710202258461184
-9.05382895888853
-8.664162432567608
-8.716298892345682
-9.10366405219898
-9.79317942861655
-10.244072352487409
-10.140594085717517
-10.126313958310062
-10.215936810642194
-10.483529143719295
-10.842344939073628
-11.065869102767445
-11.164307612217605
-11.23325581136264
-11.360986063668815
-11.59209691434862
-11.895118676977498
-12.184602362660506
-12.39486570512973
-12.467297845495025
-12.537312580418021
-12.56176204517485
-12.429746119722152
-12.19383464709673
-11.971376019935928
-11.913680217615028
-12.023794956969793
-12.100485918398613
-12.183066867200159
-12.203800830690964
-12.324117167991718
-12.516114664861579
-12.759321899859966
-13.004475599439225
-13.165204460171323
-13.278574484542204
-13.432340321259888
-13.66818243866003
-13.916274613935732
-14.117976701918256
-14.31775457731049
-14.60261251545865
-14.911209365207883
-15.183905913170815
-15.412632016805313
-15.579090631660591
-15.708711287591514
-15.626412521400576
-15.61369058909989
-15.541135760641044
-15.439548787551178
-15.306891444970839
-15.479478390185411
-15.499451363587962
-15.685315819369537
-15.070500995904846
-14.955618220618124
-14.865533680395275
-15.010835047762988
-15.057980285070741
-15.094188344692105
-15.238692359443045
-15.478746220558106
-15.715279223564908
-15.924827760109876
-16.12881505036018
-16.414469265228515
-16.810222340937838
-17.174136727474245
-17.57879369080774
-17.943840932320228
-18.141451915851366
-18.477888934619454
-18.736913849823477
-19.065212031339417
-19.44448867821192
-19.762634044480258
-20.00512590217323
-20.214654084918454
-20.4551672068167
-20.578416331228418
-20.712683735268527
-20.939354563130987
-21.07831192709531
-21.13327060144943
-21.13430446461762
-21.097102086219248
-21.200794701849276
-21.19376997313775
-21.210233089293247
-21.158716100935173
-21.228541919440488
-21.33724066648498
-21.158474285228426
-21.30618994469029
-21.32990315996213
-21.364598097859147
-21.490604880646504
-21.6366262074944
-21.764968595782275
-21.892574661739417
-21.96066759843845
-21.935779996384998
-21.86579951334137
-21.86793213340294
-21.98679124125656
-22.14719408213831
-22.27197886971156
-22.451945890391332
-22.621889714365768
-22.66830885486076
-22.67954388946037
-22.628727721308742
-22.803208081295526
-23.041164254367356
-23.272355387035006
-23.936143130088812
-24.14612818111706
-24.337350243406483
-24.53214455645824
-24.715259348321897
-25.01676280347013
-24.703364016852525
-25.15008125563765
-25.59222241618912
-26.00951971611759
-26.43157526369517
-26.903571365104085
-27.355598471466543
-27.66910202894284
-27.84830533537191
-28.23253811193374
-28.61974231506077
-28.81094751599755
-29.10960647915827
-29.228448546414423
-29.54732409203975
-29.699539720191307
-29.924911471910125
-30.00641185398541
-30.13837746894186
-30.294012181142687
-30.256722430431843
-30.28336612250809
-30.385052647321675
-30.54429558046994
-30.708619499623843
-30.732874277510586
-30.775233988379906
-30.144668745978773
-30.25833356667749
-30.394297271078646
-31.02645440242054
-31.155421861689838
-31.231940766910913
-31.1463087074489
-31.054518158081287
-31.106689111901478
-31.225783516996774
-31.314919774216595
-31.393142746412547
-31.47301581578186
-31.477061603881438
-31.474939711567522
-31.453532598251332
-31.565191766066032
-31.70143247736838
-31.89243222186593
-32.01126112101845
-32.1327739668961
-32.17165544992295
-32.166860552334086
-32.316830495759525
-32.502071155007464
-32.77039386324056
-33.02201777732877
-33.3294837757788
-33.563821544080106
-33.74002978162667
-33.841112501432384
-33.95011917096912
-34.1909066685536
-34.57543546021772
-34.97265020353644
-35.33806509427626
-35.815716671994
-36.435550629304394
-36.94560218648506
-37.290883373521474
-37.63896453140187
-37.637169487259946
-37.97028836781815
-38.14501346954926
-38.375209459662216
-38.608240592664636
-38.838416808982394
-39.153001806067
-39.31939730894682
-39.49291249223683
-39.59047385823098
-39.80515603543088
-39.90944768110413
-40.423429882664884
-40.64038266683905
-40.55281577665518
-40.78586039344247
-41.17224319192043
-41.14552764635844
-41.24680755403561
-41.49214359161113
-41.75233039389312
-41.97378280204929
-42.17059991272318
-42.29819095477006
-42.346671350174844
-42.40433618000768
-42.59154183627424
-42.916404874468135
-43.277617642461884
-43.60830265899292
-43.873820197315204
-44.086364985382374
-44.20921045963022
-44.35073854854564
-44.698230467868314
-45.176217823329985
-45.57247303379069
-45.9933139429452
-46.240932305045334
-46.4213386576934
-46.56097869655269
-46.69251055265223
-47.03431663138311
-47.44089047948917
-47.779463810971706
-48.23105098443407
-48.521470663326056
-48.57688195750655
-48.713004379414755
-48.810105244638414
-49.0907750514376
-49.27733671903304
-49.532993637277144
-49.63718067327971
-49.78697798088552
-49.77189154237726
-49.94601375210167
-50.081292417225505
-50.29696528429963
-50.55512487201117
-50.690733236225064
-50.89814080336876
-51.09953270158631
-51.30775135042492
-51.446924598612256
-51.678453905984874
-51.93970004256193
-52.21856219090377
-52.4017290265909
-52.540546025423374
-52.64587307110496
-52.71318793228955
-52.87093442790161
-52.993127774515294
-53.6115841435684
-53.92638787614482
-54.026315691080285
-53.78937898121623
-53.95845916441915
-54.23339247601031
-54.474471044084616
-54.712728027307094
-54.93979392059692
-55.05038544548802
-55.29779523584923
-55.450575492047044
-55.701056320182694
-55.989433614253
-56.344238900116
-56.66944611605694
-56.98107379607672
-57.18108373051793
-57.321837956310056
-57.461624454173005
-57.63696926373017
-57.920365432212236
-58.190434934676766
-58.40986332438201
-58.48772501711346
-58.539613399287575
-58.6878939980127
-58.945004375089354
-59.2577075023449
-59.57442896042225
-59.80940434036251
-59.97510987757628
-60.04222454790906
-60.148766271958046
-60.315883685232706
-60.48376320508446
-60.65649718788286
-60.81098481862197
-60.96009091947326
-61.11926006287517
-61.25851474771253
-61.43159271051977
-61.72923701382742
-62.02748491128062
-62.3528555318445
-62.50631920438918
-62.74965325981423
-62.94556815967816
-63.279398704359544
-63.663906056680005
-63.99515040125716
-64.51501840848206
-64.91874529434058
-65.14994215430349
-65.20339733557581
-65.31082257899125
-65.64313360310332
-66.1665933831855
-66.9307759098076
-67.24521242529731
-67.57522205870723
-67.85113999027145
-68.02778032587547
-68.18769065001791
-68.56203214472914
-69.18235875773227
-69.89527292263807
-70.56586846025348
-71.16759890343909
-71.6195218614737
-71.67695668392251
-72.23072916532428
-72.5514532288815
-72.9900248615727
-73.38881943549386
-73.51045567420789
-73.79945400623872
-73.88288629191483
-73.99072264949396
-74.12498247454778
-74.4217233424716
-74.76589552008024
-75.03959304031069
-75.29677826796792
-75.43301018532564
-75.52152115505923
-75.70692238182133
-75.8467493559546
-75.91291820303051
-76.00374103980901
-75.90029039635152
-76.03166283171836
-76.24256931114459
-76.39396684222304
-76.56436383560018
-76.72459447700938
-76.81479286536764
-76.86149771312319
-76.93738206976136
-77.08828677255852
-77.25429635431242
-77.37788712331728
-77.45589673858234
-77.525890609324
-77.66017834934303
-77.88989241562992
-78.12609462806988
-78.32792132182996
-78.41477369027231
-78.37494088154342
-78.5437282062013
-78.78989739201315
-79.315540281884
-80.53490103053521
-82.31257757107328
-84.76656491492005
-85.06762982238075
-85.33429406899583
-85.41971281196233
-85.51619849143853
-85.64022252738899
-85.84000803465304
-86.07109255775725
-86.2553171790769
-86.32776450418012
-86.43176591411024
-86.5741015114498
-86.70926046678994
-86.86906890190009
-87.08947910628784
-87.33503012641208
-87.53485120149654
-87.62161551047004
-87.69530866509028
-87.84837358321668
-88.16549214572402
-88.47162742813947
-88.28622390697024
-88.45066066057728
-88.64560254961619
-88.82344537651024
-89.02319453709613
-89.34565291948381
-89.65942115638636
-89.85878484196157
-89.88233638053168
-89.99332905681217
-90.37906051324747
-90.58344315020226
-90.89046831877994
-91.14458722057617
-91.29168206739264
-91.45892443359492
-92.06945083656372
-93.56500185768643
-94.09933141705412
-95.42299262854857
-96.46980106258982
-97.45158197252512
-97.82830391517922
-98.0135704361567
-98.01059477804078
-98.27106705867129
-98.44038021056178
-98.58245121507976
-98.84922963589031
-99.09253124677578
-99.17688362976834
-99.19945780047142
-99.23465288417957
-99.44122656904187
-99.69478172592953
-99.73110929945031
-99.91308908270653
-100.03628206538455
-100.07284953163378
-100.21093958473254
-100.41484056641605
-100.57575660677031
-100.61523580764987
-100.58014850327343
-100.68603662864132
-100.84120162039541
-100.99338465086166
-101.05345637202525
-101.16151009678356
-101.33347386264401
-101.47207282077592
-104.0937631702943
-107.70958955671139
-107.91424996797839
-108.02600446700154
-108.17081604504934
-108.29566467560004
-108.41213813777394
-108.47354465817362
-108.49765756113914
-108.57185216575259
-108.72469368802673
-108.85578458497673
-108.95288864145056
-109.02857491281742
-109.05591306284484
-109.26162921725732
-109.35212257744772
-109.52491452913988
-109.61407259160886
-109.55417250766217
-109.61612896741376
-109.77762567374207
-109.95275759268719
-110.0437989690362
-109.99768292521489
-110.10624498885177
-110.27629698531322
-110.52208739132328
-111.2483486271196
-114.19402101858779
-116.4790773010398
-116.5839090358187
-116.74191984608744
-116.88837542277852
-116.93643261129205
-116.88162216817824
-116.92175337065711
-117.08527323511261
-117.30295258231384
-117.34999972374482
-117.3430604472906
-117.2852953063523
-118.20816875874672
-117.48561542709162
-117.61769144153118
-117.6727893629522
-117.71224296926471
-117.80411858857931
-118.01835964143082
-118.18394259396008
-118.26126560010354
-118.36744693878856
-118.70076466665776
-119.70296276140283
-122.85125167409721
-123.12675242768715
-124.48478408840778
-124.69228790870177
-124.9032218090626
-125.1391082394039
-125.27383532584057
-125.26585858679982
-125.34067531828688
-125.60979583683324
-125.7076456250477
-125.86285628769545
-126.49743297228301
-126.94885740112652
-126.33346172463155
-126.69539935790515
-126.82152694416966
-126.983548874595
-127.05666735848591
-127.24274427988918
-127.66287105696979
-127.88511998158461
-128.22702426581176
-128.76031919243457
-130.96637685523763
-132.75217175796874
-134.18835867410388
-134.71037489748534
-134.70302545705874
-135.00695750887238
-135.16334074419868
-135.30340196798088
-135.58271639294026
-135.69661392504867
-135.6550736080931
-135.88305446808045
-135.72867451847475
-136.13427093935974
-136.27138381614174
-136.3749476713858
-136.49002326316912
-136.75940413957355
-136.86659147129689
-136.98617075905187
-136.97598019639136
-136.9657278417018
-137.14018562645896
-138.42744576808522
-143.25199553660852
-143.34038160988308
-143.48133554629493
-143.59143866161162
-143.7762311854445
-143.79307432143995
-143.86662431542305
-143.93422136732516
-144.03936600430157
-143.8803773044229
-143.96586811789177
-144.31964645174986
-144.35503229856752
-144.41676317990837
-144.5875001908532
-144.7029925681257
-144.72150863182662
-144.6602569363894
-144.7426613580857
-144.85273983861651
-145.87685406281892
-151.14293957041272
-151.12454225593285
-151.22490807456236
-151.30859642233943
-151.34783147534114
-151.37469144797583
-151.36668979234528
-151.4435945376034
-151.34737189568725
-151.38671329359696
-151.60798126986538
-151.6235828389143
-151.71700322182122
-151.7650674691575
-151.75282741251178
-151.70755277373388
-151.73081257474934
-151.81965155325747
-153.5920415530611
-158.04077024530147
-158.10981040807147
-158.229588180076
-158.37316271844878
-158.43304005165862
-158.38095427867927
-158.39928053154895
-158.5168174212161
-158.58888468508536
-158.6552097405531
-158.60300684273815
-158.65260319806663
-158.76613800075086
-158.85021751477416
-158.87029231486525
-158.85942763780395
-158.92878947429782
-159.04495255408946
-161.99417303201656
-165.37979388466013
-165.40060675708744
-165.5096937686535
-165.63992743205276
-165.6696986107669
-165.6341409739599
-165.66322780904795
-165.74178177043436
-165.76215268106696
-165.81445636904436
-165.76167856101256
-165.80955730575022
-165.90265494540876
-165.95368029232299
-165.92290324342724
-165.91885917370738
-167.89727910729624
-172.32115499080464
-172.32716534968375
-172.32227576523042
-172.35166269161527
-172.41809817048028
-172.4616310844923
-172.46164776524648
-172.4328359179324
-172.52926559734425
-172.5368142543
-172.59498138965657
-172.59144760145338
-172.60325512291615
-172.68470331455015
-172.80055889653033
-172.81500099698587
-172.78294746653827
-179.0791113626119
-179.2089003688452
-179.25583215273858
-179.21219020903933
-179.2016961829705
-179.24733557209132
-179.32461862365244
-179.36923946113112
-179.36623860505478
-179.38725210400148
-179.4147385127797
-179.42047898330202
-179.37140626392846
-179.3711342923599
-179.46919529775755
-179.46678947002493
-183.2841780859572
-185.67240603167642
-185.70244365648037
-185.80908647296405
-185.8842192183205
-185.86210909802585
-185.83963819473965
-185.95075617696784
-186.0098545444368
-185.9500446308565
-185.89525502438798
-185.904254274954
-185.96713541868772
-186.00071924778965
-186.0244018837616
-185.95157774692476
-192.2505388530365
-192.33006241361502
-192.36977036470265
-192.3867641102626
-192.3997619255121
-192.4516034111917
-192.5362962490608
-192.55296561373208
-192.58456016745626
-192.62920439730266
-192.66260758350765
-192.6508569455696
-192.65315617238045
-192.68567633323042
-192.70471180200215
-198.3455779383379
-198.94597318387915
-198.97074392925208
-198.99571381621533
-199.04913126504061
-199.04762545064057
-199.013743229837
-199.1989589805445
-199.56519287170832
-199.13952600891145
-199.1407357705143
-199.14772810303248
-199.1838288091859
-199.23354630219262
-199.2658316097438
-199.3679048227165
-205.56095634965004
-205.57375988339115
-205.61858687660043
-205.6296423283682
-205.63756407802356
-205.6545362755501
-205.81690766395943
-205.77436843884
-205.7758899785681
-205.79888672631589
-205.83475408601274
-205.86947063992787
-205.86157098745488
-205.89593892442116
-212.17515551380848
-212.2177971741937
-212.23031229353037
-212.20160990765672
-212.22002502132068
-212.23154715302206
-212.2404240850164
-212.6320417376712
-212.27477726126548
-212.27879931134765
-212.33356221762037
-212.3252463513709
-212.3644492080559
-212.39103671087761
-216.88461593387203
-218.7716157291689
-218.734354479673
-218.7249613936804
-218.73258789451236
-218.8089763166828
-218.74927797068918
-218.71483063362467
-218.71984921896714
-218.75646324876016
-218.74842438130852
-218.7368817727813
-218.7737342739902
-218.708235327523
-224.93491161127685
-224.98170731596892
-225.01651855520205
-224.99565072990262
-224.9026227934837
-224.96825404451252
-225.17174013776392
-224.97863441836216
-224.99183483254058
-224.9610949667046
-224.9943198325369
-225.10554038018486
-225.08946899322797
-228.969341478019
-231.28573723780335
-231.35995135082422
-231.36091216482689
-231.31668317469538
-231.26057811126438
-231.4041594839057
-231.319341050879
-231.28117970675828
-231.2421787353248
-231.2560060188304
-231.23377665459807
-231.2014251169348
-231.44550744539882
-237.4825968276634
-237.5003993835347
-237.4816036256607
-237.49534468360423
-237.52711052574136
-237.64365531284756
-237.51204711671403
-237.51695405563038
-237.56755930655672
-237.56560918339747
-237.5176757193231
-237.49607552613227
-241.43525705058806
-243.8720125952553
-243.8139518065335
-243.77123405024545
-243.8081474801247
-243.86909694537476
-243.93256590250394
-243.80099886266447
-243.8279721702923
-243.83214747169535
-243.79557000836388
-243.747817782281
-243.71644945186512
-250.01788668302316
-250.05258667132125
-250.05050692783163
-250.0625163424762
-250.09120581654275
-250.15928369501563
-250.1862111086916
-250.14597095789938
-250.1483042985801
-250.16331242381878
-250.1477010575656
-250.10931650910598
-255.75573206756545
-256.35177002639944
-256.3007709701202
-256.3029983629347
-256.31147138080763
-256.29008833866857
-256.291499142524
-256.22504842990816
-256.2577118053833
-256.1957389736659
-256.13666995764873
-256.1586746454432
-256.1721805497984
-262.4136146791282
-262.4372783456559
-262.47694961312465
-262.4600741670555
-262.47787608337296
-262.4844413357111
-262.47593462929035
-262.43065537516696
-262.4190927091726
-262.3652087292388
-262.28764423612955
-268.4322983169726
-268.52097404321603
-268.475793657775
-268.4294161307206
-268.41897325722914
-268.41306964883404
-268.40097156969546
-268.39856304240556
-268.3572901504219
-268.35486072430024
-268.3541181325189
-268.3232193855014
-274.5748826143873
-274.6137824506761
-274.6340297874943
-274.63893789173255
-274.6257334859374
-274.6000145402212
-274.60730415973524
-274.57554930559724
-274.54374020992066
-274.5148558372908
-274.49657088704936
-276.0568299455826
-280.6891472179462
-280.7053487110632
-280.6588718047999
-280.57222483169824
-280.5919284121463
-280.57697469940706
-280.62724923736323
-280.5783669083806
-280.5983064205964
-280.6391676093906
-280.6207366413814
-286.8752478665436
-286.87495819518335
-286.8427113420779
-286.76888895955426
-286.780581828925
-286.6516798097405
-286.5985764739918
-286.64646934492293
-286.578705221472
-286.55014872964364
-286.52029903263974
-292.32778599488137
-292.7055088244065
-292.73764900817633
-292.7561917291977
-292.7225749001092
-292.7521587494867
-292.7610256187648
-292.8102201294879
-292.7823377219451
-292.7766862533407
-292.75175467699444
-298.95151124075164
-298.8715523900621
-298.86522412820915
-298.77179941498866
-298.78123508707466
-298.3782237589573
-298.51418466504464
-298.5419807689164
-298.5868693679978
-298.49765914970374
-298.4311136258478
-304.6790315557496
-304.8398879319291
-304.71935187490806
-304.7099315009595
-304.6623397597204
-304.2939681129816
-304.63625135078235
-304.58962247832744
-304.42912640292474
-304.4771431006301
-305.2302852356651
-310.684096617546
-310.5113544952671
-310.59685843772553
-310.51242788889664
-310.4754395491841
-310.3899125038098
-310.4208329377463
-310.31695159454665
-310.3630335277698
-310.3105343122194
-316.5727559370872
-316.46824399521796
-316.47655591340936
-316.5452544390682
-316.38151424830306
-315.90357389092986
-316.0526962638837
-316.4269679302831
-316.33257471238136
-316.27429437979566
-316.97194635545253
-322.66769613026
-322.47509558983313
-322.6325287367729
-322.69527481732104
-322.48039189941676
-321.92732292732234
-322.5436069560789
-322.288583290946
-322.395151332951
-322.913630093871
-328.5997705575836
-328.5280259008637
-328.40312516664955
-328.54009258082704
-328.39534821106844
-327.5281460744805
-328.4834919642698
-328.28569218831274
-328.08248316036276
-328.3344449619204
-334.08976222951907
-334.21644427309
-334.3005725428648
-333.83369209702767
-333.76868900355333
-333.6514302192307
-333.9223919660467
-333.5594703786188
-333.2728490487386
-333.58551141264655
-339.11299538665776
-339.333161605
-339.22910177902435
-339.2437850340449
-338.94950500618296
-338.79378028644436
-338.7425659131008
-338.2447746364162
-338.2462910750643
-339.70018102232956
-343.88305240027734
-343.7042497755032
-343.5080100445229
-343.1941942971976
-343.2862786337315
-343.1698353265236
-342.9592538975613
-342.6765938400397
-342.85854385989575
-348.58722703381284
-348.6415027954595
-348.5447776382278
-348.51371945470305
-348.68985930944757
-348.3633989494043
-348.0741319828009
-347.97288216139805
-347.8036373537235
-348.11566540573574
-353.98511957259234
-353.8749894670744
-353.8404379560543
-353.91943038655967
-354.07492209684386
-353.62780226879545
-353.4320377033615
-353.4821767935092
-353.34236341538656
-358.7777328637548
-359.41950688851506
-359.589655382707
-359.35994771108244
-359.73920861888024
-359.33486333535296
-359.22008737179414
-359.14521552031795
-358.93733261670985
-359.02192273613275
-365.0372179848776
-364.9762438775953
-364.90662008886903
-364.9019356635921
-365.221767714913
-364.71656227379646
-364.72286240624305
-364.5973544493542
-364.5651613803117
-370.82421306891973
-370.69881145695894
-370.6453318198732
-370.7784596301184
-370.7961272165578
-370.4428989360655
-370.3581055869994
-370.40561508805126
-370.25302695305237
-376.4975063671764
-376.4616105583185
-376.39105714318924
-376.35814988560395
-376.37678067189034
-376.1521621605913
-376.14954379613454
-376.04465808118107
-375.96177773250287
-375.9170995518658
-382.1204828375246
-382.08257317138526
-382.122595829271
-382.1393313629322
-381.95547822221187
-381.8395851293178
-381.7838065577099
-381.7991318139905
-381.67974785965316
-387.8611728787121
-387.80764248065486
-387.778126243147
-387.7320393735707
-387.5675402458695
-387.45999105806385
-387.4794840251319
-387.3827245919662
-387.2193805664812
-393.4936992220135
-393.44289437537157
-393.3218886901091
-393.381774378349
-393.25272065366636
-393.15110487018313
-393.04257234876053
-393.0047829947828
-392.9224950182689
-399.11419468680344
-399.07423182341523
-398.99225020924194
-398.8955554025173
-398.9085185841713
-398.7708993271665
-398.7168051958783
-398.56483107765894
-404.7202922969577
-404.6358954485253
-404.5529880315675
-404.44540964104795
-404.28151153715123
-404.25824011006716
-404.171913676589
-403.9626532904162
-404.0578254254921
-410.27727731960636
-410.07767983735215
-409.92137611262643
-410.0254542368809
-409.81593964819245
-409.7049807330906
-409.55627942699675
-409.4621005328518
-409.3316188802664
-415.56419650702554
-415.4394912101527
-415.34973979562085
-415.2678579581957
-415.1600054843007
-415.07395784497055
-414.9936050412435
-415.09082330492254
-421.1260574988424
-421.0115311188454
-420.94077407178764
-420.8910010869708
-420.7668422862377
-420.7140226881851
-420.61671676556915
-420.55601382184
-420.49298719623056
-426.72007639324255
-426.6187754618643
-426.5341827143401
-426.3257732252424
-426.2705483129063
-426.084749530125
-426.03359292077425
-425.93353013088273
-432.18952326622514
-432.0826425395768
-431.9440036045383
-431.70778123470615
-431.6884773365908
-431.6769149046224
-431.6356025956009
-431.5888602815895
-431.37828682355837
-437.57989983787667
-437.32333394698713
-437.17395508926893
-437.08104432969776
-437.36178331805877
-437.29838215534136
-437.22905909317666
-437.2006324099152
-443.4208757177531
-443.34324492550274
-442.82030990915507
-442.752325536634
-443.0076971779895
-442.9033347849093
-442.7842624489053
-442.7410403739697
-448.8845088446264
-448.73078738187945
-448.39829222748085
-448.2679377161487
-448.1929552471378
-448.072774959018
-448.3437787363511
-448.2305015215185
-448.2089858017327
-454.2095624301838
-454.18328550428623
-453.74050852333096
-453.9689272568046
-453.5373662305817
-453.50666258493885
-453.79079513694165
-453.3968436400243
-459.8341467946434
-459.56083907937966
-459.1680721487305
-459.1280796089794
-458.9614408382109
-458.7994308705201
-459.22643269089843
-458.6246549710495
-464.8355702560372
-464.8428436214597
-464.61035025892386
-464.47800865509504
-464.37215506811464
-464.30690008237
-464.6071012008713
-463.8779488224026
-470.42453407467286
-470.1311135310861
-469.9307468887005
-469.8725490255491
-469.7933874139903
-469.64787453968694
-470.0669398597371
-469.34693012502714
-475.7790429168872
-475.4568358886615
-475.4014656167119
-475.26924118097696
-475.14393701215175
-475.08005004113767
-475.51554356729605
-474.8051990489813
-481.33128252195945
-480.922731743065
-480.84593230830575
-481.2471796983341
-480.5652608675973
-480.49556146435674
-480.9412458745919
-480.7786113946961
-487.1111082455212
-486.4041445822871
-486.1487628560469
-486.7747172757041
-486.0748375824329
-485.87051304150316
-486.387587708992
-492.2466700100714
-491.9484288135536
-491.69238418908725
-491.725708617452
-491.47361238125717
-491.34708857105215
-491.3407490033351
-491.6149068035313
-497.04050572607764
-497.23282454543954
-497.0190349684457
-496.90827238212523
-496.8187800649145
-496.60992536386755
-496.5462813417944
-496.9571624518046
-502.5563419887965
-502.6477480924702
-502.3695987649856
-502.17880885123503
-502.0622642353388
-501.92604307823063
-502.2103456582865
-502.22177469787204
-507.80344879943397
-507.61539622701787
-507.5815016405851
-507.43940752318866
-507.2448739010384
-507.1783711441545
-507.7327219379925
-513.0945847121694
-513.143516976152
-513.0887842157441
-512.8940309449272
-512.7953466171533
-512.7635727896583
-512.5842634857942
-512.704106897388
-519.2481709338313
-518.5652389924505
-518.4189946692524
-518.3580156091812
-518.2016773885813
-518.0330981289273
-517.9953408941209
-524.3767226794298
-524.5198587006478
-523.8974669347476
-524.2832145163252
-523.585689279332
-523.5004326190024
-523.3815060355746
-523.7956491654957
-529.6070813635415
-529.2866088970926
-529.1501141360744
-529.0405975505859
-528.8604633749527
-528.7408897367858
-528.8243842135228
-535.3628989744811
-535.3194440048246
-534.5509343719204
-534.0179223353596
-534.2351329327033
-534.0814684526192
-533.9274780725844
-534.5342843701379
-540.6268184792222
-539.7362108053296
-539.0574565255399
-539.298174207468
-539.2809085606508
-539.1474441918
-539.7068527727414
-545.7002397529404
-544.9700410506268
-544.819973997461
-544.7043767105245
-545.2017505807514
-544.458173560255
-544.2288078741533
-544.0759752617811
-550.2916392292939
-550.123753724374
-549.4861339238008
-549.8111051738039
-549.6890300075272
-549.5240846500707
-550.0420450015162
-556.1638164014028
-555.3977417185355
-555.2717480506814
-555.1174480434036
-554.9700818822776
-554.7588418101359
-554.5852629304438
-560.217936158681
-560.6053273307938
-560.4896345794782
-560.3565501157627
-559.364988841108
-560.0443728015593
-559.8918939896023
-566.0996686563725
-564.6993359251558
-565.7561145570178
-564.5834365437171
-565.4609317837293
-565.3566686032765
-565.1846603962159
-563.7340926504255
-571.0711965091255
-571.0570127281434
-572.0458254465259
-570.7534232481036
-570.6547443079315
-570.489618937257
-571.6279270307856
-577.6736240246743
-575.9572435285065
-575.0858678306515
-576.1000278905757
-574.756976605536
-575.9607648197398
-576.8527796847446
-580.815268869585
-581.1698998410113
-580.4325516985432
-581.4121360968743
-581.1787712095141
-581.1237682917097
-581.7419595769248
-585.8117916169246
-586.4617087752034
-586.7305326734192
-585.8876488518081
-586.3729698733174
-586.0687707146094
-586.638883848115
-591.0776984757784
-591.717713427335
-591.8337429030973
-590.620041589969
-591.625888059543
-590.3297901048003
-590.1248304352795
-597.0160210733665
-596.4770378148266
-596.9947121090058
-596.5619279430193
-596.72792771948
-597.0405193915948
-596.0798141896072
-601.6372486103566
-602.0777165112987
-601.8349433422785
-601.271583245181
-601.9077604163007
-601.4282651755639
-600.8459168526433
-607.9366787325289
-607.2608334447837
-606.6790042461888
-606.4137371777233
-606.7127883199639
-606.1463742657389
-605.8791712866068
-612.5366129154219
-612.0623531112043
-611.7514305508583
-612.4170154096072
-611.5848941796489
-611.217656031539
-611.4194944586812
-617.1793117127626
-617.2575340166743
-617.397374775005
-617.247091067831
-616.746815676195
-616.2559958230909
-622.5658292125402
-622.4264159431322
-621.9784413768475
-622.5039829511762
-622.2310172408273
-621.48868438534
-627.592836664845
-627.7387120786508
-627.5808621558989
-627.2265196244124
-627.116665980104
-628.0548666951987
-632.6928003463717
-632.6314250623458
-632.5130364265458
-632.3485505567184
-632.2682228983176
-632.3675484277466
-638.3433445420832
-638.0378901498821
-637.92994242675
-637.881318365641
-637.7236310337812
-637.5645155555239
-643.5620692639392
-643.3172607520959
-643.0632365417121
-642.8238628697743
-642.538121913644
-642.3796376263357
-642.3706863927555
-648.3240971213028
-648.0305275245221
-647.9808038050851
-647.617039993291
-647.5205035528492
-647.236261105105
-646.6918510421784
-653.0929298273355
-652.6556372490162
-652.5265616876271
-652.5705384939633
-652.0940042239112
-651.5403055274555
-657.4606056380638
-657.5776961251413
-657.7767865750785
-657.6256158272053
-657.3757223109261
-656.8248357054557
-656.2881937086088
-662.7952537980103
-662.946625386087
-662.8425338658835
-662.6859643397836
-662.4136372466198
-662.0252468285499
-661.7705535774318
-668.0932152747428
-668.1647824109879
-668.0748324155373
-667.8064602513468
-667.5429027126966
-667.2509318221407
-673.4911195922386
-673.23073582411
-673.4566793286676
-673.2066510077547
-672.9471177268973
-672.9546054558626
-672.5720279230694
-678.6907406139643
-678.6948567306182
-678.6191708796522
-678.3671032878556
-678.1176144372533
-677.9097648743239
-682.4782945638428
-683.8333863543477
-683.9493991459393
-683.67837682432
-683.478888817818
-683.4180520900275
-683.168365411805
-689.1528914346007
-689.1354293293425
-689.1882595708221
-689.1186501484772
-689.0126139390923
-688.8788100242854
-688.9075576257991
-694.9771403254023
-694.8889405227558
-694.7825431398821
-694.68480071349
-694.5070639308454
-694.2650933292834
-700.1176263708193
-700.0260144842794
-700.0258031620378
-699.743054837515
-699.5045804773329
-699.3600854021356
-699.0744239464451
-705.0906148494211
-704.9252495702378
-704.6716485413996
-704.4841723373821
-704.4757734743251
-704.08482873103
-710.2557134774088
-709.8047338522766
-709.5162664554505
-709.252894006749
-709.0621354032655
-708.6583871038721
-714.6601160502263
-714.4641005513697
-714.4732350305293
-714.1170670757092
-713.6722420609575
-713.3789422357221
-719.3781411377789
-719.1444846361243
-719.3852691604028
-719.046534778618
-721.4012834965876
-723.2266746077931
-723.8970542973149
-723.7988406470135
-723.7978398294551
-723.6852101171531
-729.3897058660485
-729.182617465565
-729.014085382066
-728.7574079327768
-728.5189181615601
-728.230702592432
-734.2761192928643
-734.0877121718402
-733.8042804643142
-733.7743775805836
-733.2702310658773
-732.96552007865
-732.6856988226565
-738.8769015689722
-738.6858093539192
-738.5600909262682
-738.4118434861882
-738.0657055151197
-738.0138043478303
-744.2267173210427
-743.885999174805
-744.0204091500063
-743.5324853756003
-743.3021964749446
-743.2090700202431
-749.1846289907983
-748.9757539521687
-749.3468305250193
-749.1177870136099
-748.5415402343051
-748.2256551418693
-750.1337292467274
-754.9592257625899
-755.28733980407
-755.7864452767288
-755.5234123125616
-755.659415689883
-755.628312961906
-761.5289515776033
-761.3336962828009
-761.2147029930702
-760.7697867879858
-760.9255133237779
-760.8400230047833
-767.239531327543
-766.9709269469325
-766.657988652112
-766.4224031703824
-766.4632944402015
-766.6684595151668
-772.3773813345416
-772.1843155681468
-771.8238314598268
-771.7242769774924
-771.5296970656365
-771.1824156692793
-777.4168981446423
-777.2442729667328
-776.9555148379417
-776.7394533330873
-776.5981166975671
-777.3702369253394
-776.0751314408195
-782.0839609122437
-781.9661024205425
-781.7820460513581
-781.755326180975
-781.4897080212322
-781.256105198728
-786.9472039652
-787.151432288488
-787.0477899951985
-786.8739960976119
-786.6400604769517
-786.4237313379798
-792.4534174199243
-791.9698971788565
-791.9627293694983
-791.7750317509758
-791.1298915366232
-791.2684287017476
-797.3229229336705
-796.6234111535395
-797.0401574431895
-796.5483417021771
-795.8037685921412
-796.044901015096
-802.0734535659591
-801.3029517546865
-801.8012902326872
-801.4406757891371
-800.9523534401833
-807.148389618403
-807.0809901407072
-806.9255174456791
-806.8457830280324
-807.9630807318661
-806.4890524903784
-811.4075807584774
-811.1709939740043
-810.6428350395587
-811.7128026720683
-816.1618829578073
-816.0231002945376
-815.820164217729
-815.087092274239
-815.3335202284741
-815.1097894244267
-821.2171375800474
-820.3154401799527
-820.6996530363245
-820.5134789315262
-819.5775977264999
-819.9688649210412
-826.04457376628
-825.8664063224795
-825.7870523502937
-825.3986221779301
-825.2762506596928
-825.1720718588813
-830.9249478799992
-830.9678940915516
-830.8935333585274
-830.750201033545
-830.2637434442919
-830.0447729869362
-836.1022476680962
-836.1680169524483
-836.1151393341971
-835.8549327340298
-835.7513604141752
-835.648839139334
-842.1231076013308
-842.1011147132235
-842.222992131754
-842.0520345968891
-842.1753465772173
-845.3895431866897
-848.1008493961374
-847.678792039352
-847.5427921567709
-847.516661243359
-847.3408395821306
-853.5855787627894
-853.3036897596882
-852.9589794656348
-852.8468228969011
-852.3782547309307
-852.1626729968125
-858.2437441257713
-857.9819307880837
-857.6838901202981
-857.0461117898384
-857.1059364832593
-856.8037790992418
-862.8672511408196
-862.0367477784469
-862.4643441921497
-861.9252905762048
-861.7308344469578
-861.5343486941281
-866.8636218368141
-867.2226186180392
-867.1964240181068
-866.7378624863726
-866.296761013051
-872.5058583550991
-872.2441189314169
-872.0105746534272
-872.3882820386257
-871.1868227757191
-870.940782558274
-876.7705881917883
-876.3242698309296
-875.9479768541077
-881.7446875380031
-880.9595399155877
-881.1860252219336
-880.9770809886237
-881.5181511678336
-880.6180424230055
-886.4979848674438
-886.3490903279678
-886.0835120083511
-885.8586416781326
-885.4831872776266
-885.19662414766
-891.0532845134155
-891.2802329121787
-891.116322433312
-890.9728761781791
-890.1982757882322
-891.6687529252139
-896.3231662460445
-896.4569531671648
-896.3119756465542
-896.9075379093445
-897.8986550309354
-899.8612953875289
-903.7966918417151
-903.700182780094
-903.1733387305169
-903.5347691149066
-903.075260876055
-909.1304107234732
-908.910826173917
-908.771059246829
-908.3322480956415
-908.953871220774
-907.9616028426144
-913.9326286401068
-913.7382945922277
-913.4801068610395
-913.2354530210871
-913.7152928438269
-917.557444418402
-918.4503971243053
-918.2109690743409
-917.9165920088722
-917.6757189692354
-917.3435400802426
-923.4000692895003
-923.2869842253161
-923.0503493974588
-922.8672064538092
-922.9583842089573
-922.9361671797001
-929.0723301652209
-929.08257052033
-928.9319691837812
-929.2134876727117
-929.0533354394082
-932.2417804509244
-935.4933672696186
-935.4704926698812
-934.814288710443
-934.90313594272
-934.5869067156018
-940.5223102153958
-940.2441494060198
-940.0310378222282
-939.6999589121036
-940.100405775489
-939.0535127532092
-945.0293262697039
-944.7484043147107
-944.3993043303394
-944.1426054144728
-943.7376336191454
-949.6789265279385
-949.865559509483
-948.7513078077499
-948.4378123101528
-954.0038800186446
-954.0623656367677
-953.5131444721718
-953.3530234005822
-953.4739696426557
-958.8853372440085
-958.7910682732277
-957.954984146565
-957.5826022137788
-957.3239831948189
-963.2755591094273
-962.9882231547899
-962.6702133465378
-962.3994989244195
-962.1080645058788
-961.7874310938919
-967.8296715774742
-967.3131766096668
-967.6545012536826
-967.0198053160052
-966.9197337131343
-973.3533105728444
-974.2438718147949
-974.7951151624741
-974.1530185439583
-974.5598495153384
-974.318041587757
-980.396600526361
-979.9991177128502
-979.2376731555215
-979.4073889920231
-979.1668601627576
-985.0769728652824
-984.8679246915689
-984.6052037530086
-984.3973783526875
-984.0297289330257
-983.772109771615
-989.659327802288
-989.1196536964596
-988.7563280073416
-988.476457750145
-988.1453974983887
-994.1126077030942
-993.7259489577265
-993.7611499733582
-993.0893727993412
-992.8318514550566
-993.1100722971124
-998.4172654976205
-999.4778665974726
-1000.4130621693497
-1001.2434433540315
-1001.1490926138265
-1006.9612109469582
-1006.5282582095004
-1006.3073675796395
-1006.05941832257
-1005.8017691767244
-1007.0632378722268
-1011.4317234168893
-1011.099349139896
-1010.7138322963061
-1010.4881195737099
-1012.2626712151279
-1015.7328511359542
-1015.6139850169703
-1015.3112649920962
-1014.9890442591013
-1014.672031745455
-1020.5079967893464
-1020.0164898143878
-1019.7868400712912
-1020.4260656227924
-1025.2445531067158
-1025.053966677968
-1024.4479586969796
-1024.161683665129
-1023.8816772537399
-1029.7541032486115
-1029.4238782615453
-1029.1545024715222
-1028.9349498825134
-1028.597268127009
-1034.666717394806
-1034.324168801896
-1034.1899794071733
-1033.6285162306735
-1033.36214176391
-1039.4555597818862
-1039.7401127996045
-1039.6742577814364
-1039.8560221566706
-1039.6280191501012
-1039.6562700731429
-1045.8092210321115
-1045.6225383697874
-1045.2832092849844
-1045.4183786116664
-1045.0786128249042
-1051.121061420705
-1050.840935788867
-1050.5052066774263
-1050.174998164202
-1049.7425243965222
-1055.7429303519928
-1055.346835254685
-1055.0900404890056
-1054.7784556611207
-1054.476213675992
-1059.3977070753901
-1060.3781277016922
-1060.806234734559
-1061.1188444398422
-1060.9794629655294
-1060.723281599476
-1066.5523756369946
-1066.4014625850966
-1066.125457962709
-1065.9338099817785
-1065.4185235684859
-1071.4353554079546
-1070.8922536363327
-1071.0149078379734
-1070.9392820310234
-1071.3489915833277
-1075.5743933947729
-1075.408943459296
-1075.5012210185869
-1076.812399926078
-1079.7547827148296
-1079.337129752507
-1079.5209519478476
-1079.0467913096438
-1082.8347431591042
-1084.1541391644664
-1083.7489745158061
-1084.552023795942
-1085.309680866063
-1085.1550108805652
-1091.1588495062463
-1090.8445797051113
-1090.3092967560112
-1090.3998692357789
-1090.0163346969348
-1096.0006142272675
-1095.512384571656
-1095.1214416161542
-1094.5811210433828
-1094.2257765451357
-1100.0700853528956
-1099.7994953723487
-1099.6821275083278
-1099.4438937204231
-1099.0497256312349
-1104.5565862177814
-1104.9182784410548
-1104.949484237537
-1105.493899898448
-1106.4092021922409
-1106.7231272223319
-1112.5507410135017
-1112.5152532212599
-1112.278804653323
-1111.972579206622
-1111.5689529381875
-1117.5180433251223
-1117.0866773007956
-1116.7825001416793
-1116.2151217331832
-1115.9503225261067
-1121.9532404650618
-1121.6504955719124
-1121.1465155714525
-1120.7192995966336
-1120.5032092540948
-1126.330785843084
-1126.076425781083
-1125.8452635447088
-1125.0630107898394
-1124.534191510753
-1130.434827069419
-1130.1352905418455
-1130.157183493313
-1130.7324732581712
-1133.2861591296855
-1138.174722438668
-1138.9804782582974
-1137.9976580745235
-1137.9006085327865
-1137.9477972778514
-1141.9962432211996
-1142.6177453362873
-1142.4983295590273
-1142.201271615476
-1147.8785640665376
-1147.4469670848362
-1146.9629354900223
-1146.4620132765244
-1146.0873358118415
-1151.817090654229
-1151.3861109500274
-1150.8431650355503
-1150.390791133105
-1150.1540176165192
-1155.9260452799872
-1155.4973415995162
-1155.0509062645428
-1154.5085770859496
-1160.0267289346596
-1159.6266306834686
-1160.5100587507743
-1160.4235798831635
-1162.8951161914815
-1162.9604696550496
-1168.4812344797278
-1168.4133483131309
-1167.877655183351
-1167.4098567204387
-1166.9854554235767
-1172.7716977051018
-1172.3401987030281
-1171.8012990028183
-1171.265902025777
-1170.6882753996215
-1176.538116375806
-1176.160037235047
-1175.712679008535
-1175.2242761614605
-1174.6641735802832
-1180.5363049597775
-1180.299830791838
-1179.1707843271374
-1184.9999172859232
-1184.6182482074348
-1190.2171320546847
-1190.0798852224384
-1189.1405462440944
-1188.9726548904212
-1188.3650509155543
-1194.2567445732486
-1193.6018043507224
-1193.0631704449434
-1192.5934155739978
-1196.8823239069498
-1198.1584467625119
-1197.4645485603123
-1196.7875635347496
-1201.4241721916794
-1202.0533360686213
-1201.2457029839416
-1200.973143025212
-1204.2379554590955
-1206.3807460328899
-1205.7647852926164
-1205.5778309022046
-1205.1745115675242
-1209.8095683687375
-1212.8549305029408
-1214.698406146006
-1214.088222828409
-1214.018469030029
-1213.5295424151277
-1219.3195195838803
-1218.8956963846963
-1217.9320031128298
-1218.5539942232601
-1217.162876071736
-1223.574506367731
-1222.9795765875251
-1222.2898657415446
-1221.4893579641594
-1226.944131362943
-1226.433033799058
-1225.6684284759879
-1226.2241834760157
-1226.7209880937353
-1229.900297032088
-1235.4892599620057
-1234.9163288398772
-1234.3006957118873
-1233.7403023477889
-1233.5536732673995
-1239.3992078855317
-1238.856695153394
-1238.3277488711758
-1237.6921718513006
-1243.7873492337
-1242.7807924093338
-1242.3897507814538
-1241.979697341882
-1241.3724905032204
-1246.9620612383296
-1245.9499769780275
-1249.6216596384083
-1251.3827198183108
-1250.7778617618733
-1256.826499595775
-1255.8262006548612
-1255.0497751863172
-1254.6269992736359
-1253.9899133949086
-1259.8746323778387
-1259.2746168552103
-1258.6843987265959
-1258.2980303593124
-1263.829302558915
-1263.1105621960862
-1262.326842472926
-1260.763699022716
-1267.9973916124854
-1266.5321715863786
-1265.436246613447
-1265.9886906465038
-1271.380954745766
-1271.1762587753274
-1270.6310906411566
-1269.8247143537617
-1275.4444297706714
-1274.9835424652822
-1280.6373048571713
-1279.9042637251987
-1279.156458998884
-1278.4979144080862
-1280.893143903793
-1284.072695493352
-1283.505041152435
-1282.810220257727
-1282.2417657122407
-1288.090534881496
-1287.6337741351338
-1287.4158053942135
-1286.0229430199338
-1291.6629959252991
-1292.97644758464
-1296.8089846827863
-1296.1387075907057
-1295.5323773989617
-1294.990885498809
-1300.592509933904
-1299.9385556402565
-1299.545007621725
-1299.1439924645001
-1299.5815307244288
-1304.2288148478576
-1303.561144686686
-1303.105244140115
-1302.396107180424
-1307.9746337606093
-1307.7538118986051
-1312.126793303141
-1312.207188913477
-1311.8707893419753
-1317.9829863620398
-1316.8202988447947
-1316.1232931004797
-1315.8512812237957
-1315.0352968434154
-1320.9465980094321
-1319.7713456802019
-1320.2145546671745
-1326.4989043678565
-1325.5234815393542
-1324.6178659467446
-1323.5523329510797
-1321.6265914251917
-1329.2204401630108
-1327.9733938721292
-1327.3190645410252
-1326.8974616932455
-1332.703367263653
-1332.0273003780042
-1331.4251004418709
-1336.9406073803846
-1336.5268840489616
-1336.2040892752777
-1341.3349495885261
-1341.4531331458502
-1339.8277509531672
-1340.6627425142296
-1345.7500837765162
-1344.8902491356316
-1344.0859536849175
-1343.575866176478
-1342.7439616977779
-1348.291245434712
-1347.3198349685815
-1350.804656858449
-1352.734237173574
-1352.0444928003685
-1357.5039553536403
-1356.6267829216376
-1356.554442491997
-1355.8037332015388
-1361.5647746024836
-1360.611818767847
-1360.1038186930746
-1359.5430923093288
-1364.1014782852988
-1364.3463909261484
-1363.8471140524098
-1367.018744302366
-1368.6283350554695
-1367.9050551246346
-1373.5544129285627
-1373.2042006399506
-1372.1037433109477
-1371.2591091832905
-1377.209415357465
-1377.4873237594097
-1376.5713221529932
-1375.7424888674
-1381.019557913296
-1381.4783107456544
-1380.2033936058144
-1379.6620721474683
-1384.6554917374747
-1384.324772680228
-1383.4001899245436
-1382.6496997554561
-1388.2095691967263
-1387.4572183962218
-1393.3146535994124
-1392.2835932649127
-1391.7257625132652
-1391.133281661579
-1397.5936110428509
-1396.2740831999379
-1396.4849017405486
-1395.427941189609
-1400.9764761161327
-1400.039035336779
-1399.5817515256194
-1398.607976382682
-1404.1064865725716
-1405.9580652334098
-1409.0458106424517
-1407.790555750491
-1407.3454188116839
-1408.8717984527864
-1412.6979761846374
-1412.0175967765474
-1411.292512405873
-1410.844585951364
-1416.2546189917646
-1415.3886517316425
-1415.439379551085
-1413.7205052045435
-1419.748454814274
-1424.2479893642537
-1424.4017142258092
-1423.3543114510198
-1423.2435777726607
-1423.6139895451481
-1428.9273637802441
-1427.6122615810707
-1426.952946054829
-1432.4641022099902
-1432.2455098621456
-1431.1536691986805
-1431.5805695635909
-1436.0762563903975
-1435.2433682258454
-1434.3860038232476
-1439.4272089540013
-1439.5676160755204
-1438.876442669402
-1438.2146743335995
-1443.8749120434193
-1443.2372013519785
-1447.7466008761219
-1447.901947768001
-1447.470026405792
-1446.3568463585593
-1445.9435578823588
-1451.9136879541265
-1450.9901132866607
-1449.9949332054582
-1455.4533645576812
-1454.8325079150034
-1460.1838497093522
-1459.710657099408
-1458.9792707622935
-1458.693369452625
-1464.050180753828
-1464.3352844699605
-1463.5084926694703
-1462.1520544621935
-1466.9168834721602
-1467.0430328885661
-1466.3048877216384
-1466.0146715776025
-1468.3250387936935
-1472.3867726188562
-1475.3194691083895
-1474.5114880776118
-1474.3399570493748
-1473.4571667261548
-1479.4010881128302
-1478.3654235642991
-1477.9206013265389
-1477.1679095501408
-1483.0140686681348
-1482.1164069406314
-1481.530272458693
-1487.109382935724
-1486.2171511374202
-1486.656738707731
-1490.3758706487845
-1490.4579907641944
-1490.1051858397038
-1495.8139758106113
-1495.0337183785261
-1494.3064775446087
-1494.0300932050152
-1499.1171611049742
-1498.2281778368786
-1498.1176796619877
-1497.4242748809725
-1502.9269537456419
-1502.3820261226483
-1502.2137454365902
-1501.1354662163676
-1507.0156156262137
-1506.219828742795
-1506.8803267855574
-1510.4178601905062
-1510.1895693299928
-1515.5705292052833
-1514.9510564398056
-1514.3205660705573
-1513.482231952562
-1519.1417451205798
-1518.574394597754
-1518.0241545378844
-1517.4487060755735
-1516.7393364520372
-1522.3056947166717
-1525.7096889069321
-1526.038131082837
-1525.6216646099424
-1525.1544809315412
-1530.7788396289366
-1529.9375164005876
-1529.4086494318806
-1528.6010016608566
-1534.3644948332844
-1533.558946798298
-1532.6550854302543
-1536.9841637925651
-1537.5870298471955
-1538.325615716292
-1541.1908755472127
-1541.4671230015163
-1540.6621169977252
-1546.1448904886697
-1545.6537732877725
-1544.5600366205106
-1550.4639663572668
-1549.8836182515113
-1548.8016182874353
-1547.9625994332691
-1553.8796986717846
-1552.4764730757697
-1552.7989963151847
-1557.7693239659034
-1556.3463624745737
-1561.9816830458738
-1561.478544437749
-1560.5544437438787
-1559.7695355461958
-1565.3498491636126
-1564.4408016118484
-1563.7887700842125
-1562.8216164798687
-1568.484055803715
-1567.7748557776715
-1572.7629863245795
-1572.0056160230831
-1571.459314619047
-1577.0400185925434
-1576.3093461787112
-1575.2973014378986
-1574.6290229219867
-1580.2641453266383
-1579.1808483111502
-1580.6772564771356
-1583.9404300074077
-1582.810825966844
-1588.1572463143943
-1587.565646965477
-1586.8887011836266
-1586.3869203694946
-1591.7513756425167
-1590.8707472461422
-1590.456764664188
-1590.1379768987256
-1594.4473168252475
-1600.0650234913985
-1599.1466223541654
-1598.6028099723799
-1597.6772187764604
-1603.2170847538569
-1602.7515522638012
-1601.6145668218353
-1604.5770880345638
-1606.4760196433508
-1605.68774981692
-1605.0342302594431
-1610.3798299406892
-1609.4609304275295
-1608.631022179323
-1614.2662160006414
-1613.6332779304614
-1619.0107415196635
-1618.0496529611273
-1617.6268374801862
-1616.490647774601
-1621.886354888158
-1621.2440032750987
-1620.812624120064
-1619.777733382844
-1625.0338932233922
-1627.8566408545955
-1629.7184673763763
-1628.8644135618206
-1628.2792088073058
-1633.7562500983195
-1632.662971278621
-1632.0207858935712
-1631.2987916239108
-1636.8698401534919
-1636.012180170795
-1637.8201426881064
-1640.3439345261622
-1639.5641339391832
-1645.1653848237722
-1644.1811676250875
-1643.429233527737
-1642.941556398635
-1648.2917052004987
-1647.5547460396144
-1646.8737349095868
-1646.3442070169506
-1651.586951507704
-1654.649230785524
-1654.0476477265477
-1654.3298917802729
-1654.074884203319
-1659.6301365495951
-1658.7228817114876
-1659.297349687604
-1660.7326218716032
-1661.8421186881687
-1665.0942760805115
-1664.4669417418886
-1663.8620883866856
-1668.9323748609156
-1668.22039429514
-1666.7315432824953
-1671.396669807695
-1671.4549570715471
-1674.3473933896958
-1676.141578192861
-1675.1411644300902
-1680.4599982223624
-1679.9577964747493
-1679.189630384312
-1678.4473511587103
-1683.8243425223748
-1683.0686945685613
-1682.172076427215
-1681.4626430476708
-1686.6658806875562
-1692.1597702398353
-1691.334882952353
-1690.3301047560435
-1689.5236238461891
-1695.314471347593
-1694.5008916510967
-1693.9367488058963
-1693.0457099592288
-1698.4855183193804
-1701.1532987934825
-1702.2507733705374
-1701.820457845817
-1702.7091837383082
-1706.547311203029
-1705.5362412861414
-1705.1651999434607
-1710.9414263303647
-1709.519856543484
-1708.9132241901166
-1708.207416976583
-1713.2541560136065
-1716.6570292764509
-1718.088723764838
-1716.9077228644758
-1716.0643228050803
-1721.6159382714245
-1720.7451508603901
-1720.106868090887
-1723.3754949864872
-1724.9695202924056
-1724.0504299805468
-1723.1586785274392
-1728.7771488412789
-1728.073581458677
-1730.3698035130574
-1732.2174375340169
-1731.6407913458359
-1737.1747624043398
-1736.4908062043335
-1735.5604550584055
-1734.8024126175476
-1740.3390771655227
-1739.6432177807849
-1738.8032074665648
-1743.9761069594545
-1743.2590229494494
-1748.5781450542472
-1747.7874683527812
-1747.2022389440667
-1747.7968254348332
-1751.5147788446607
-1750.9308138838276
-1750.0022655068392
-1755.1754060237283
-1754.4773216193314
-1756.3278518201273
-1759.175604036992
-1758.0802883961567
-1763.6161458353386
-1762.9201905867085
-1762.1618102453115
-1761.0805766417045
-1766.4740867858318
-1765.563937433823
-1767.3275407657845
-1770.3322271548986
-1769.1923171790427
-1774.4432018098166
-1773.6727498563132
-1772.7053101104468
-1778.5527139191613
-1777.4978168907771
-1776.5271205293327
-1775.828520652131
-1781.4380595816494
-1780.8429583483733
-1785.4299886034755
-1784.826395333247
-1790.4998961892163
-1789.3265350074926
-1788.6563498773717
-1787.7930947488614
-1793.870158843354
-1792.326644453847
-1791.4112247323953
-1796.8102941201712
-1796.1080367969691
-1801.4298865483431
-1800.6147205964971
-1799.366941426684
-1801.8863272922779
-1803.877170563751
-1803.0817559277593
-1802.150718355867
-1807.6509084441052
-1806.811098270115
-1811.8078229448022
-1811.2630371146
-1810.30499586682
-1815.9713974654849
-1815.0845076509424
-1814.2950823718884
-1813.4323602103077
-1818.9615224206702
-1817.9511269714876
-1823.6229727716698
-1822.4650176629107
-1821.5810336800214
-1826.9521990028256
-1826.0483217438295
-1825.3218038212074
-1830.7171498388996
-1829.821463837885
-1828.9613701969115
-1827.6251711313744
-1833.24082942727
-1838.2660019303096
-1837.0962283049175
-1836.3784263314076
-1841.7183521105915
-1840.9495844631108
-1839.9933413670292
-1839.1743131157773
-1844.5850912562955
-1843.6911982682466
-1843.2139444557831
-1848.30149672513
-1848.181261342768
-1852.4615858432344
-1851.2112069548566
-1850.8023005511877
-1856.3359862352938
-1855.6177315433374
-1855.5003407055565
-1855.5717091131435
-1859.4330595974359
-1861.378271766345
-1861.194166344306
-1860.5287503537381
-1864.6656296444323
-1865.8023577445156
-1866.688029794347
-1867.2516160605446
-1869.275319863678
-1873.1989649149102
-1872.5432865398088
-1871.8603879143259
-1871.801451996999
-1876.1632056181643
-1876.356150190943
-1879.393849691944
-1878.9517284512558
-1884.429222779766
-1883.5350765024996
-1882.6468566515216
-1881.8463172100405
-1887.1327119857447
-1886.750834145271
-1887.5478019730426
-1889.886487881695
-1895.5202947311748
-1894.7098724581058
-1893.8929184500457
-1892.990760397121
-1898.6831363684137
-1897.857922946574
-1896.8395992440674
-1902.2626602604014
-1901.4130677210842
-1906.1458609391054
-1905.4175975669912
-1904.4617687424532
-1909.887196442625
-1908.963957926714
-1908.1925849378342
-1914.509109594173
-1912.78203782126
-1911.901122103681
-1910.9278784634282
-1916.14325023191
-1921.4102863245892
-1920.299998712037
-1919.4644727009252
-1917.346286869717
-1924.0314264142573
-1923.2518635873746
-1922.3393287363222
-1927.6968429512094
-1926.515306346086
-1932.1545752400878
-1931.1711242542624
-1930.2900218891252
-1935.7123984680009
-1934.6887206428657
-1933.489957877737
-1939.1399940130036
-1938.250762217202
-1943.626399721457
-1942.38930056532
-1941.4304339576724
-1947.207524550484
-1945.9415198694912
-1945.1414289265044
-1944.1304761492127
-1949.877577896614
-1949.0690960513284
-1954.1931507834315
-1953.162809771934
-1956.8601985877608
-1957.555435170946
-1956.6852997007898
-1955.928140198744
-1961.0373066463271
-1960.0871449946012
-1959.0509892947416
-1964.401680493292
-1963.390833239958
-1968.9962216857787
-1968.1291113090724
-1967.1138483327932
-1972.6514525520283
-1971.4568893116573
-1970.5287064468262
-1975.8992815792678
-1974.9114342003327
-1977.3312614845174
-1979.0682426630153
-1977.9496391461362
-1983.6207868515487
-1982.6519820678702
-1981.8037006951065
-1987.0876117704524
-1986.0924242217823
-1986.0200551701178
-1990.3649620180151
-1989.3860410930495
-1994.6351775383616
-1993.8735438837589
-1992.827184740284
-1996.8666920379808
-1997.7015578031185
-1997.2143692038255
-1995.7412681861153
-2001.1351332157308
-2005.8949323205247
-2005.212491851681
-2004.3355757801885
-2003.3474260169394
-2009.037217186142
-2008.139415588834
-2007.0360209739476
-2012.1859874769768
-2011.381194338551
-2016.4372337113414
-2015.501989818459
-2021.4958787675398
-2019.8524105753415
-2019.2705493260119
-2018.159069190874
-2023.5630015853178
-2022.640880731511
-2021.391255652635
-2026.5927839892313
-2026.4702437957578
-2031.2776783928955
-2030.1548067744986
-2029.2011855687908
-2034.4860224216557
-2033.5849734533442
-2032.0108554698497
-2037.5879134875356
-2042.801984895155
-2041.607168302019
-2040.9092087108618
-2040.041247766738
-2045.4121150039798
-2044.3293381400886
-2043.5552244779947
-2048.5617843491746
-2051.7864198036013
-2052.7060301000133
-2051.901862177111
-2051.039280811227
-2056.3859467544826
-2055.646666025064
-2055.12703128094
-2053.862999760992
-2059.6826894952765
-2061.087280442532
-2063.372123969742
-2062.1125409919955
-2067.4721205087208
-2066.9880504058187
-2065.6024970962476
-2071.06100289135
-2069.849575832577
-2074.9393042599745
-2073.7996445162635
-2072.8837536326637
-2078.491218911238
-2077.2327263528978
-2076.3271362887535
-2081.4980970026354
-2080.671279653116
-2083.7140644327296
-2084.8437055336117
-2084.69527203799
-2089.110388861129
-2088.031662653526
-2086.9666561729714
-2092.3943647740693
-2092.5984041763904
-2093.8663323117935
-2095.184277239708
-2100.8108470687976
-2099.7017809613144
-2099.3523152476478
-2098.343107692958
-2103.807648875971
-2102.6631070622257
-2103.019239015674
-2106.283963048661
-2110.7220105489832
-2110.190814703976
-2109.314168376806
-2108.932362163241
-2114.6598277353746
-2113.4982035932835
-2114.1043213406588
-2117.8077632265963
-2121.260636122277
-2120.531745951897
-2119.4443337070543
-2124.166580635087
-2123.8076197784885
-2123.031061086333
-2127.83971844302
-2127.689636301251
-2132.100482229061
-2131.097602145295
-2130.1029003659955
-2135.1641566303647
-2134.232495744681
-2136.8283314238874
-2138.436088851725
-2138.549263781822
-2142.7585682335325
-2141.661351724165
-2140.5172640595893
-2145.557673980533
-2145.4782036750225
-2148.759153412084
-2148.5975539810593
-2153.716484361675
-2152.7490979877703
-2151.475102993137
-2156.943466410436
-2155.829959808715
-2156.4460596151685
-2159.8039181605754
-2159.5360589477586
-2164.0934042471577
-2163.0722727355046
-2162.1281029049956
-2167.2295198705633
-2166.1280682437778
-2168.6534728497563
-2170.5389464011805
-2170.7499682646553
-2174.6572338505644
-2173.6997511604204
-2172.6466406135637
-2177.93142248419
-2176.756719121873
-2180.267736668992
-2180.8432474612086
-2183.120979478674
-2185.1395234520382
-2183.982628188026
-2187.5258815901857
-2188.4511231431757
-2187.3920533582273
-2192.73460206093
-2191.3626855551097
-2196.6103193778363
-2195.47108123945
-2194.4016297246617
-2199.6104136784925
-2198.994468237666
-2197.8811417511024
-2203.2079888811522
-2201.891372718346
-2207.167527468896
-2205.9540965070637
-2204.86844141673
-2210.4843183629264
-2209.5155243142763
-2208.2475612399717
-2213.7342552501327
-2218.706045414161
-2217.476831636938
-2216.372949548015
-2216.1964425715014
-2220.901254062291
-2220.21284245893
-2221.8418990574705
-2224.164666244402
-2228.966122251923
-2227.9187750378674
-2226.769687563595
-2231.070250424235
-2231.331794381438
-2230.0424129928974
-2235.259941865168
-2234.8175794025633
-2239.2983792931236
-2238.2432169214007
-2237.4469614549243
-2242.611510679596
-2241.588434249388
-2240.3770609886947
-2245.2641979198447
-2245.231551745407
-2249.357134651995
-2248.324291715369
-2247.4978864225127
-2252.52163937228
-2252.6213979890367
-2256.6009492454946
-2255.386754618032
-2260.6308585145157
-2259.8800728661854
-2258.6759913368105
-2263.835822144329
-2262.524446502047
-2263.7710757750456
-2266.4019729505294
-2271.5846501441006
-2270.2155887399636
-2269.422821653245
-2274.302959216238
-2273.2138876376525
-2274.1729432804823
-2277.3798951122385
-2276.8669838671185
-2281.5156709510675
-2280.449733907076
-2279.286459097723
-2284.2278481633452
-2283.2568534543543
-2286.903595876911
-2287.284023746693
-2289.5470594749504
-2291.4176310660723
-2290.1003317019163
-2293.2549247388188
-2295.262931468461
-2298.6683540533336
-2297.60674712378
-2297.007001109312
-2301.998810140015
-2301.2347713690147
-2302.8786899796405
-2304.9030973495755
-2309.4725539824826
-2308.4810337023023
-2307.820468483025
-2312.925411683975
-2312.1087131608733
-2311.3132238084086
-2315.8322303505693
-2315.3955336895638
-2320.035891947008
-2318.7632742939304
-2317.945066860323
-2322.982270314028
-2322.3098956535955
-2322.5413131102223
-2325.9297427602432
-2331.013879448349
-2329.435312764213
-2328.8928444606304
-2333.062432134581
-2333.109773226426
-2333.7502640183056
-2336.7101281712567
-2337.235521378311
-2340.9255580851595
-2339.667897564319
-2338.8920153119625
-2343.9953747598797
-2342.87240503694
-2347.9630533436825
-2346.906575937976
-2351.97028728005
-2351.1669888424135
-2349.921680473329
-2354.4047118680414
-2354.6155336538955
-2355.390054765004
-2357.344480614022
-2360.4554116530535
-2361.805045358456
-2360.9147512358245
-2360.882597582206
-2365.523411432883
-2366.6480651289494
-2367.827650188185
-2367.2828964885057
-2372.622592642649
-2372.176205893168
-2371.1183635026373
-2375.903917281574
-2377.0960265378
-2378.466667516264
-2378.6688189121564
-2381.0080099854863
-2382.869088219797
-2383.190436227613
-2384.0522770113603
-2387.7260786439324
-2389.0501927650503
-2389.099027871753
-2389.152810434433
-2394.282992525473
-2393.780822004033
-2393.5396098792557
-2397.6388708816344
-2398.2773087655983
-2399.725003872194
-2399.7461593440894
-2403.0731338575683
-2404.7590999285276
-2404.3366787417035
-2404.86088661376
-2409.571353958887
-2410.507138568264
-2410.7540250511947
-2412.416154696845
-2415.971404236513
-2415.582437410035
-2415.504073420894
-2418.80867588422
-2420.8895732812116
-2421.444896014725
-2421.9501168538254
-2427.152079589855
-2426.9363055184363
-2426.834503651265
-2426.354948430498
-2431.3222522738743
-2431.599338166306
-2431.4585972450895
-2434.4874870931358
-2437.083756095058
-2437.912624625745
-2437.9583246696507
-2440.513637570173
-2443.1926602266753
-2443.101598375713
-2443.158194151994
-2447.748553801633
-2447.764324566366
-2448.2193522795637
-2450.518366016466
-2452.886132677434
-2453.5986993775523
-2454.2019070291703
-2455.7468892424786
-2459.4131416554287
-2459.1791902691552
-2459.067693570647
-2464.364648118942
-2464.507786868357
-2464.735010293374
-2465.7730774823212
-2470.4205284280843
-2470.1949648737555
-2470.3278499280796
-2472.6271749117404
-2475.1041683991593
-2475.2708781630604
-2475.4985327132517
-2478.5927734024312
-2480.841016651
-2481.135823440286
-2480.898969135477
-2485.4749022107626
-2485.89916403681
-2485.4626275838123
-2488.8972898015045
-2491.2731457213
-2491.715756405338
-2491.7592679135746
-2494.9324125610756
-2497.311903842484
-2497.3992415989405
-2498.167466364965
-2501.790907651901
-2502.435151859512
-2502.7821228110975
-2504.056497429597
-2508.033134100647
-2508.794481543268
-2508.7037895868384
-2510.7401467148047
-2513.920463863845
-2513.9076075048674
-2514.0723910341167
-2518.3907019419034
-2519.031809712017
-2519.1434901573134
-2520.822094037966
-2523.1443740715795
-2524.5393950035636
-2524.8112724948965
-2527.2680086252903
-2529.8734073691066
-2530.1581462400823
-2530.692390730866
-2533.675099171354
-2535.8854126094584
-2535.923076391965
-2536.374992595811
-2541.2934093088566
-2540.845169361173
-2540.821864556246
-2543.7225416694764
-2546.0024981693678
-2545.9529066456967
-2547.6602999555716
-2549.846330169889
-2551.317304300909
-2551.9017876887906
-2553.124112920485
-2557.515730963894
-2557.4966856535425
-2557.578559475334
-2559.7730794650424
-2562.7645147002827
-2562.8738151495722
-2563.1340059960826
-2566.9819226041195
-2567.7289551854606
-2567.9763630830757
-2569.208828413235
-2573.4217757823853
-2573.4930216018183
-2573.9661031417313
-2576.1326154105886
-2578.9559379824323
-2579.2739926194367
-2579.778528780058
-2583.318118109744
-2584.8534131619467
-2585.0872500640176
-2585.9996588632293
-2589.570175172192
-2590.5660786740073
-2591.0093419508503
-2592.748195258209
-2596.1162290442994
-2595.962358847298
-2597.0580163127
-2599.065053929455
-2601.2702388914936
-2601.4295887015123
-2602.387580965832
-2605.6376549834795
-2606.9999237130583
-2607.188569353062
-2609.351355459857
-2611.9148377510455
-2612.4590735811485
-2612.8901910833383
-2616.464156674242
-2617.2550481556273
-2617.8982331972834
-2619.3118770733295
-2622.3546287684453
