-0.8517395801033101
-0.24418347957604625
0.2900801353151127
0.035694682811610506
0.0009597580545588212
0.25011096795770854
0.33586131509630945
0.2247772713178157
0.06157837556446563
-0.032654294365159764
-0.01870942826932067
0.020076041560565125
-0.08369445553453381
-0.4474947058745947
-0.6563497053713758
-0.7381159632840214
-0.23925186891846487
-0.11689122162495114
0.18092621637088732
0.25202510173846693
0.18406048981895307
0.1780100701880741
0.21143224256907164
0.07283322336101951
-0.2785884757874044
-0.5019907028323177
-1.2840950005971394
-1.2328266455329786
-1.0534669425008438
-0.4571745795503436
-0.4262222378395626
-0.2985526974685762
-0.17048062700704014
0.0558410977746612
0.2003820679783614
0.1296160041761773
-0.2854356198173088
-1.283446877351257
-1.4210086370748798
-1.4019227793882432
-1.4872875056186803
-1.6429553260718825
-1.6264904225446906
-1.516450570835561
-0.7451227350204218
-0.2761833856239342
0.1820259586134831
0.027702557414313104
-0.5403860158917936
-0.8961831362512608
-1.0151142513423395
-1.0621892949395118
-1.1019794974682027
-1.8632133387494882
-1.9803470345921805
-1.9614366143759503
-1.3093833318985704
-1.3473466294496574
-1.3109236607940526
-1.9855713911238955
-2.1438565174527207
-2.1043308061927886
-1.95249059779675
-1.369909260411026
-1.4443903977708237
-1.612855425112464
-1.7080807556849007
-1.668289958351866
-1.6213238877847813
-1.7448478579639706
-2.5210873259441047
-2.585695491862992
-2.4995699069635715
-2.342046215442579
-2.42610867088205
-2.306890232479875
-1.5594754802872142
-1.7406964798033115
-1.8133046505434394
-1.8729423050290988
-1.876608157896655
-1.9665022053526102
-2.520533580693061
-2.7544627374376165
-2.79657528009919
-2.7075422117607233
-2.6724219958468893
-2.725355207295022
-2.7741063728803974
-2.8283809725266975
-2.888645325147756
-2.9174275902925673
-2.8927401976870715
-2.8935000955747556
-2.871967441447957
-2.913778858263996
-2.856992965332431
-2.5905067490239477
-2.5630785799963594
-2.605580991098709
-2.708730211322774
-2.8757813932605383
-3.0113554865339154
-3.1394322729991484
-3.219161474939942
-3.1623467466647766
-3.114798491447807
-3.1455766911265393
-3.207728909623427
-2.975534530184727
-2.932461448587017
-2.938326225882889
-3.0471483652014024
-3.238896716733554
-3.316918434846472
-3.3370592507074526
-3.317816683460827
-3.3320452864900822
-3.3981489324036795
-3.524591737324264
-3.6288198423036566
-3.636033126224442
-3.7042327200318708
-3.797473782952788
-3.877316177789929
-3.9142175874826868
-3.855832303214273
-3.8721775574153
-3.625044432155069
-3.5389383248352346
-3.5771330499369034
-4.104775917055713
-4.029529480590103
-4.137766193574787
-4.0445744155791585
-3.9703713576994977
-3.98516749261107
-4.124236199544032
-4.312209523208291
-4.4424992410767645
-4.6657836753584565
-4.377399863822146
-4.583496658605523
-4.770456315331505
-5.027873307567198
-4.0943681047226335
-4.464543647854806
-4.224988786510749
-4.115659035030314
-4.756307118449068
-4.976809726768449
-5.357238353921386
-4.421782924272557
-4.658385178757795
-4.603997846833601
-4.640074403750645
-4.534391943716688
-5.217981498122468
-5.382041592939655
-5.474179371216909
-6.090713871827084
-5.523183451880485
-5.623464411558539
-5.763428745633055
-5.952280706855157
-6.061549800555866
-6.815846927132712
-9.754619034501708
-9.414540846516505
-6.897506077354329
-5.98753790934977
-4.985355549307861
-4.948279760066184
-5.968178482286383
-6.067764330878503
-6.915062369196946
-6.71431983278898
-5.45316367094459
-5.423496419885739
-5.318000026149547
-5.387468616493202
-8.425677534355739
-9.18624455776717
-8.890405541180119
-8.45139497064102
-6.105682838247057
-5.964087252509041
-6.00859645478233
-11.542941502892743
-11.549302582626634
-11.532724846149469
-9.695411301506743
-7.383281509549385
-6.843127715900459
-7.407083886866426
-11.65388001932311
-11.968023788102169
-11.747688078825297
-10.444791054955639
-6.839120357089384
-6.340896255594924
-6.42647328770381
-6.607024333855342
-8.734017358179265
-10.262153064519959
-10.072003082154255
-10.231136351066194
-10.423363945814902
-10.907856518375926
-10.912270653440059
-11.267889128918362
-11.360284263954195
-11.260603902748835
-11.575504468769452
-11.65053377173564
-12.427302500290732
-12.722729499899081
-12.892777146950888
-12.787568685860617
-12.885189721772374
-13.107952157616753
-13.197866894295178
-12.41642740213761
-12.503162058603165
-12.512887945870693
-12.639073080560067
-12.789989488224023
-12.908675456577734
-13.080326650546555
-13.148245796721726
-13.148796957859993
-13.087248532790086
-13.12377705517894
-13.172825659726554
-13.175590935583891
-13.267171312383791
-13.224611644218612
-13.644102121723988
-14.07318730361504
-14.162429197176019
-14.586923998121499
-15.27379184131057
-16.029888133387033
-16.868073599201598
-17.767639432807357
-18.427451711035495
-14.805547948689496
-13.501853865038402
-13.677083087432457
-14.003747446285068
-14.396837251967373
-14.850808460955728
-15.490480168336353
-15.888282534092626
-16.370985161000263
-14.551442228414134
-11.658262039193344
-12.51153975465664
-12.989473191655117
-13.367252372007101
-13.791469165217539
-14.241599049358676
-14.690667592986419
-15.11214911212491
-15.46955081118954
-15.817738960331114
-16.200805269703512
-16.75251669947605
-17.570493016700198
-18.270666280270405
-18.777676800240222
-19.884584490207207
-20.294356839304474
-20.364217942631875
-20.346593025250733
-20.38630121181652
-20.574954351154418
-20.83182979829033
-21.133054154283812
-21.460719704981447
-21.786055184411417
-22.14293832661828
-22.59468540734156
-23.172069749910868
-23.771808825211373
-23.98425654152998
-20.24623303160375
-20.46036716506673
-20.848703122594795
-21.186187211887603
-21.483302460580283
-21.720784466859023
-21.324860094239682
-21.396782504350718
-21.35208158634857
-21.439037649024584
-21.741285265435284
-22.163061707897977
-22.584102069221018
-23.012506012533617
-23.44649944137789
-23.771286245933204
-23.161398741559992
-20.362863037748042
-21.18363751916757
-21.983447162120083
-22.375459658025715
-22.981569768721922
-23.178284769532986
-22.487293680400168
-20.551881506189105
-21.08093623091977
-21.626396070038194
-22.196191350628816
-22.74275145053369
-23.145946174964806
-23.442112750568228
-23.684793678602674
-23.7417961816122
-23.44784685614137
-23.387326787816235
-23.48847397108351
-23.93236678716771
-24.48372973477003
-25.04524301834529
-25.623594085065086
-26.271892623451055
-27.04343906141653
-27.99931043573566
-28.72852820214993
-29.207879194895323
-29.709425729265995
-29.1414271096018
-28.728164682990908
-28.812972295452855
-29.134657324422033
-29.49427855643039
-29.832306200000396
-30.176183179097702
-30.525707484486194
-30.82309676701028
-30.86470162503691
-30.646402572330363
-30.79808090259203
-31.170364540582817
-31.530825965958282
-31.838196170924615
-32.22016265755801
-30.657908380801114
-30.444297428800414
-30.476819938599892
-31.296913013795933
-31.736488475997835
-31.969681416922356
-31.280563081376712
-30.785730955611342
-30.587698007127862
-30.67909219953985
-30.815248051271585
-31.085614599552606
-31.293978199171463
-30.801731627125466
-30.79592275713662
-31.037301846043214
-31.25613036260338
-31.510930787273974
-31.826505466988706
-32.17022341973817
-32.45295546429049
-32.502913082113935
-32.31488123221431
-32.38968403162242
-32.66641381322685
-33.06273661315688
-33.57393383851573
-33.979783029366956
-34.32906580527618
-34.60144176776548
-34.32858675431463
-33.87460132425312
-34.11315472831232
-34.50110152325226
-35.418764053043525
-36.03917853924442
-36.67654013762771
-37.27668068659963
-37.7012234427101
-37.998261574048925
-38.09884451669437
-37.814763054098414
-38.005796921056344
-38.16971157398741
-38.44938358664471
-38.834380013837276
-39.41668671515866
-39.82024493242905
-39.97188864820592
-39.83732001829226
-39.68325099870087
-39.90532810325564
-40.340757354810584
-40.541975902353364
-40.80740006773595
-41.25224404212366
-41.5969050149044
-41.3234895219942
-41.12009380483854
-41.31879192670827
-41.791919656166215
-42.77294706218095
-43.21499065261358
-43.6250093169305
-44.045492700508255
-42.737109523548696
-42.696946266917244
-42.97321520837327
-43.44355873302947
-44.66272515936353
-45.16724166489209
-45.63904265552492
-46.018627530213216
-44.78326751212181
-44.82098774031849
-45.96463000161929
-46.032009960752355
-46.34854064784355
-46.69475758078757
-47.02092149822561
-47.21192963629939
-47.51985796643854
-47.08320049205976
-47.15784019140103
-47.49304844884711
-47.949581974110515
-48.470836683449086
-48.868282551588685
-49.02755640533939
-48.88902347659479
-48.76351828952819
-48.96534428730383
-49.26838974395133
-49.64422493512427
-50.03029306843608
-51.07724508326578
-51.43253041912192
-50.163180147161476
-50.282156251337
-51.4168096654793
-51.77191467427408
-52.16626389194688
-52.52167118157449
-52.806523222620335
-52.96154620729372
-52.85012400389706
-52.828615269592234
-52.98596661781211
-53.252549577448384
-53.62894399938451
-54.036204701025824
-54.277578174332376
-54.231041871026214
-54.09973225443466
-54.15442586914964
-54.48255145357373
-54.81693931150568
-55.07801616008156
-55.1943395157537
-55.128208263186494
-55.1228420984469
-55.26735219999624
-55.56410464755708
-55.9287800135956
-56.21797148420634
-56.22002313083064
-56.06254632695225
-55.76566045211909
-56.35476417444889
-56.85945342723596
-57.403477561345035
-57.894040627933485
-58.12292862101263
-57.885388986651286
-57.46210895898288
-57.66576917203169
-57.9924085038886
-58.790096258577705
-59.23651234039766
-58.58365557716774
-58.56054901272784
-59.1338637553448
-58.96078344767069
-59.92423718313313
-60.56427706448294
-60.98583210737978
-61.33982666279412
-61.27085813049336
-61.15292445582976
-61.212814744091844
-61.47536594412923
-61.70166059874247
-61.92140550465142
-62.15028875915437
-62.151809198426214
-62.04303227059415
-62.147410483035294
-62.46488598377912
-62.87297534782534
-63.22275108691808
-63.332475232135025
-63.232412925344
-63.2802522867138
-63.475455655625105
-63.62452655469103
-64.00416053039292
-64.17626666638827
-64.13364436244741
-63.95286906425055
-64.06434004386654
-64.31010385069399
-64.57533832801622
-64.80688422392252
-65.38165506984237
-65.7716377473917
-66.3329431531229
-66.29007137793491
-65.87025222294406
-66.29238645916274
-66.81231594973032
-67.7690398167254
-72.64582875665093
-72.76533925061956
-72.9649350814148
-73.30237403996193
-73.65715257834624
-73.81873623241334
-73.74444751588801
-73.36402016736021
-73.57280259575542
-74.06761860825615
-74.56622478909384
-75.17077608427728
-75.31704395347342
-74.96722730260515
-75.1147939093567
-75.42723222834681
-75.75256331623137
-76.02599062745415
-76.18974367240753
-76.10989326800174
-75.81437516646375
-76.12125783833247
-76.40693820619647
-76.64013817759526
-76.6653801578134
-76.5964828421369
-76.64464950723115
-76.8448537825845
-77.05078020396245
-77.3091785402902
-77.5232661294434
-77.58183338734183
-77.46242930222847
-77.59929717697085
-77.90713425280349
-78.24954250442914
-78.42311949658666
-78.36000636400053
-78.31404927444262
-78.42023765472105
-78.61307060879095
-78.78554575518581
-78.85116092198963
-78.75320748514034
-78.67799422774927
-78.81883684853277
-79.03111415552331
-79.24835970353234
-82.30413531338085
-85.5868326514589
-85.63991041498942
-85.85058621667783
-86.09545652025692
-86.37150628858316
-86.55704643685556
-86.40235737485389
-86.37539968752307
-86.5569322490722
-86.83858343356592
-87.04505561917492
-87.10223185082734
-87.04065742536866
-87.05697489753884
-87.24020869323016
-87.52189281387766
-87.73775051293181
-87.79923472832215
-87.68859240838871
-87.63594442042438
-88.02493937065174
-88.45425176603332
-88.59027828685238
-88.58466585724823
-88.31144443603995
-88.44554095154892
-88.78188250738953
-89.10281204168507
-89.52817812732157
-89.6829934234608
-88.86499018187423
-89.05462659110081
-89.42734135118143
-89.89884019257049
-90.77926631158525
-91.00301132163787
-89.84763090992828
-90.13435595980422
-90.68965485885643
-91.54173319387775
-92.17969514067731
-97.46056034741028
-97.34372606099616
-97.51777201437646
-97.82300817536725
-98.07522532444236
-98.15198808608643
-97.94250611236586
-97.87842463573602
-98.10796086206275
-98.42367433269155
-98.69772047841485
-98.75751439155746
-98.64954065908708
-98.75734617939766
-98.99063504224085
-99.30895576065294
-99.64013285163789
-99.65873679782798
-99.56136484501661
-99.37402523311826
-99.62761549343215
-99.86907560058353
-99.87339687883907
-99.73963259764335
-99.77198195116478
-100.00708713125827
-100.24253835872553
-100.354241268086
-100.29615125572172
-100.25529489596428
-100.39714053337566
-100.71093407837313
-100.86820528222225
-107.15554989554538
-107.08578232686044
-107.14926494862522
-107.33208710140636
-107.45519272351468
-107.48615732718856
-107.46205314854733
-107.48375023816344
-107.59194622097843
-107.74727817669047
-107.8671047674389
-107.86742493722836
-107.82113616031363
-107.89033236589337
-108.09164127991777
-108.27347420092963
-108.32082257036727
-108.27149629203026
-108.29685616851594
-108.46358585817711
-108.65088875985695
-108.7118533983156
-108.60605429837544
-108.64277324827357
-108.79922230103296
-109.02500843474553
-109.02745483283385
-108.89347176880065
-115.09469818412568
-115.27713454580788
-115.45804456371546
-115.52705812183731
-115.47986615451632
-115.43325156330414
-115.51203478960562
-115.67777902842431
-115.81807541014982
-115.81359330717495
-115.71153557345691
-115.82490052562247
-116.04703840272767
-116.4111225292393
-116.1872758590412
-116.00518843375299
-116.15195117723388
-116.29495220253415
-116.30621501369157
-116.29937227405135
-116.37254796042991
-116.40554768751008
-116.4899113934417
-116.61047658386998
-116.6854028804118
-123.01389669723473
-123.10136174340026
-123.03081436882681
-123.21421721601428
-123.3147367963638
-123.2251246851431
-123.22336499402726
-123.38708928701946
-123.55719785955675
-123.6002773048198
-123.52580488089271
-123.51684836870689
-123.60872484078021
-125.24440044262128
-123.78994547937256
-123.6482422517287
-123.7136514551712
-123.83259446770475
-124.00671411488233
-124.00437363038463
-129.3909663147402
-130.23448080911257
-130.4018062040027
-130.62163283884135
-130.8705481760997
-130.5568164023405
-136.79035965519464
-136.91508149093644
-137.05681503871344
-137.06907730431644
-136.96589176650838
-136.97553590526576
-137.0962801529352
-137.22932887452941
-137.20564318091715
-137.13354452825524
-137.2176636038235
-137.3639125476274
-137.49384809821063
-137.53163912789353
-137.4937678993366
-137.50845001845246
-137.62471791078934
-137.75129463416226
-137.7917869284622
-137.7202346776397
-137.7179322495164
-137.87565107457738
-144.19138497496675
-144.1586453087481
-144.1018564705796
-144.18291995722853
-144.30031684307647
-144.37832103943134
-144.36065874778367
-144.3405488807716
-144.42845338296107
-144.59307181857375
-144.71306015786584
-144.72592638449157
-144.6820654698557
-144.7397644314155
-144.8408076024318
-144.9107490287921
-144.87064194460626
-144.8457426114787
-144.8908721416438
-144.99731861049307
-144.99818565678606
-151.2262510492792
-151.21109035604124
-151.38096066436648
-151.54559534864217
-151.50781230447367
-151.40229181736635
-151.43370584262246
-151.57954344544467
-151.76445316374338
-151.76594358415434
-151.69809542731792
-151.82481399174054
-151.85160837924062
-151.88496742763976
-151.86332697942117
-151.85943598593994
-151.94394905414026
-151.95337926348842
-152.0169846381366
-158.27362461579565
-158.21241357390656
-158.32431085895857
-158.4853305239676
-158.55374650450855
-158.4521558041676
-158.46499331332737
-158.60933244008123
-158.7548655146813
-158.73534127898284
-158.66369202697342
-158.71995414917023
-158.80912588102427
-158.86164505628173
-158.8308525490694
-158.80376370732068
-158.89064422207687
-159.06417685677468
-158.98059324762872
-165.21045279774745
-165.2282026967818
-165.43668985382746
-165.56720161209066
-165.45633634033018
-165.384553740664
-165.39882631468637
-165.50402947676562
-165.63715024602766
-165.60936815666724
-165.42897251839858
-165.49278896991603
-165.72305158729728
-165.73687892772955
-165.55239906433312
-165.57335600866733
-165.838120672758
-172.1107721523462
-172.076633712879
-172.03243072263936
-172.10119488912554
-172.212703678273
-172.37317308974932
-172.3402313973657
-172.2960517570837
-172.2810828342622
-172.38395618673877
-172.40836371177838
-172.3461508887349
-172.33993286746306
-172.37690205649346
-172.45496704217308
-172.3977740399521
-172.35968077656977
-178.75651869011847
-178.8489611410569
-178.87228409438993
-178.8158307229538
-178.8316022104255
-178.9221984372649
-178.99376889080446
-178.97918013526925
-178.91600697170193
-179.03581154191338
-179.02554832086685
-179.14957103006265
-179.10302339713627
-178.99799110038978
-179.08045633123012
-179.1153305250106
-185.43979239512146
-185.38179399976246
-185.53666248913552
-185.6219784329351
-185.53723652010916
-185.49565612419136
-185.50594159256593
-185.5890411701597
-185.67080647986657
-185.7118930494235
-185.68174989119004
-185.68972763394882
-185.778928842009
-185.8229505877127
-185.6957967932462
-185.71670231428712
-192.0395779267279
-192.11830199079907
-192.0694817529627
-192.01015109076812
-192.17988298553252
-192.2760544754242
-192.17599706585764
-192.1447647099154
-192.12635499066712
-192.22581083299775
-192.26662969845015
-192.32788924154372
-192.2288097873073
-192.24835606120698
-192.29177235756114
-198.67549082202024
-198.57778685760812
-198.5734631002046
-198.63892776499097
-198.69251152199493
-198.65232061127125
-198.62899725996937
-198.79246874764993
-198.81418366559083
-198.712758088986
-198.7058076970107
-198.7069072996941
-198.7666996311814
-198.81652103638527
-198.77947411175802
-198.75148781824197
-205.11869513574254
-205.16875147396647
-205.15132326126442
-205.1020021438318
-205.1393273813123
-205.2103782124238
-205.22584277012513
-205.1623453253279
-205.1425580397389
-205.21942726323388
-205.24804931677275
-205.25312331811614
-205.21223498808047
-205.2487934685259
-211.6111533050803
-211.61045889589298
-211.56100577317832
-211.56883983052106
-211.65874386371138
-211.6709490145609
-211.61214910133933
-211.6431788976518
-211.6560130991486
-211.67445017864904
-211.6572873566735
-211.61529328119695
-211.64597979441567
-211.73158620106327
-218.11239450293283
-217.98600713361282
-217.96890910197916
-218.03660743474236
-218.06397350225458
-218.02409335532155
-218.0073681362091
-218.11103983275729
-218.10121408089273
-218.04685094429385
-218.08918296899725
-218.12544997333097
-218.17325546397055
-218.08853983510352
-224.37623618192745
-224.38429448766271
-224.42577829838353
-224.46204632075765
-224.39683163870743
-224.36706485139715
-224.43477297558678
-224.50776875162774
-224.3911152701837
-224.3032811419331
-224.33958210791076
-224.4980377865285
-224.42024814917775
-230.7705575549396
-230.7589775742747
-230.80066446434478
-230.7610977444703
-230.73684337368394
-230.7654067931438
-230.78477876572674
-230.71176887825374
-230.69593845138803
-230.69636551816396
-230.72143926413332
-230.72157696034125
-230.6554407931608
-230.67532895110864
-237.06240288776192
-237.11879651022082
-237.07145671209543
-237.03906223696953
-237.08998354834821
-237.14870435448796
-237.09576271436768
-236.99077290540683
-237.025758833966
-237.06954940992628
-236.97565389215765
-236.97741096779393
-243.374335354665
-243.34738040302997
-243.33710311777216
-243.2796730757403
-243.30207970202582
-243.36553629356325
-243.37270400015436
-243.2531351041144
-243.3000163304168
-243.34297898407422
-243.3186475969325
-243.36230765915533
-243.33169271557074
-249.61770372372214
-249.76808537103042
-249.73801474137235
-249.56665463214304
-249.5725987888282
-249.6143117287657
-249.60411825751456
-249.48241683725308
-249.58850253325764
-249.54227538986785
-249.55315046066053
-249.55051582156088
-255.8046956736213
-255.87200057795252
-255.83192217588535
-255.76028987058885
-255.79123129995492
-255.83952120458116
-255.84553976823187
-255.7091937074253
-255.71944230201606
-255.7591437026124
-255.77806699890044
-255.65279703908038
-255.6562070935129
-262.0444833740022
-262.06591926409607
-261.9968582063979
-261.9512336321537
-261.99675154350797
-262.02667002110724
-261.9191572679515
-261.91606198492946
-261.964747918886
-261.9305442218732
-261.9015198697715
-268.18360422519544
-268.22413500088624
-268.25743281022187
-268.2163587475024
-268.14630874077534
-268.1659884790638
-268.23055539884496
-268.19716699133227
-268.11983592063444
-268.1369119168765
-268.18232001333337
-268.1393257641222
-274.3226705034039
-274.3503689128265
-274.3950899462439
-274.35098561810014
-274.30001988704805
-274.3166443273215
-274.37152249054236
-274.3261812953368
-274.27562459420335
-274.27155457352904
-274.2972144634103
-274.3333532791726
-280.44570810567006
-280.4424228523148
-280.4953220051359
-280.4852210856358
-280.4064055490628
-280.42353606528667
-280.4874918353395
-280.4523562530182
-280.38453778372394
-280.40798368264524
-280.42331233753316
-286.6167429965715
-286.58102225336734
-286.6008257405599
-286.58767521614686
-286.57149482633935
-286.55084401154994
-286.53202159269205
-286.5552084631465
-286.5467405949365
-286.47307689836396
-286.4684029689189
-292.76072544441445
-292.73564502542865
-292.64010779645895
-292.64939223618745
-292.6813752651412
-292.6048800694331
-292.5855693502715
-292.6086644323212
-292.61975219993803
-292.56124976502025
-292.53030613527045
-298.7965092075475
-298.81490189582576
-298.7810110610591
-298.7171093971284
-298.7114569516222
-298.76185487526817
-298.714135495434
-298.63030931769174
-298.64492654614304
-298.67224887243333
-298.5789400568876
-304.78386514456537
-304.8195025476472
-304.84512596564633
-304.7497599906336
-304.71010777816366
-304.7706450089896
-304.76565653840726
-304.68741182351044
-304.65991208883156
-304.66615335288833
-304.7212086467131
-310.83428137256806
-310.7992065175606
-310.8217585625956
-310.83754494553256
-310.74687251384984
-310.7365195011868
-310.7692480190139
-310.77709488143773
-310.66369933643836
-310.64233577312064
-316.92759981196735
-316.87719649336054
-316.7954965371
-316.7990589934685
-316.8114651212652
-316.78646814291216
-316.72267121697627
-316.72523914321283
-316.7201150633662
-316.69230017833934
-316.6848556221852
-322.86723718233293
-322.8648237617895
-322.82271379197874
-322.7526503296475
-322.7432128663894
-322.7684356093298
-322.70657477588816
-322.6591280297364
-322.66570748139424
-322.76162085861665
-328.85917358390446
-328.8011193605518
-328.84238726226323
-328.8138669266727
-328.7103704425728
-328.7221979735894
-328.7354522882161
-328.6711922106705
-328.60535118088166
-328.58019067448436
-334.8623614763825
-334.7899057814927
-334.7085487884651
-334.727342058168
-334.7397299523869
-334.67813618126
-334.6004036136519
-334.6366158367988
-334.6346826296746
-334.50744844748317
-340.7401314288128
-340.75688633463994
-340.7119401382443
-340.6178231977165
-340.6041295783957
-340.6378143971164
-340.5666651353075
-340.52117359890923
-340.4926009554662
-340.4852975030645
-353.09688348449396
-340.4208275765666
-340.3648863269458
-340.3764667442005
-340.30136659765395
-340.17863322579956
-340.157621086073
-340.1986739480575
-340.0118306878917
-346.3521019219993
-346.41437830000507
-346.3696363909106
-346.25880004289974
-346.2378305928698
-346.1924306896351
-346.12435103812896
-346.05946748249664
-346.05775818135163
-346.0217814085311
-352.196224099107
-352.1649392914671
-352.21215038399515
-352.20816792370016
-352.1240560887148
-351.95011557895094
-352.0223503786193
-351.976306910433
-351.884215742068
-358.13417432084196
-358.10978264918265
-358.04358056924235
-357.9436367806126
-358.00863395859795
-357.9638590173848
-357.873806853181
-357.7712275005606
-357.79337385297373
-357.7351941771992
-363.9402460494101
-363.86847982139426
-363.86620168082754
-363.8277985684801
-363.71817328286886
-363.69738727956417
-363.73181684064446
-363.6292091812179
-363.4873727580291
-369.8250677356206
-369.81077095861286
-369.6704268971668
-369.63368390504957
-369.7234827704375
-369.54952599148095
-369.49176403256075
-369.4885815010241
-369.42151434317213
-375.59541364295166
-375.5789031421426
-375.51984921133504
-375.4550714160801
-375.40315535106475
-375.3144602424801
-375.248747985301
-375.12529548112826
-375.17285512686385
-375.11987051190494
-381.38106905546493
-381.3328795003965
-381.1886424642609
-381.18852585169475
-381.2123129216626
-381.05319074787684
-381.0037546905887
-381.02662139607696
-380.93299944793216
-387.079736731004
-387.0780830636261
-387.0414503347335
-386.9163219481198
-386.87388268109606
-386.86211022376193
-386.77067582875037
-386.6817147443035
-386.6347611253793
-392.89077596127817
-392.78601534185464
-392.70482138434727
-392.7035395224716
-392.6217226331261
-392.55242119295934
-392.48760461497517
-392.44877976812245
-392.35407058421987
-398.5647904036175
-398.4904245255377
-398.42077757471475
-398.36315925327
-398.2800467113984
-398.2195791084287
-398.1772834805595
-398.07086760704595
-404.23722811077147
-404.2266393183842
-404.1694198980536
-404.0175556699339
-403.97225562426945
-403.96254080832074
-403.81075167069565
-403.71690053527203
-403.7370145043822
-409.9071233725628
-409.7547532934374
-409.7678827381193
-409.68152461713055
-409.53022924535134
-409.4882142463028
-409.45075302833067
-409.3007900021667
-409.21631629577206
-415.48499275493384
-415.38616625591635
-415.2855283902278
-415.2113134919115
-415.15309999960937
-415.0599903361067
-414.9849175933682
-414.8931294792006
-421.1048604962795
-421.00099944850746
-420.9024207490507
-420.8508751776738
-420.7811873349399
-420.65039780280574
-420.58080146447764
-420.5633270091593
-420.4497368338031
-426.61226567799264
-426.59261287211547
-426.49098481596707
-426.34619780252245
-426.289040469696
-426.2362506665809
-426.112051150555
-426.0083252527538
-432.2216678927517
-432.0407301265792
-432.0448233630147
-431.99272662529904
-431.95788958108693
-431.7727024289861
-431.69809194540187
-431.67477585136066
-431.5215793918232
-437.72049096148584
-437.6987095027865
-437.58515671659706
-437.44487667832556
-437.41655338133984
-437.33438455821005
-437.20982214686825
-437.16433622660395
-443.3984401287182
-443.29235009104576
-443.1779076238536
-443.1013190121809
-443.01847600829353
-442.9376939865269
-442.83099575759263
-442.7411465497114
-448.94571321420887
-448.8808229530626
-448.7544479103864
-448.71404417173073
-448.58878457754463
-448.46340065176247
-448.4150911475904
-448.34725010634867
-448.194956159087
-454.4115180900835
-454.36907871511886
-454.2158571809231
-454.1266039626631
-454.07629542779904
-453.92664857008504
-453.8053993305697
-453.7607753370272
-459.9047940992102
-459.8097244316387
-459.74151994689856
-459.66347832846475
-459.5324274148409
-459.36953255697426
-459.3530949826855
-459.27028293730683
-465.490592877868
-465.007456778997
-465.2615653127533
-465.1437245951408
-464.9548099913815
-464.86932659576024
-464.84704621495763
-464.6981272526235
-470.8243094464122
-470.80588365371096
-470.6514380671402
-470.55481205519715
-470.477791759793
-470.28720215208153
-470.2315024612212
-470.1590150871235
-476.35216212782376
-476.1884593291413
-476.119940263446
-476.05407279232384
-475.79062188027996
-475.71510534019905
-475.72610995193685
-475.573048181523
-481.7445097002736
-481.6978738752087
-481.5645648822619
-481.4184038205848
-481.2755728975479
-481.14847384220946
-481.0930877893731
-480.9963044932289
-487.27126242320776
-487.0821141185299
-486.96023552682067
-486.88560461150706
-486.7954648056887
-486.5848370558157
-486.5134673146244
-492.7487614975008
-492.6167554174186
-492.4407978820242
-492.3866033880655
-492.26577071303615
-492.0834588020365
-491.9458143824749
-491.91447088220355
-498.01199077485825
-497.927822106211
-497.83080166163495
-497.63857248923796
-497.4586997449942
-497.4225139089843
-497.1841568504742
-497.1544063968002
-503.32979528131307
-503.28193463087285
-503.10711984390775
-502.9845049896197
-502.8021189442569
-502.7364322771904
-502.59998740576094
-502.51858257721744
-508.6445215075123
-508.5045103350465
-508.4163693205255
-508.289117608441
-508.12447245434595
-508.06313394177323
-507.9794870648047
-514.0916465825641
-513.9658150512254
-513.887026626932
-513.7296018669028
-513.5024485358903
-513.4925315681131
-513.355984424153
-513.2269908753344
-518.0898954588639
-519.3307027404935
-519.1598469951615
-519.0545190886336
-518.947922085068
-518.7833733086014
-518.658169033548
-524.856115044501
-524.8485361890918
-524.5849408678661
-524.5877222528427
-524.2561231662738
-524.1836825720599
-524.0819268412765
-523.9426167501414
-530.0869601610846
-529.9671835758433
-529.8422324501823
-529.6739871557107
-529.568510128135
-529.4433605103475
-529.3114968760201
-535.8247317317272
-535.4759056226706
-535.1821330958336
-535.3366544001983
-534.910589482489
-534.7946875492336
-534.6582151139562
-534.5098282082976
-540.813203724368
-540.4687709619576
-540.5428323284505
-540.2385607530628
-540.1182043907459
-539.8455845969329
-539.8527377840226
-546.3883813715775
-545.7644865345767
-545.6555946428257
-545.5406431038402
-545.3839268527363
-545.1754115362862
-545.1078855498575
-544.9560981043198
-551.120447021133
-550.983609202144
-550.7933984160609
-550.5997516911955
-550.588439227557
-550.4165146656396
-550.2955332560047
-556.7671305730653
-556.3070186309786
-556.1448536759617
-556.0023512075514
-555.8722244657406
-555.6077923345991
-555.5620256158913
-562.4278437694721
-561.5502061970149
-561.3896251880178
-561.4558928250225
-561.1506021160246
-560.8944482456202
-560.7822001342962
-566.9286977876595
-566.8046129095869
-566.7053370550399
-566.48029476244
-566.1930458334039
-566.1957560009599
-565.9681872859941
-565.9074137386133
-572.1612079827994
-571.9139213794888
-571.7212365489006
-571.5240775038426
-571.27890453079
-571.2059636349096
-571.1624299311856
-577.4797545570876
-577.1072809557243
-576.6925535415446
-576.7291136610752
-576.6461462320461
-576.47890671099
-576.2774845182222
-582.1775172498595
-581.9684047366333
-581.9266133743254
-581.7048760276457
-581.7075327508463
-581.5479953479643
-581.4341864695041
-587.5805563160928
-587.4476556401768
-587.3263743768713
-586.9112244965248
-586.9213217981021
-586.8551502048119
-586.6927174429103
-592.8231181727571
-592.6698483328485
-592.4997548585859
-592.3682726545886
-592.1164952668703
-592.0388705534074
-591.9062406180502
-598.082553208307
-597.8339789021863
-597.6820420180292
-597.544371600658
-597.294817541522
-597.1929525511507
-597.0639216541658
-603.237696815846
-602.7645220094511
-602.8053829095445
-602.4453124779183
-602.159398640873
-602.331198301281
-602.1646688097611
-608.242006445175
-607.8812418427192
-607.770908827823
-607.5590028225319
-607.4975227750766
-607.3914094874597
-607.2623470105657
-613.139534286548
-613.0427680647251
-612.9857599820754
-612.8498039594717
-612.7439731095095
-612.5050637968891
-612.3534774974871
-618.4500379497971
-618.2283963714519
-618.1058797792483
-617.9034676740362
-617.7231322162207
-617.6232370640505
-623.6894720021129
-623.5941779839702
-624.4570893049598
-623.1940039676731
-622.9929907851105
-622.8253063745004
-628.9611608018317
-628.7850629553615
-628.5977642923983
-628.4209592103025
-628.2142576346407
-628.0511838086466
-634.7231889367414
-633.9534205560353
-633.774313545706
-633.6127617109864
-633.4034488215214
-633.234126369859
-639.8787895014565
-639.1870175356888
-639.5926016276068
-638.8285235494623
-638.6289108387656
-638.4305258763691
-644.5290701468399
-645.3532406531159
-644.1425731330487
-644.0115418453028
-643.8207956412771
-643.643483375474
-643.3990467726906
-649.484319379791
-649.2901164720483
-649.1505050641017
-648.8971264074481
-648.6876406845201
-648.573221312833
-648.3459058979099
-654.4554948575535
-654.3038159115845
-654.0830499439083
-653.943829426382
-653.7600902036827
-653.5653853465968
-660.4981605371427
-659.4275901761457
-659.2099960382959
-659.0373800312763
-658.8275819060171
-658.5828855850584
-658.4912757260583
-664.5625171032881
-664.345836674441
-664.1544898516113
-663.9877070073642
-663.7053772364632
-663.5418012650124
-663.3840854091515
-669.5322475080786
-669.2547409515406
-669.0848375297661
-668.8391667789732
-668.654469763267
-668.4787067475349
-674.5133715795492
-674.3449491810763
-674.1773723243449
-673.9137606678914
-673.7562449072216
-673.5689265013309
-673.2849678230683
-679.4584780184792
-679.2513034560092
-679.0097485600893
-678.817305463934
-678.5957497182658
-678.3460862793239
-684.4405529200484
-684.2111410142941
-684.0225553312189
-683.7727103683708
-683.5840314931023
-683.3396854645727
-683.1959819537018
-689.2867762155531
-689.0554573809497
-688.9248523002356
-688.7074951807747
-688.4541627579387
-688.2729277524593
-688.0462713011859
-694.0939288798733
-693.930878276939
-693.6629054110757
-693.4715823902042
-693.2853993891131
-693.0272161076523
-699.131194253334
-698.9350275181164
-698.6764143488725
-698.4633934876889
-698.2442461046702
-697.9975827276684
-697.7699036662832
-703.8529605596933
-703.6029634809449
-703.3996028828532
-703.2547357333541
-703.0059213868328
-702.8128135930216
-708.8906675282066
-708.6222081415455
-708.4286435700003
-708.1906215158419
-707.931096180936
-707.7303907464573
-713.7778528387234
-713.5307872642302
-713.3863759047887
-713.1514046198429
-712.8827183003795
-712.7128581520655
-718.7309221229201
-718.4977551874603
-718.3083511081905
-718.0041064925205
-717.8016466069806
-723.9004779109347
-723.5920435770246
-723.4232943542582
-723.1707548466972
-722.923635300507
-728.9757446866394
-728.7210186721029
-728.5307699384758
-728.3336465090432
-728.084837403902
-727.8333254010219
-733.8872509840054
-733.6640074639698
-733.4026678414215
-733.2135016946846
-732.9539042727451
-732.7026608733877
-732.4851225626073
-738.5402062715629
-738.3357398076706
-738.0544723402049
-737.7943087646272
-737.5351124459961
-737.2073713133113
-743.32962792856
-743.1107040585155
-742.8644798468426
-742.5838829696471
-742.3956244079739
-742.0798067150766
-748.1906352378384
-747.9663606688463
-747.7645335325593
-747.464148495102
-747.250349461267
-746.9710850039469
-746.8317330703637
-752.791262104768
-752.5513307356782
-758.5885834176413
-758.3766119758377
-758.026599750481
-757.8253608601335
-763.8851565306755
-763.5717441713238
-763.4135340927835
-763.0899227903255
-762.7887817502557
-762.6275217505922
-768.6138779598838
-768.3859816872789
-768.1176775695512
-767.7683696031908
-767.6114438138655
-767.342234550875
-773.2902974721194
-773.1223426371698
-772.8437100261211
-772.5576433294254
-772.3748626337134
-772.057265341004
-778.0890237612329
-777.8635049438283
-777.6084524756778
-777.3273322855408
-777.0840285774298
-776.7730824129021
-776.5110288603629
-782.5368952034297
-782.2050909809944
-781.9924376675749
-781.7229540721785
-781.4409555078427
-781.2269850176488
-787.191329717916
-786.8795106501474
-786.6809017485646
-786.399080472836
-786.1430006462009
-785.9344939428915
-791.9060625482459
-791.5941369594188
-791.4230574414636
-791.0890220370327
-790.8222066075614
-790.5210334287747
-796.5455224668814
-796.3364390461203
-795.9332164813915
-795.7496191898732
-795.4309208109869
-795.1018270610191
-801.1952327151268
-800.807248531459
-800.5864933743954
-800.360929583906
-800.0350608843147
-806.0454182833874
-805.7756821381394
-805.5227975341247
-805.2663305520645
-804.9624176743629
-804.6727042352976
-810.6761980406827
-810.3415619781165
-810.0644672901425
-809.9554499312039
-815.7721576739284
-815.5090943965826
-815.22960352419
-814.9112315025102
-814.667570836129
-814.3741557097372
-820.3923275892719
-820.1208239034543
-819.7521718246353
-819.5244793053797
-819.2133645325945
-818.8854947423238
-824.9269926202088
-824.6415402124005
-824.3221567565014
-824.0137272635837
-823.7158515760991
-823.495609902536
-829.4026550648343
-829.0922260433217
-828.8181660605155
-828.5019882155052
-828.1964056894672
-828.7460113012027
-833.9447705853701
-833.6322788371888
-833.3738545190942
-833.8304040214243
-832.8081383308911
-832.4274557413947
-838.4030096132789
-844.4471876112426
-844.1094004941413
-843.8292508542766
-843.4327275492143
-843.1439281197589
-849.145568069215
-848.8552882776331
-848.4491521487529
-848.2208704710298
-847.909090903816
-853.9133079007513
-853.5319697988206
-853.2626341011378
-852.9873743610215
-852.6159221179485
-852.2554707680937
-858.3214856903651
-858.0371861266574
-857.7386437493685
-857.3596644366526
-856.975383723226
-856.7060267870343
-862.7713954094271
-862.3350878325589
-862.0123536759972
-861.6721058343554
-861.4136927771794
-861.1499971478061
-867.0641207735688
-866.7653941836272
-866.4505036261933
-866.1347692420068
-865.8395716346428
-871.655080547545
-871.4061818825019
-871.135305419163
-870.786702113242
-870.4182418645349
-870.4498807768432
-876.0188622889044
-875.7638682452667
-875.4486609281183
-881.3694860666048
-880.9574019519777
-880.6750545220285
-880.4177793280818
-880.0847334165005
-879.6943942795178
-885.6192959712924
-885.2765837716914
-884.9912314106949
-884.90482079525
-884.2844264701624
-883.8471931804488
-889.8981246467392
-889.5979447767636
-889.3058871887748
-888.9869810244156
-888.6504996246832
-888.1874888335016
-894.1220523144257
-893.8558140918691
-893.4945266381978
-893.223346691135
-899.0299847639399
-898.7156590304368
-904.6912478636272
-904.33949330079
-904.017923684267
-903.711107746892
-903.2242995429624
-909.2554407675611
-908.9134566924718
-908.5580759786302
-908.2773438785703
-907.8059195170235
-907.4533887268576
-913.341905898861
-913.0428233926242
-912.7318314450388
-912.4301182584451
-912.0615839407393
-917.8406549819872
-917.5169344454562
-917.1696795880579
-916.934008952528
-916.5443900430018
-916.1267802482288
-921.9911346273707
-921.712570408259
-921.3374562120082
-921.0061335858819
-920.6561262136435
-920.3795986430334
-926.2113634592579
-932.0537786427915
-931.7228557077244
-931.4286057527448
-930.9918968606311
-930.7323559171789
-936.6244623302237
-936.1856013468671
-935.7626221631299
-935.3831192495162
-935.0884293042657
-941.0009829779159
-940.6569632229995
-940.3204353497014
-939.9597601110194
-939.5404706951393
-939.0519737883961
-945.0122242458351
-944.6799831200296
-944.2652926991997
-943.957531181303
-943.572805743866
-949.5273141235834
-949.0773612149663
-948.6295917644323
-948.2557835801045
-954.2087519865324
-953.8787512995264
-953.4765663345231
-953.0664381400435
-952.7286768069977
-958.6301500910322
-958.1733360230419
-957.7582899866738
-957.3384482878322
-957.0065451965821
-962.9478948504018
-962.5407690356969
-962.1780026346784
-961.7770952235242
-961.4262040504917
-961.0647133815653
-966.8565535250976
-966.4429401777618
-966.0225436565418
-966.1560816454659
-965.2822981151112
-971.2128696245013
-970.8554252113094
-976.7244932291188
-976.3301999500765
-975.955693117059
-975.535454352112
-981.4254036137584
-980.8940584253531
-980.5137896541704
-980.1083781189765
-979.7239295861971
-985.6552148421438
-985.2505963453465
-984.8711819610367
-984.4729488242541
-984.038646567035
-983.6883876713266
-989.569385732934
-989.0823463002747
-988.5525231217424
-988.1774004017022
-987.7877092870333
-993.6716675509233
-993.3137846455443
-992.8796078636425
-992.4603929774844
-992.0781847152225
-991.6363571592863
-997.5893651230899
-997.1386050923187
-1003.0360890691958
-1002.589402035548
-1002.1872512833212
-1007.9804206817556
-1007.4708531616316
-1007.0778522946649
-1006.6227101033904
-1006.2181744087394
-1005.9122704504247
-1011.6953222858474
-1011.2628153655367
-1010.8257480171627
-1010.3804712308586
-1009.9999179416919
-1015.8371782425105
-1015.456417196369
-1015.0113233535644
-1014.5876633115361
-1014.1930543730472
-1020.0363838843575
-1019.607632377502
-1019.1420628985951
-1018.718348381223
-1024.6141880884838
-1024.036155490068
-1023.7321749036818
-1023.4194736034719
-1022.6644104769053
-1028.5041487674137
-1028.0850351544182
-1027.5978288633248
-1027.1340297957865
-1026.9408518892876
-1032.5403806562338
-1032.129205186212
-1031.652275627783
-1031.479593930961
-1030.74766548608
-1036.6004549076345
-1036.1547530073367
-1035.8687204528742
-1041.490178727135
-1041.053366898176
-1040.5510432222281
-1046.4545977529756
-1045.9421216160324
-1045.4675025813654
-1044.9997630282512
-1044.5333708020626
-1050.3949127006006
-1049.9053155055537
-1049.4673183513094
-1048.9418029729263
-1048.6342822519891
-1054.3079418998275
-1053.7974400749206
-1053.3652227881782
-1052.8278566147956
-1052.3993142828706
-1058.1879752667687
-1057.732313159024
-1057.2823157969844
-1063.021890808364
-1062.5705159530842
-1062.0042425062964
-1067.84762441778
-1067.3187369783589
-1066.849733900843
-1066.3748561612592
-1065.891564480303
-1071.7159285286675
-1071.2109713321306
-1070.711749272801
-1070.2009706895667
-1069.687719929365
-1075.5325930149045
-1074.996889907795
-1074.5572967662504
-1077.8972031692529
-1079.8039968043518
-1079.1624141882244
-1078.8568221292228
-1078.3118167487244
-1084.0836843686604
-1083.6671926734666
-1083.1429238238186
-1082.6703693013428
-1088.4321284261237
-1087.9728478588436
-1093.7434990379297
-1093.2441397795767
-1092.7638838669436
-1092.2586304908777
-1091.7606460399463
-1097.4972955721346
-1096.9997479400297
-1096.5365306636522
-1096.0020872331445
-1095.556062279594
-1101.28343450668
-1100.822564382655
-1100.2608256613453
-1099.9351839485826
-1099.5578878120562
-1105.2842782523744
-1104.8092318311715
-1104.2582196695123
-1103.80629017438
-1109.5451105410923
-1109.0645348286087
-1114.76902324901
-1114.2601658785934
-1113.8251749856884
-1113.282482355952
-1112.7872465357796
-1118.498037698411
-1118.0113311664006
-1117.4698524511018
-1116.95718483872
-1116.46263553232
-1122.2681982992526
-1121.7793922045107
-1121.1956565348162
-1120.7143555992673
-1120.26748191503
-1126.23335930439
-1125.762538372321
-1125.1940906094856
-1124.684610145971
-1124.1308432571357
-1129.9571491532017
-1129.3289846715531
-1128.8240509145583
-1128.3675642318751
-1134.1133477990174
-1139.9338104801354
-1139.3694203473435
-1138.8495150278218
-1138.3285274412494
-1137.8110930011585
-1143.6743130303414
-1143.3154243408376
-1142.7723664471328
-1142.2405004267746
-1148.0156567333484
-1147.46559832143
-1146.9335484125106
-1146.390754460682
-1145.890982858229
-1151.621106979351
-1151.072916346396
-1150.524277517149
-1149.9990621217637
-1149.6120875107242
-1155.4873190692217
-1154.9580107700474
-1154.4177088823692
-1153.8560226129575
-1159.6435290201705
-1159.070566146649
-1158.5441479056535
-1158.0029246632344
-1163.7690084086703
-1163.2084161264434
-1169.0652549362778
-1168.7115589484295
-1168.102607566797
-1167.6058138707479
-1167.0228542112986
-1172.7707494845397
-1172.2132882227197
-1171.6875169716934
-1171.1155104434356
-1170.5697396799108
-1176.4625720024205
-1176.000962204356
-1175.492592744161
-1174.8857702450089
-1174.3839744587015
-1180.0752286859629
-1179.535441723454
-1178.9667701068033
-1184.6982690966997
-1184.1389130586927
-1189.9778848577703
-1189.5933644754039
-1188.9969389185678
-1188.4733937265455
-1187.8897736321635
-1193.6080782477634
-1193.0381166245
-1192.471212171578
-1191.8860707459196
-1197.7461366020475
-1197.331820978865
-1196.736492325323
-1196.1984948786148
-1201.8755015389954
-1201.3329168231814
-1200.7361505287681
-1200.1711744144063
-1206.0397783049195
-1205.5527982914896
-1205.0439350582067
-1204.4060870155133
-1203.8823960522773
-1209.5543208427869
-1215.280355338668
-1214.6496999995888
-1214.2398359840288
-1213.8200119668813
-1213.20719715828
-1218.9216096927105
-1218.3011763938719
-1217.7434236488364
-1217.1368667211964
-1216.713637423782
-1222.5408906022915
-1221.931453879252
-1221.343750866985
-1220.740599560411
-1226.431152972977
-1225.8460818757205
-1225.251458099101
-1224.7841697368249
-1224.3573392437704
-1230.0383157032736
-1235.693474917408
-1235.0993378675153
-1234.4986102777702
-1234.0535615435058
-1233.586549801079
-1239.261903758039
-1238.6300765550213
-1238.045999180155
-1237.3983096294064
-1243.086351623653
-1242.6325278572372
-1242.1745388341421
-1241.5462510381694
-1240.9792531877904
-1246.5974684253913
-1245.9998358783673
-1251.810903885078
-1251.342896108062
-1250.7593171538963
-1256.3649697152243
-1255.7886725891412
-1255.1149296700694
-1254.523367485687
-1254.0139256700045
-1259.844899319238
-1259.1941383821384
-1258.5925873804888
-1257.9585482038333
-1263.5974638898088
-1263.1615975228392
-1262.6307861809212
-1262.0386862912242
-1267.6557398970688
-1267.0435255353368
-1266.3860371936964
-1265.9210497462032
-1271.723550884644
-1271.0767385771792
-1270.430816413733
-1269.7938594247319
-1275.5783190524307
-1275.086985652
-1280.7466130138985
-1280.0948193392867
-1279.448953182177
-1278.779110941167
-1278.3346231199205
-1284.0634945435809
-1283.439483915683
-1282.7768804969846
-1282.1546344968208
-1287.9171126152721
-1287.4272990904738
-1286.7928855777304
-1286.1082834509896
-1291.742927641807
-1291.2239791197278
-1297.0291038683633
-1296.3578373332718
-1295.7222783937555
-1295.024334713229
-1300.6551574493758
-1300.1342114477554
-1299.6359113765175
-1298.9564135497112
-1298.3068002546088
-1303.9053133066097
-1303.4299024824716
-1302.9285979956037
-1302.233734782749
-1307.8435289210959
-1307.1518908481662
-1312.9597828946862
-1312.4189742341766
-1311.7635694333444
-1317.3417779046888
-1316.674730376746
-1316.1505170421183
-1315.644209007399
-1314.956875991384
-1320.5775695587567
-1320.0535260825302
-1319.535141175873
-1325.1344882963754
-1324.4330019701797
-1323.745398214519
-1323.2110235356758
-1322.7295272225078
-1328.2785626770801
-1327.6177851752832
-1326.8946481036146
-1326.3848770959382
-1332.139273799402
-1331.4549035902091
-1330.7288320676214
-1336.5280824131612
-1335.9734274485027
-1335.2906297228317
-1340.837881256656
-1340.156737571659
-1339.606146052167
-1339.076099919518
-1344.6786668529687
-1343.954529808859
-1343.412000205947
-1342.8884089107469
-1342.1924894641447
-1347.739095008777
-1347.0315349816724
-1352.7973644619785
-1352.2526993260235
-1351.5143189893668
-1357.093848069273
-1356.512745522775
-1356.0159191047187
-1355.2958799595638
-1360.8567403318234
-1360.296924898059
-1359.7707849394524
-1359.0348253780874
-1364.5980661327574
-1364.0593692514612
-1363.4860473672243
-1369.0649233401386
-1368.3206622910518
-1367.58845228912
-1373.3092635056144
-1372.7989861801434
-1372.0393680917944
-1371.3067868411113
-1377.0209440209483
-1376.4933191293474
-1375.7310379860048
-1375.0028183381305
-1380.7137733850777
-1380.1772301299713
-1379.4237691259161
-1378.71489167152
-1384.397026855711
-1383.8615069196428
-1383.0919061184309
-1382.353026855564
-1388.053598170814
-1387.5186655534205
-1393.0358652954437
-1392.3091207248497
-1391.7373678229285
-1391.1620330959556
-1396.6866297949343
-1396.1160981776295
-1395.5612048276746
-1394.8011940077483
-1400.3157649418147
-1399.7352001733586
-1399.1961248993919
-1398.4186742826885
-1403.9561456803285
-1403.3652653990875
-1409.0943023416366
-1408.2995752433071
-1407.5476209651747
-1406.9432442893105
-1412.6869393720033
-1411.8984888809712
-1411.3556915959448
-1410.74857032028
-1416.2629811885924
-1415.450790809983
-1414.9213536578904
-1414.297688183955
-1419.8529221446845
-1425.3069992033215
-1424.7778805446837
-1424.1571796468604
-1423.3979975203856
-1422.7863717495452
-1428.4949549891373
-1427.6861837708623
-1426.9385131466975
-1432.6123406378938
-1432.0250074064975
-1431.2352728727128
-1430.6668382446444
-1436.3499919192393
-1435.56596108516
-1434.7452109537114
-1440.446111501978
-1439.856293354166
-1439.0644242908193
-1438.4686981289965
-1444.151978008278
-1443.3495104400288
-1448.8241509336654
-1448.2119533491502
-1447.6233571707896
-1446.841779961642
-1446.2237668404077
-1451.9170467203833
-1451.098940953257
-1450.296042595376
-1455.9710455686177
-1455.3698950785372
-1460.8291007286407
-1460.2602304743002
-1459.6203208217978
-1458.8166701120697
-1464.4713633488004
-1463.8696503125188
-1463.0371418593272
-1462.2526509241925
-1467.8874353697697
-1467.3056364617503
-1466.45695560003
-1465.8556588777287
-1471.506522631856
-1470.713706684588
-1476.3466555823968
-1475.765462362389
-1474.909526076755
-1474.2979068830052
-1479.9430833693443
-1479.1395496141022
-1478.2826572767283
-1477.6866981587755
-1483.3143056269191
-1482.4960949599283
-1481.8580628619284
-1487.5428957681454
-1486.6621483092356
-1486.0687138611984
-1491.6965091934355
-1490.8735454305306
-1490.2322716251722
-1495.8918316026718
-1495.0216922612997
-1494.4244989900915
-1493.7360165386017
-1499.2021325664334
-1498.568791117181
-1497.9468440653716
-1497.0605571551416
-1502.4863576851062
-1501.829997228434
-1501.217446702567
-1500.356380785693
-1506.0181372601562
-1505.3274673968674
-1504.4765070130186
-1510.0758811983148
-1509.487299479079
-1514.8851856722317
-1514.2380308537877
-1513.5695674098126
-1512.7239045368567
-1518.3030620263605
-1517.6976059558706
-1516.8226493673985
-1516.18303606211
-1515.49892492352
-1520.9007070989428
-1526.5280274916383
-1525.8727249951842
-1524.9929455381173
-1524.3278484260406
-1529.9539165784036
-1529.06192368218
-1528.4111640914018
-1527.734718775269
-1533.3706623644373
-1532.659989686513
-1531.7989813912643
-1537.408632600135
-1536.7467964468344
-1535.852613931247
-1541.4835568082738
-1540.8013537134195
-1539.863886415268
-1545.508078331742
-1544.8275024148493
-1543.9269507119045
-1549.5427337139176
-1548.8608177617605
-1547.952097831629
-1547.2685210992754
-1552.876731921837
-1551.968142018374
-1551.2937128623887
-1556.890650033277
-1555.975214583789
-1561.5581329268225
-1560.8887750313752
-1560.219479206307
-1559.5282109775255
-1564.8670537916537
-1564.1931774532593
-1563.4791641286988
-1562.5990881024572
-1568.1677998783741
-1567.4896261567037
-1572.8080915152213
-1572.1436245939651
-1571.4292049684238
-1577.050659590407
-1576.3180763315488
-1575.3991251821935
-1574.6742152483666
-1580.2632059998252
-1579.3347764560547
-1578.651769768794
-1584.229467005227
-1583.2831447284052
-1588.8788333851899
-1588.1721762149973
-1587.4715665587032
-1586.7718116811861
-1592.1145367916797
-1591.393553385394
-1590.6775830019235
-1589.7494119064336
-1595.3388209047025
-1600.9095542920181
-1600.1817200775006
-1599.4683558963227
-1598.5313238302303
-1604.0969318605114
-1603.399143868456
-1602.4083922776292
-1607.9902294078354
-1607.2676443162193
-1606.594863883794
-1605.8346541945382
-1611.177637022278
-1610.4222731488146
-1609.7469704906432
-1615.2824171830937
-1614.592984755615
-1619.883449135393
-1619.1772994169794
-1618.4291935015945
-1617.4791477440433
-1623.0528071883289
-1622.3129062846228
-1621.578478317701
-1620.8470053310891
-1626.1807352922094
-1631.714421750676
-1631.031029077419
-1630.2591999385213
-1629.5402980730648
-1634.8427584596507
-1634.1338852329907
-1633.3526197295846
-1632.6684922554532
-1638.1779609552812
-1637.2291638777795
-1636.4813263010903
-1642.0198586153617
-1641.293347504867
-1646.8414849894093
-1645.8518803666955
-1645.0975413056642
-1644.3454383998626
-1649.8933049379368
-1649.1528933161126
-1648.1811561194775
-1647.4419728714306
-1652.9643927332365
-1658.5041428855936
-1657.7388823635347
-1656.7855164659659
-1655.982652030364
-1661.5528342731734
-1660.7499848036114
-1660.0549850158345
-1659.0519327501406
-1664.5843849848932
-1663.8240787916934
-1663.0676402336658
-1662.3142555553454
-1667.5464631864716
-1666.8329065036557
-1666.0634332721697
-1671.5928655719556
-1670.8431116767022
-1676.3797620050761
-1675.6051627669449
-1674.597900426261
-1680.1099367485779
-1679.373198566987
-1678.5610141489706
-1677.836623487278
-1683.0732032152487
-1682.318840742879
-1681.552389951022
-1680.7714383646282
-1686.312899072521
-1691.8184690844957
-1691.037875253725
-1690.026715053371
-1689.2767955018858
-1694.777673060324
-1694.0027469576546
-1693.2079905071105
-1692.453673258989
-1697.9535653493863
-1703.210803125722
-1702.4172437042762
-1701.6665975857015
-1700.8615424975449
-1706.391712177907
-1705.5863802975105
-1704.8437089251245
-1710.0722080697167
-1709.280729989093
-1708.4986680208679
-1707.6999032011795
-1713.218870417816
-1718.7228063609248
-1717.9383935992587
-1716.8660400637007
-1716.12832064612
-1721.5920025030084
-1720.8340599030355
-1719.9916215386295
-1725.5156046547304
-1724.6989077060227
-1723.64461438217
-1722.8831362554156
-1728.3355604596875
-1727.5599100474371
-1733.0077357800183
-1732.2382374092092
-1731.4248798759145
-1736.9348831175785
-1736.090335411446
-1735.0153196065132
-1734.2044233341926
-1739.7016041815846
-1738.9297919402206
-1738.0920098333252
-1743.5758609270902
-1742.7295631840288
-1748.2594664827875
-1747.4101150607166
-1746.6225638883482
-1745.8141408280787
-1751.0002229612296
-1750.1543177983183
-1749.3560797446828
-1754.7974216044472
-1754.0041069741726
-1753.1536976872203
-1758.630718374402
-1757.8638182935124
-1763.2862038131732
-1762.4809146519644
-1761.6198681450692
-1760.5365632646783
-1766.0173304532912
-1765.1702279573942
-1764.3459575790391
-1769.7658950154337
-1768.931286147882
-1774.3976226559234
-1773.5474557083205
-1772.7625708199978
-1778.202810869916
-1777.3172737580915
-1776.2674676523643
-1775.3526270981545
-1780.812317064695
-1779.9744562216663
-1785.3886884347173
-1784.531423962141
-1789.9767717297698
-1789.1492662619662
-1788.2802174564024
-1787.5051046482902
-1792.8446149604392
-1792.0284782600422
-1791.1416959862922
-1796.5815881820438
-1795.7309872998333
-1801.2039781648225
-1800.2790676621657
-1799.1255254319385
-1804.53815943954
-1803.6674303009795
-1802.8572416327186
-1801.9198732451582
-1807.3332339315098
-1806.4620733493912
-1811.888451675897
-1810.9851596860801
-1810.0963021581808
-1815.5244060296986
-1814.6450832754458
-1813.8633908033262
-1812.910056431804
-1818.2770901082822
-1817.3989786579193
-1822.7793331433443
-1821.8729989781132
-1821.1352573555
-1826.407573620848
-1825.489800703837
-1824.5882278077108
-1829.9710118326143
-1829.069824088699
-1828.1420843276605
-1826.9386991921333
-1832.3387814491923
-1837.7021279560481
-1836.8095117853782
-1835.8669023107382
-1841.277091968185
-1840.34124637944
-1839.436948438142
-1838.4977541499163
-1843.8366417934526
-1842.8977955051375
-1842.0247136764108
-1847.4169623036878
-1846.464775043415
-1851.8485414321653
-1850.9433378633153
-1849.986147905836
-1855.3673690408993
-1854.418090189027
-1853.5064468260762
-1852.5408100259942
-1857.910045770519
-1863.2394577050268
-1862.3109569634476
-1861.3801387040874
-1866.7074118905339
-1865.7911066409813
-1864.8240035464198
-1870.2049515182307
-1869.2398483068855
-1874.602584099567
-1873.5595204495514
-1872.7128341228179
-1871.767087355329
-1877.0996344631076
-1876.1800610937858
-1881.5036640216001
-1880.5521689174145
-1885.8880867933747
-1884.8795197780064
-1884.0067168657865
-1883.035003243273
-1888.3837339391332
-1887.4212989781624
-1886.4825114224516
-1891.8108303636966
-1897.1295099323124
-1896.2052794221684
-1895.2405573468411
-1894.315971763454
-1899.879347450163
-1898.999840517981
-1898.017134190404
-1903.342882844608
-1902.4221095931582
-1907.717147009731
-1906.6936077402706
-1905.8230772507416
-1909.4430578418514
-1910.1955016848542
-1909.1706899051776
-1914.2470027138547
-1913.6284096860848
-1912.6819810391664
-1911.6583558909842
-1917.0428430446855
-1922.3766426378527
-1921.4126256408604
-1920.4890962518557
-1919.487207640512
-1924.8384639683225
-1923.870520523899
-1922.907786900836
-1928.2261562062477
-1927.2501258250659
-1932.9038120382652
-1931.9297296837235
-1930.9970944801826
-1936.3074005633143
-1935.3581448411273
-1934.3650671387768
-1939.6852830737464
-1938.6108109174388
-1944.0241674843444
-1943.0618441296422
-1942.0706046171417
-1947.4041286683212
-1946.4412888964403
-1945.4592736252744
-1944.4806590874548
-1950.1413406084525
-1949.161877082791
-1954.4164350784333
-1953.4154926064891
-1958.7909372979827
-1957.81612331315
-1956.8226775142998
-1955.8696622585826
-1961.1987916434464
-1960.1412488573367
-1959.2209371397812
-1964.4884776155188
-1963.5478867351128
-1969.1925426017367
-1968.208536946938
-1967.2376319915434
-1972.48728382748
-1971.506489278595
-1970.563710393128
-1975.8791081838365
-1974.8862971446395
-1980.1841828615886
-1979.2182630491866
-1978.211555365337
-1983.8606016291635
-1982.8413651138508
-1981.8600937942444
-1987.177101865263
-1986.1594076242368
-1985.1826096526524
-1990.468581328966
-1989.4670729222341
-1994.7781845939712
-1993.7719877007044
-1992.7931486764028
-1998.3833394075205
-1997.4066431377005
-1996.4073399923254
-1995.422668319619
-2000.7129189440782
-2005.9844815434774
-2004.993514668724
-2003.9830720642678
-2002.9747843494015
-2008.5953910974995
-2007.5820257606304
-2006.5853857952834
-2011.8519990275329
-2010.85862958548
-2016.1125406980827
-2015.094884547764
-2020.3742492134365
-2019.3595642373773
-2018.698864867413
-2017.6864498630907
-2022.959370396113
-2021.9256391313602
-2020.8939790872234
-2026.1976284118548
-2025.1582090010265
-2030.779274379147
-2029.7270850719217
-2028.7247011003687
-2033.9909545438097
-2032.9248345729043
-2031.9207954621882
-2037.1761135874085
-2042.4267992757675
-2041.4314429852725
-2040.7007094929404
-2039.7345324739347
-2044.948267018442
-2043.9067882055076
-2042.8731223895657
-2048.109061407408
-2053.373811641191
-2052.676681818504
-2051.6372464897527
-2050.593563824416
-2055.823415906006
-2054.77516796996
-2054.06565075314
-2053.052484363883
-2058.288394434883
-2063.523239343792
-2062.4926143587136
-2061.465872171008
-2066.664541930605
-2065.9525443415087
-2064.8913087558262
-2070.145767452369
-2069.0692301200115
-2074.306847387598
-2073.220545501156
-2072.1643680051734
-2077.74084999079
-2076.675659579199
-2075.6470985665014
-2080.8416077105658
-2079.8103288848456
-2085.343665421447
-2084.283453558089
-2083.22963845525
-2088.4158444990458
-2087.404135620801
-2086.275455056433
-2091.461319195829
-2090.777352823253
-2095.9611733984034
-2094.9207204514273
-2100.116903043477
-2099.0452930668744
-2098.3038229623944
-2097.2132220066824
-2102.4272462706367
-2101.320006847557
-2100.217070654402
-2105.784082902296
-2110.97902011932
-2109.932295215187
-2108.8148040292153
-2107.7391600104506
-2113.3042337510383
-2112.1599553697165
-2111.1351295343834
-2116.2869868728103
-2121.431696201836
-2120.35036423132
-2119.250868456567
-2124.8004002731345
-2123.6977914611552
-2122.6049632625613
-2127.776858945715
-2126.6761094416206
-2132.220165369699
-2131.1249524937416
-2129.9911493456284
-2135.1637046912883
-2134.05399336794
-2139.600381140438
-2138.477722922494
-2137.36786968464
-2142.8943526644193
-2141.792573462321
-2140.674700605193
-2145.8119258361435
-2144.697943295815
-2150.2271466500683
-2149.1015870188357
-2154.2778553186204
-2153.1364845542107
-2152.0258718980845
-2157.5520901953614
-2156.4148992801297
-2155.3082616298934
-2160.4345685200283
-2159.2809395028908
-2164.839289500444
-2163.6785529697986
-2162.5836704756543
-2167.725223711171
-2166.573501606939
-2166.1962371195204
-2170.947777772517
-2169.8075366630983
-2175.3381302570865
-2174.182082944345
-2173.0682700856364
-2178.1747603977133
-2177.017099964509
-2182.553102899826
-2181.3843035473938
-2180.2643404700375
-2185.3865441402204
-2184.2288587079192
-2189.776874805655
-2188.597145987374
-2187.4571596577052
-2192.9580292232918
-2191.7877922807234
-2196.9167849327673
-2195.7430813690203
-2194.572302406115
-2200.110126944114
-2198.922924807854
-2197.7781113922474
-2203.2633348853774
-2202.1077597266467
-2207.2250803400866
-2206.0508072089465
-2204.8910570102853
-2210.3830130692113
-2209.2100605727815
-2208.0516645089347
-2213.533018988568
-2218.648317827671
-2217.467396708984
-2216.2786515690036
-2215.116439197144
-2220.5925115596488
-2219.419874917122
-2224.534752571933
-2223.7082519165892
-2228.8283132736174
-2227.639337354885
-2226.461542717688
-2231.580557697315
-2230.7542980998164
-2229.597198858726
-2234.674919606366
-2233.865143272588
-2238.9697270599004
-2237.7700328350597
-2236.9566840875673
-2242.0478377271056
-2240.8269603968056
-2239.6298608744924
-2244.7116598232355
-2243.8943063706024
-2248.9792840570703
-2247.766186365883
-2246.9606793831676
-2252.0407319408937
-2250.8060470765317
-2256.320820927398
-2255.1368323610736
-2260.1999834961616
-2259.3928523393456
-2258.192580392517
-2263.2622129564907
-2262.043377136918
-2260.8297934198567
-2266.2895131878977
-2271.346197626945
-2270.1160386590605
-2269.308427191563
-2274.349298682858
-2273.1250043992795
-2272.3071970281826
-2277.3616511593614
-2276.1464334781467
-2281.595923561772
-2280.3637735230454
-2279.1448102865675
-2284.593718956663
-2283.3766971482178
-2288.423801373276
-2287.1910382628444
-2292.2384331634885
-2291.4058718062556
-2290.186720967018
-2295.262140392576
-2294.412947690646
-2299.4800013688987
-2298.2369386869113
-2297.410342514115
-2302.4719177296715
-2301.199083015223
-2300.3963566461675
-2305.4357623899136
-2310.4530784385647
-2309.645973149664
-2308.383299931172
-2313.3968197996765
-2312.6034976255487
-2311.30747063191
-2316.36830228209
-2315.5167668302356
-2320.5488413142257
-2319.2951846147716
-2318.4573780364544
-2323.4466536941677
-2322.2380668592314
-2321.357543463708
-2326.4231940647837
-2331.4490256459944
-2330.580146365359
-2329.3532707490544
-2334.3837608684616
-2333.546809431905
-2332.3034789925982
-2337.3255696687434
-2336.4858862903893
-2341.397145595439
-2340.2219708088633
-2339.433455489611
-2344.536725539891
-2343.2732676528753
-2348.7537533880977
-2347.5069254812515
-2352.5493030105586
-2351.7701429427366
-2350.4619067165077
-2355.5092575521126
-2354.659650602439
-2353.404522822299
-2358.391273732396
-2363.774916445206
-2362.505208994701
-2361.0878346496866
-2360.2885153715283
-2365.391662911328
-2364.1479458557187
-2369.5366134948677
-2368.299361179133
-2373.3466398147293
-2372.453814340372
-2371.253919045268
-2376.301264365541
-2375.3871578942935
-2380.447497065235
-2379.2410418924505
-2379.1494233973817
-2383.4089334890364
-2382.0382290788193
-2381.3243826809544
-2386.3839633690336
-2391.3390148766707
-2390.635521506247
-2389.7301370086843
-2394.842603535771
-2393.5946662729157
-2392.7113378136532
-2397.8570132562736
-2396.579968874347
-2401.1403255497858
-2400.858896434592
-2405.8562482224283
-2404.948912907026
-2403.879691446977
-2402.592820400173
-2408.1048471460845
-2413.1749775392927
-2411.8471596037175
-2411.386995196768
-2416.3142273939616
-2415.1069592719223
-2414.428156893389
-2419.651535099547
-2418.707143358101
-2422.5190768626203
-2422.12667120072
-2428.0882025328965
-2426.7954557378353
-2425.9134052196896
-2424.903832495124
-2430.013086318642
-2431.537885328546
-2434.2441546086256
-2433.0608366539013
-2438.552659507584
-2437.801444407236
-2437.030244475325
-2441.906827970735
-2442.161159427044
-2445.5652902427673
-2444.4213686869216
-2450.4634302840022
-2448.963983983766
-2448.2120978164353
-2450.5786927488866
-2452.802929236276
-2453.5787902867296
-2455.32717116663
-2455.68865653224
-2461.1678296715277
-2459.514505992152
-2458.9277085807907
-2464.6251632793073
-2463.677592110473
-2462.732139801302
-2467.4031202972315
-2473.4288579223726
-2472.4720709299395
-2471.4802433251466
-2470.998456248478
-2476.340904914832
-2475.144229689792
-2475.222976371725
-2478.929334910324
-2479.87822988499
-2480.939933242244
-2482.248659157446
-2487.08649710821
-2486.4119479701494
-2485.892198497679
-2489.407338058925
-2490.785370177922
-2491.6388494830926
-2491.4443526497353
-2494.1321001108536
-2498.5921241736073
-2498.1926635782697
-2497.250338535789
-2503.5876320579932
-2502.132213283275
-2502.481495463665
-2503.9140539906666
-2511.28662621761
-2511.2428318641173
-2510.1024416992113
-2509.846960364296
-2515.3079194824873
-2513.9203447760624
-2513.742907649667
-2518.7940040574567
-2518.3239943298768
-2517.732143072308
-2521.009999432799
-2523.0175672252735
-2527.4221878120256
-2525.287081873635
-2527.031407330573
-2531.08467746842
-2530.1779167920354
-2529.6302070677793
-2535.6705746912176
-2535.2616130394517
-2535.804252511483
-2536.298378438149
-2541.6396434886406
-2541.165591328152
-2541.3408283888725
-2544.10679222455
-2546.0929966644126
-2545.8356984396605
-2547.3862766123257
-2550.3532363033437
-2552.943595287334
-2552.1988562403126
-2552.963737705863
-2558.632830312218
-2557.7009511545148
-2556.926176025332
-2558.8372359560412
-2562.380984996004
-2562.6941935103323
-2561.4103807266088
-2567.0883108768553
-2567.1994739249294
-2568.1098634090854
-2569.264890935076
-2576.104617039452
-2574.1870436203826
-2574.5032700805295
-2573.6431374299445
-2579.239183165504
-2579.2853653322745
-2579.7234384395674
-2583.9958641531243
-2583.7387611244017
-2585.137472628072
-2586.7224895347413
-2590.402255097145
-2591.9664310733588
-2591.095725844892
-2591.801961249154
-2596.457092522624
-2595.825909309692
-2596.1829690936524
-2599.5058777066756
-2600.441156585826
-2599.576923501681
-2602.4953694093415
-2604.788935334018
-2609.1469317501183
-2608.082120823889
-2608.0194612933506
-2614.043225315474
-2613.1419492472205
-2611.993167229307
-2618.290365194548
-2617.5814935332537
-2617.6101666695663
-2618.575144026549
-2622.600208780314
