-0.3301519642012128
0.2413722079866408
2.353266830447627
0.03533465207206653
-0.048541996015830195
0.2381297997578633
1.20965210604603
1.5265507009579589
-0.7655755662437117
-0.1530208882990435
-0.1082912196757803
-1.5056752152758461
-1.9361114413282077
-2.179469596013738
-2.3910133078534064
-2.476119143242722
-2.282377693493333
-2.19851426661837
-0.00682822132954319
0.25040523904310796
-2.3074712652596454
-2.180429967929286
-2.3142039266060395
-2.539400221014619
-2.42286496770114
-2.1822945467609487
-2.229096876765093
-2.479162767254319
-2.4723621607335597
-2.2042648878612265
-2.1295237007513594
-1.091456446467713
-0.9418947599461702
-2.3250265707761057
-2.1458507630058694
-2.312138668922031
-1.2050555005487604
-2.4243483266736443
-2.2491015239478553
-2.3128761455553093
-2.5287361308125877
-2.5243561408589485
-2.3653111712037105
-2.292967553920724
-2.449436810529972
-2.5167753959665586
-2.405754450470862
-2.2973819205130477
-2.36389341921725
-2.47033835458687
-2.403440268629797
-2.3058903657282497
-2.333702938924567
-2.4505928147769644
-2.426231385235286
-2.3734224614440644
-2.396387447787136
-2.5019778504531383
-2.460454825757731
-2.3651091017170858
-2.3867499246195543
-2.5177298569596487
-2.4878716051238223
-2.3182400313857827
-2.314865925486018
-2.492807226917884
-2.5487874869637626
-2.385812426327045
-2.259530283654867
-2.4113894042065716
-2.562333090046824
-2.465085705118256
-2.2650910991530466
-2.4079240302205576
-2.5950660189502623
-2.616169115814941
-2.4423134811757192
-2.3992558559822723
-2.576348851775831
-2.698646004682954
-2.534832897130975
-2.4329683240168793
-2.523803146801531
-2.6497439100250184
-2.6515195120109945
-2.5371761290306165
-2.502444806561524
-2.610385590794207
-2.6323671982686796
-2.5978465431836897
-2.607992994475475
-2.6992664851487294
-2.628543436968548
-2.6395293624338567
-2.683530953706177
-2.7181666286721757
-2.6862679425505385
-2.709003496800308
-2.7481424447700946
-2.7697845048625047
-2.8403525072435274
-2.656738816230682
-2.6214344083339203
-2.7641412443228774
-2.898321463906705
-2.759411849635599
-2.6636108610676703
-2.77933539004346
-2.8911093283899016
-2.924020816742339
-2.786978858641684
-2.9361897115740203
-3.0224051364656646
-3.0122514156843563
-2.999017686779814
-3.103201535419358
-2.9300797997587957
-2.9723730467785177
-3.010180747218987
-3.030333272379163
-3.086482831875788
-3.0494157405543825
-3.0497753966829086
-3.079725551585392
-3.119105391245498
-3.119996430864148
-3.0995352921114216
-3.117879897803727
-3.357208610875402
-3.1977394223621087
-3.1603630497767767
-3.1720629928844546
-3.2516012969393375
-3.308080493751671
-3.286137108811371
-3.2454786284454724
-3.287156025741382
-3.3584179155997913
-3.3648793717865866
-3.3327784990398817
-3.3661382764858043
-3.4314708031453836
-3.451844476955604
-3.441626166029485
-3.460220329526202
-3.502112863608671
-3.5317680292998466
-3.548251966907163
-3.5854174662075717
-3.6558694778168572
-3.6703675460046696
-3.659413076445469
-3.7050286240131536
-3.7861414421658335
-3.805808047106774
-3.775567157085154
-3.7977084412175577
-3.8952377682135606
-3.926250538209628
-3.875918667963204
-3.861594670129879
-3.9940871873774433
-4.086565711774294
-4.0514068677688675
-4.005565474104806
-4.152021140098527
-4.255863875497296
-10.529731610997832
-10.400640589669415
-4.197391732390782
-4.344699579310468
-4.341992239971949
-4.252701895232724
-4.350197208081625
-4.449671998897741
-4.5631269579891365
-4.445584313832884
-4.395026323025074
-4.576896231926704
-4.708243884110855
-4.653249098977105
-10.82359779114599
-10.944500114586454
-11.059293618315136
-10.88513615469056
-4.780343987057048
-4.876537590718321
-4.995873959972566
-11.229062198559028
-11.163676791632547
-11.279169519907969
-11.385018320071284
-5.108114436713855
-4.909176886760237
-4.963049000276025
-11.467975601897338
-11.512847084842251
-11.378371358721164
-11.351683504974831
-5.262659825214477
-5.4077269794681975
-5.305389487795105
-5.2207993031325355
-5.342615884698809
-11.806044814571182
-11.76252082529114
-11.665161890585498
-11.715350871921562
-11.848557745924113
-11.895168983525352
-11.81345280377999
-11.847256956652657
-11.846853714026581
-12.137093882594021
-11.953451310283304
-12.003492484639233
-12.152935908909068
-12.262896929064652
-12.25948973744773
-12.260475524912522
-12.344340292623105
-12.385738784567605
-12.30017977193335
-12.234907322751274
-12.251101313940053
-12.352532245416853
-12.476382704603257
-12.566646037193411
-12.688204083532977
-12.8617130867578
-12.974341621760312
-12.992037032277974
-12.800014052810617
-12.33375698280657
-12.136758737161466
-12.338666285470328
-12.516839068639637
-12.714086800103548
-12.943949181760757
-13.225764635884076
-13.542724269590769
-13.998617558912397
-14.572272504090344
-15.073266908943422
-16.132809500464315
-17.530008557316894
-11.795619930863095
-12.303487112226918
-12.728035792873142
-13.06000135631833
-13.423982141796532
-13.878449255808054
-14.407159562204269
-14.951766587209123
-15.493919012197999
-16.054838142452258
-10.55786324720204
-11.608013693460594
-12.234490753221616
-12.608658850518719
-13.079525412619189
-13.593743058649952
-14.089042185115847
-14.541154641923159
-14.942801053291461
-15.299069667808388
-15.690626770656099
-16.305209374561915
-17.629790700498695
-18.948679373549922
-19.519970926544616
-20.061288809469147
-20.25072810327813
-20.29843360045814
-19.57709621698249
-19.59683258597064
-19.86115563804242
-20.238675663430268
-20.653622206502597
-21.03661645690159
-21.396979029331025
-21.779667805092064
-22.256591201503237
-22.87805394421186
-23.593648198659317
-24.233115662705583
-18.640547369233897
-19.74741120866046
-20.394108308845436
-20.76302529986301
-21.02004062746561
-21.033432306035532
-20.628474730717343
-20.619357220359127
-20.86707196675614
-21.176578035165832
-21.572764965592082
-22.039552307410457
-22.459525836395493
-22.91715895313304
-23.35690567643063
-23.77357600894937
-24.235849104134672
-18.647443473841925
-21.56760763660869
-22.407170122031516
-22.93742034938902
-24.610170265793585
-26.03763014901512
-20.36096278050183
-20.816834852148613
-21.23994993799625
-21.71239935292198
-22.195617788694516
-22.71248223761017
-23.120657190204927
-23.355392535497025
-23.397374587286862
-23.24281062465193
-23.22939603607645
-23.354467346883034
-23.631656219633527
-24.097045096281683
-24.738712883258053
-25.412891856881057
-26.038243167467474
-26.67723851226478
-27.451291689935537
-28.26713978847881
-28.657166847810824
-28.92848649119081
-29.622915854153828
-28.549162873180336
-28.647906275480427
-28.983778012930653
-29.355526519070633
-29.73168354963816
-30.067883924121812
-30.427085099285225
-30.83595159335256
-31.237397661860946
-31.038338635399164
-30.74405371334828
-30.944648836347667
-31.38316936818891
-31.906622201267382
-32.30133569515061
-32.83775005486277
-33.56535594220045
-28.145220643432435
-28.913791776960906
-29.32389221729416
-31.98734000757958
-34.976552691700704
-28.940014637489707
-29.192664591863714
-29.452115703621605
-29.89678371684649
-30.5037668142943
-31.034732144688782
-31.37406307826786
-31.50840186709156
-31.430555694953576
-31.409338434400727
-31.524236614372274
-31.774441097139334
-32.1696207639123
-32.56426806202759
-33.02217638634874
-33.611039120482445
-34.15078260430473
-33.92909954959014
-33.52131454094933
-33.79694128443838
-34.296271115164664
-34.6835067028836
-35.08856978257497
-35.6478791463202
-36.30903564534511
-36.879989023131714
-37.25831311007044
-36.854164529869394
-36.827639169650936
-36.94662893987029
-37.34677317853911
-37.79842078857899
-38.18396621279976
-38.54383011453055
-38.91225473291972
-39.03819822127787
-38.89323350650032
-38.85151716817568
-39.07989449865281
-39.543576480100924
-40.05197204190525
-40.54084101216905
-40.985135312582585
-41.25710746019258
-41.11715803622815
-40.93573177891267
-41.13732683987731
-41.43154512366455
-41.81371192049942
-42.343782080800224
-42.87357244731896
-43.34160904904435
-43.548030437972024
-43.41704409864374
-43.30578825818233
-43.48819532682587
-43.80972681205302
-44.20013023570023
-44.661004907057595
-45.041770922361344
-45.28062455571507
-45.24625301234253
-45.10505824291461
-45.27980858298378
-45.647842913793426
-46.11759612287865
-46.59525677005311
-46.941635756798995
-47.12275285596679
-46.97994244535583
-46.81615689896764
-47.03997487305816
-47.40299196188588
-47.89556896525777
-48.51524156202026
-49.055824507192916
-49.41915358218079
-49.50930126624849
-49.2510822025133
-49.284757729481456
-49.6182496253089
-49.9872272801228
-50.35497456670783
-50.70490416039627
-50.949880982619455
-50.86134264254205
-50.77661838317335
-50.956605509889044
-51.33232086608253
-51.75502342737488
-52.1249272440933
-52.367021162231694
-52.44773319272528
-52.36490471568441
-52.392220571861216
-52.61548618706139
-52.91674034011093
-53.21803320215531
-53.476393223669824
-53.50710196526398
-53.370030337176026
-53.42589855657485
-53.65051862109575
-54.026039449735734
-54.49815723270437
-54.8985018546278
-55.11140423965113
-54.97369136355645
-54.78226855248029
-55.02361813614764
-55.39089367832573
-55.80835788489314
-56.220992651868976
-56.49746641734335
-56.42069431434128
-56.12037704512638
-56.31240450229462
-56.856331722326445
-57.5143738909015
-58.20401693798416
-58.73997780912529
-58.90578711679762
-58.75217558718025
-58.6770859556294
-58.83545647694368
-59.03467234500215
-59.32459422020709
-59.70992008992194
-59.94839064237974
-59.69259419925159
-59.55825800724744
-59.84620292689586
-60.30098271459782
-60.65360973212483
-60.870341867041226
-61.02511145259582
-61.0484285833442
-60.98057200785795
-61.093735837199475
-61.37351494182295
-61.690621491247185
-61.87771122978508
-61.77853110417068
-61.68970149664971
-61.81913419744772
-62.04050328651583
-62.266449744410195
-62.544104755825245
-62.767209121272174
-62.72178728528178
-62.59002578730131
-62.815126274621505
-63.23129637069984
-63.68106487010435
-63.95397726440834
-63.9528396569684
-63.86481813548521
-63.912072376922666
-64.11288037657792
-64.36566000062805
-64.63011938925673
-64.86049125682975
-64.49238531074573
-64.47001601649329
-64.72924228126709
-65.13813583186787
-65.68060696117921
-66.19638979149383
-66.53089052649831
-66.55002946671124
-66.24061286401756
-66.39144971827156
-66.90504258167783
-67.34773575306616
-67.66407635999155
-73.89026568629423
-73.65074530962659
-73.7534080614132
-74.0019966346876
-74.21634376526465
-74.42412560072681
-74.59787965447913
-74.51449319721671
-74.40715858869531
-74.63229914664595
-75.0604306682529
-75.56784775993793
-75.83823489318033
-75.71462355723538
-75.63897891551237
-75.81702658906795
-76.06861181405556
-76.28441805175198
-76.43357432729051
-76.41698293874686
-76.30007373773907
-76.36717746887162
-76.59073057425194
-76.80574136840995
-76.9106828581712
-76.80923562683
-76.76432234742448
-76.91317056805997
-77.13298426250198
-77.38694231225452
-77.64791006339352
-77.76605563216255
-77.65085285556881
-77.72843825651307
-78.03013952038579
-78.34726563823014
-78.53705285446735
-78.4040740247973
-78.30069489684229
-78.39950911372252
-78.59030239785871
-78.79607024882979
-78.87676465260539
-78.82316207316414
-78.78576340157893
-78.94606250418843
-79.18907829067871
-79.44647561908191
-79.60950373030919
-85.85608227085218
-85.84444212356962
-86.02076831345514
-86.31589823415271
-86.58126775232404
-86.73530482989209
-86.66550855232248
-86.55468031346894
-86.72430017018165
-87.04802934536212
-87.33237375170745
-87.43628577401482
-87.22819780309409
-87.13753913181861
-87.32220401121378
-87.64833763220348
-87.93408710411019
-88.00407940270773
-87.69245587800219
-87.65193516270764
-88.03792686259507
-88.47897324529502
-88.76088446926543
-88.72282213428298
-88.51376187541933
-88.62155469967965
-88.9610441111531
-89.30147144907228
-89.50067222362878
-89.43516390601307
-89.27826652646249
-89.40333907844922
-89.70793392031726
-90.13279725117741
-90.54760214627758
-90.52120032972304
-90.23162745196275
-90.40063174011091
-90.73531631328892
-91.11827904819373
-91.2685265645653
-97.38150668768489
-97.34029183035054
-97.5254176095826
-97.77834542156855
-97.94210229834205
-97.95794028133288
-97.84671156656323
-97.8627520360117
-98.01679543072768
-98.28725222368428
-98.45611609971883
-98.44549572887307
-98.42893738707106
-98.58202763785073
-98.81931666512152
-99.0860515309394
-99.24565685924237
-99.17959257655521
-99.09710253391243
-99.2094132968639
-99.43898227389661
-99.61893297771493
-99.58548869741848
-99.48991145901734
-99.57699646754035
-99.79459669152668
-99.98262380225327
-100.02675575220535
-99.94488217177182
-99.94926517903558
-100.13360039662408
-100.36583388961364
-100.51386124252954
-106.74582475231968
-106.70431596666303
-106.84655281890649
-107.03680135808975
-107.12645262142179
-107.10569284994976
-107.07582994515677
-107.14840858822268
-107.2902139590153
-107.42647460534747
-107.48352407981753
-107.42055502342424
-107.39304623383633
-107.51292749095435
-107.70432036576663
-107.81595724390048
-107.77636662065714
-107.76211979342125
-107.8768197552302
-108.04136385524266
-108.16800996880322
-108.15633252939746
-108.0680284954118
-108.1048660494553
-108.28926321766536
-108.48638127710576
-108.50305953657285
-108.36950239594141
-114.66119742712308
-114.83993905053758
-114.99678616683411
-115.01984714834106
-114.92776290122409
-114.95289476228238
-115.08570120866841
-115.23279014584618
-115.29716939898299
-115.22937872521679
-115.20730898731377
-115.381525037929
-115.59679197606759
-115.67547690756167
-115.57346513858448
-115.550354438088
-115.69892958680481
-115.85198916614371
-115.87566645062711
-115.82125546578135
-115.84982040075819
-115.96282731542794
-116.06792934443145
-116.11824468108941
-116.07616195046869
-122.33557248267395
-122.41721367837592
-122.57857973170762
-122.70720879818298
-122.70254783024728
-122.64218330741346
-122.74765806762223
-122.92534431095068
-123.0298307040083
-123.0040860862354
-122.9915739579414
-123.04961261096493
-123.15849417463252
-123.21542175988677
-123.18562116309415
-123.1495858136212
-123.19728755066605
-123.33485759457129
-123.46090236371445
-123.46214129786266
-129.68378334267953
-129.72666352732745
-129.88886976370398
-130.0384347777487
-130.05548018574805
-130.01604210465848
-136.3263142296732
-136.4779137049729
-136.58153324718455
-136.55094969131093
-136.4754313498699
-136.55178251343594
-136.6996641090744
-136.78270126419483
-136.6810540518297
-136.65385161699655
-136.73804048943524
-136.8659517635957
-136.9520580377929
-136.9590963871766
-136.95006372690884
-137.0102850997392
-137.138269852252
-137.28821219512832
-137.22853388924068
-137.17898990772255
-137.3041570024801
-137.42294499081734
-143.75269666433707
-143.6566674991735
-143.6508359448197
-143.74749161611265
-143.85767676366177
-143.87688156622707
-143.84614354617642
-143.8473148774841
-143.93809730128274
-144.05566626130417
-144.12132599383924
-144.1036714668462
-144.11037005003823
-144.2188717703741
-144.31956226462407
-144.32345891981691
-144.28542944085453
-144.32349162758302
-144.44740942447442
-144.48140625758515
-144.48310010364665
-150.71815917541966
-150.73234792431134
-150.8429544794887
-150.94743716138876
-150.92484914327056
-150.87012198096403
-150.94630285659937
-151.09108531218737
-151.14981677120733
-151.1116800630654
-151.16782249167818
-151.24089547372083
-151.31111836969362
-151.32581061376004
-151.33662163083008
-151.34397071517324
-151.37195370489204
-151.4581094210699
-151.49749262920358
-157.69952239354788
-157.70826755414808
-157.84971747377006
-157.96019502769173
-157.95033091738995
-157.89104784584538
-157.96832363838286
-158.1092740372117
-158.15564699689548
-158.11206998364972
-158.09665965657146
-158.19119376972887
-158.28590970653445
-158.28665002832594
-158.20997184088642
-158.2270298939446
-158.34385392060122
-158.4201219565685
-158.39036834871462
-164.6329224193547
-164.6895930067139
-164.8118482758549
-164.8805279531881
-164.85530197124044
-164.82349915338287
-164.88125057306388
-164.99081568903196
-165.0313008040884
-164.96178138032158
-164.92671119034628
-165.04488515712774
-165.14947599606185
-165.0907606814979
-165.02327904038938
-165.10082416172136
-165.24791905177182
-171.56823172366944
-171.50292734466302
-171.49233374299226
-171.59467953550424
-171.6999012408826
-171.71183354877658
-171.65682260232958
-171.65283832485562
-171.73231078693397
-171.812446292892
-171.79546518130203
-171.75233866069394
-171.80042606844287
-171.9002864054599
-171.93116131735462
-171.86861812827584
-171.86772068383917
-178.25489075424937
-178.33140725896698
-178.30257351078382
-178.25053537403718
-178.30716912352622
-178.41112626240474
-178.44912180107735
-178.3924722142609
-178.37741100772226
-178.474471937928
-178.54752893047305
-178.53726952822683
-178.49726973617211
-178.53883347249123
-178.61729863238799
-178.6346854574927
-184.88650807831152
-184.86552791798053
-184.930970418595
-184.99630658336332
-184.97072870907732
-184.92919741944766
-184.9705152272247
-185.07440850658892
-185.13058710151586
-185.07954669781478
-185.06134795262722
-185.1298215606827
-185.23479236050102
-185.24549221453904
-185.1746456070289
-185.17655989618612
-191.5592871387649
-191.59241457131873
-191.51638149911935
-191.50413091297187
-191.57208832393357
-191.62392679639416
-191.6033211643302
-191.59005114870192
-191.63118759435366
-191.69320598063717
-191.71684830648095
-191.71166777572384
-191.69756312238886
-191.74977877310053
-191.8035854812503
-198.08546856579386
-198.0295244731306
-198.0672807158484
-198.13963637015985
-198.1509631483814
-198.09610780478715
-198.10125564297795
-198.18958606317085
-198.22293686469953
-198.19836795880954
-198.18576532661692
-198.224659326254
-198.28703005634634
-198.2893187482404
-198.23967714640494
-198.2506270417805
-204.6038135984325
-204.63733073552785
-204.5900434613222
-204.5673920241589
-204.621706589408
-204.68319735744586
-204.673489690233
-204.63808806858407
-204.66593621076524
-204.71537781690387
-204.75380395348915
-204.72327032651125
-204.72476435805982
-204.77231847533218
-211.0855615266512
-211.0471603379864
-211.00283730640018
-211.05479827423986
-211.12748296605548
-211.09645913407354
-211.0492754425452
-211.11902174160076
-211.15916339094804
-211.18692562134987
-211.1230782099927
-211.154678978167
-211.17096862308637
-211.23244887954053
-217.4776856556109
-217.43107686676674
-217.45147395000942
-217.53000521301254
-217.5168835316693
-217.45439689158007
-217.47977195504438
-217.54785701490195
-217.5726669020383
-217.48559484709014
-217.53740428616493
-217.55833009538287
-217.5816705605074
-217.5796636920193
-223.82357479785796
-223.8562171882109
-223.90339654204178
-223.90479626883032
-223.83557854590194
-223.84798895373774
-223.92893011542014
-223.92287436116192
-223.83329626277515
-223.86696071448884
-223.92382580742387
-223.93093796098316
-223.8542261404671
-230.1583553978701
-230.24374774787643
-230.2530453727374
-230.20512410310377
-230.20304003117076
-230.2522811768189
-230.27260266689933
-230.2381870328034
-230.21456834050778
-230.2170012761625
-230.2544571675217
-230.2436842964046
-230.18930633065804
-230.1880230363476
-236.53886049212238
-236.5604782154804
-236.49981914411597
-236.50046760360317
-236.5670757077159
-236.6052467263644
-236.55155681579853
-236.55703125605038
-236.59452520800272
-236.62238116336647
-236.5458281339288
-236.52214781154402
-242.81631083628926
-242.84414491415112
-242.8050070053876
-242.74733117653454
-242.79693497149765
-242.8509732909631
-242.83346253962802
-242.76767300270814
-242.82669255541722
-242.8926188819771
-242.8398196044945
-242.78714213210597
-242.78847191636186
-249.11811494167583
-249.11494804248122
-249.06997815613448
-249.0513183114772
-249.07925615550522
-249.11253627758916
-249.07225010396374
-249.02459044081513
-249.0898197034751
-249.1083822777106
-249.06174990291612
-248.99172181528405
-255.31414850310446
-255.36941443575313
-255.3069025678957
-255.2518420715776
-255.29106196345944
-255.33752030991957
-255.3244697621097
-255.27594830312688
-255.29000296555694
-255.33413406874632
-255.33583585210866
-255.23848404796607
-255.24855568706616
-261.57654287741747
-261.5609945953223
-261.48273393123753
-261.479525694127
-261.5292714866462
-261.5214688660239
-261.4676883923679
-261.44347513730787
-261.4704508927532
-261.484883405033
-261.45307061591046
-267.6877721508401
-267.7370403429084
-267.7560786934381
-267.69676937193043
-267.6549257445926
-267.69972966105615
-267.7123933961832
-267.6707854808227
-267.5950324776389
-267.64194142827836
-267.65917061620354
-267.60891895399334
-273.8325790957847
-273.88184384684666
-273.89952787459015
-273.84118188045653
-273.81303355560897
-273.84714642622333
-273.8536983700762
-273.82441299888353
-273.76871160581635
-273.77850046299733
-273.7942954123699
-273.7476131835918
-279.9790147348814
-279.9947201247812
-280.0188118511999
-279.97499636895276
-279.9219621663832
-279.9369572819772
-279.9767729664049
-279.91530305848255
-279.8786707165514
-279.9139513443924
-279.9256624526
-286.13991082437525
-286.1183697249519
-286.1405246708766
-286.1266095632949
-286.09925859684995
-286.0484060936814
-286.04657192861885
-286.07013399456764
-286.0409769506136
-285.9839980843894
-286.005728083988
-292.30995502193355
-292.26311603986943
-292.19344495029617
-292.2287638902685
-292.2392423744714
-292.14798175678925
-292.097617952241
-292.14768018976696
-292.13657117657704
-292.0624379345666
-292.04359278140976
-298.35768806031604
-298.3569813183105
-298.31114115064946
-298.26562103597047
-298.29068508718376
-298.2905953346744
-298.2141507297911
-298.1643663343462
-298.20504593338904
-298.20486241934077
-298.094915292449
-304.3505264779535
-304.39962076894136
-304.40230995536245
-304.29783085026594
-304.2846901859008
-304.328882452796
-304.3004881889981
-304.2166538589161
-304.20936262376534
-304.2286917077217
-304.199125864733
-310.4058455701134
-310.3881078671396
-310.4118297358127
-310.3994554197628
-310.3110215624949
-310.2991412089932
-310.34176894512603
-310.30839445610644
-310.2097979018684
-310.24864275848086
-316.5436154643288
-316.4593435789137
-316.3898429564701
-316.4167718218048
-316.4158013976919
-316.3327229026145
-316.30220500730263
-316.31916069273916
-316.29138400261064
-316.24899903332874
-316.21819356012094
-322.50050428035945
-322.47475718165236
-322.43323651955006
-322.3810652012803
-322.3760019592756
-322.37341000118687
-322.29917687114647
-322.2696120049162
-322.29164331693477
-322.27503395252455
-328.4668364216557
-328.44737954472555
-328.48505907666225
-328.4303836040608
-328.34039663749826
-328.3677858400012
-328.3768060167438
-328.2833418834541
-328.2361231334156
-328.23775292805624
-334.5137750802388
-334.4384783203938
-334.37137021620765
-334.39814651941776
-334.3956184275987
-334.3109478736406
-334.2568381962951
-334.3070565116813
-334.26104206506886
-334.160708759392
-340.42700985637225
-340.4504038461095
-340.37136715578663
-340.30143379257254
-340.30318448036434
-340.2942670092012
-340.2218780099961
-340.1834769446241
-340.169226510647
-340.1507894397772
-352.6867111835661
-340.0618072599487
-340.03518866134783
-340.02776688994817
-339.96422429563154
-339.87316776559146
-339.8925184949712
-339.888099481932
-339.76199839503676
-346.01841974310486
-346.0673565361721
-346.0016228514277
-345.89353735446093
-345.92596287290513
-345.9227270214921
-345.8264251131568
-345.7738043631852
-345.78196892183473
-345.7236903817805
-351.9274583324875
-351.89163774842933
-351.90715401533964
-351.86005843394975
-351.7857845141695
-351.7454105197905
-351.757411839646
-351.7095088239292
-351.6141610720295
-357.8886250782652
-357.88367684162233
-357.77696147696446
-357.7277131723395
-357.72006707420843
-357.6910052579182
-357.6151252790778
-357.564331192518
-357.55931306084193
-357.52709968915013
-363.73401353284925
-363.6714458990921
-363.6823378160316
-363.6281016708997
-363.5035290638629
-363.4796913783265
-363.511246615859
-363.3949264317069
-363.31438315122415
-369.64532941879327
-369.60361041649344
-369.46234369205666
-369.46550210177463
-369.46866098146506
-369.361686692666
-369.29106235357307
-369.30118016515075
-369.2218616070361
-375.42274378525394
-375.4149913889715
-375.3651056746955
-375.2930342909896
-375.2534389656499
-375.19658253327475
-375.15154618151183
-375.12306647708704
-375.04325611236766
-374.9770103065067
-381.26012835872467
-381.1826207502994
-381.0743612667801
-381.07313593089464
-381.05475877428273
-380.907710632068
-380.8688002636057
-380.89055317702014
-380.7929245861252
-386.96908143115184
-386.97773319849773
-386.9433775674169
-386.81764834268637
-386.76352874325727
-386.7528640896817
-386.6861868876152
-386.57448519647676
-386.54204611118865
-392.8139221149142
-392.70974722506975
-392.6397869443785
-392.6324113553277
-392.5683767512899
-392.4727227269568
-392.43324512397606
-392.3904535929093
-392.2914108409098
-398.5111051669937
-398.47452542265853
-398.39631007669004
-398.32726260987863
-398.264014434882
-398.20189421689327
-398.15195703970926
-398.0744164783924
-404.25766198296765
-404.2290709319327
-404.17498250488626
-404.0202348722723
-403.9865464538512
-403.9701900202082
-403.83913167775273
-403.75402267401057
-403.7701891334736
-409.96169112984643
-409.82015817978214
-409.8262594352473
-409.75538170547946
-409.5837353068009
-409.56992578947825
-409.5404581993939
-409.4017664534088
-409.3289263444643
-415.58688879453155
-415.50072328141397
-415.4024063320523
-415.3346449780017
-415.2944241060437
-415.19457274575905
-415.10328473728896
-415.04924801110366
-421.24920599846376
-421.15022787520576
-421.0787439508015
-421.02310787417105
-420.9435953323591
-420.83026312205254
-420.7781373072011
-420.73393101216135
-420.6356553327278
-426.8088341485331
-426.76722425244003
-426.6752709531808
-426.56569226801435
-426.50514233789437
-426.45757087240526
-426.3367968047474
-426.2326419263865
-432.483557092802
-432.42245148980123
-432.28679341774944
-432.225999330475
-432.2039196927799
-432.05652819645064
-431.9616157733665
-431.96190068921186
-431.844480741829
-437.99492429710784
-437.95900573065114
-437.8732555894752
-437.7300826083184
-437.6985516053454
-437.6624028260942
-437.5169180137316
-437.44326988270865
-443.6912285598532
-437.2787740245946
-443.4448830760425
-443.393715691137
-443.3081031993346
-443.2142255135071
-443.13840329226434
-443.04462610487735
-449.2789794251379
-449.19107859292063
-449.05682520422545
-449.0142584699485
-448.9268534531869
-448.7859507326153
-448.72935641373385
-448.6992531594375
-448.54012466588426
-454.73312662820604
-454.72815637597205
-454.60269681508726
-454.4772579772248
-454.46224576625605
-454.353488431617
-454.1872365125721
-454.1580087176388
-460.3534166512268
-460.1969618141358
-460.1335439279908
-460.0701012108707
-459.94734764730094
-459.8490558276237
-459.7914081444493
-459.7015004487007
-465.86210586581944
-465.77517867651306
-465.70036508872306
-465.58587490026457
-465.476191411094
-465.38666492840554
-465.3128703019259
-465.1878723926908
-471.3650806136428
-471.2834150744078
-471.14229078375644
-471.05004371304034
-470.97387645009735
-470.869396731469
-470.747658586886
-470.6559488520787
-476.8568175760163
-476.72021806983577
-476.61311316396194
-476.5623301469729
-476.4279595077068
-476.29288147180904
-476.2598858394129
-476.14861364489565
-482.26545209220626
-482.2155859852172
-482.1328118546647
-481.9530544444971
-481.89417447569025
-481.8189514473207
-481.66110357895235
-481.5883112001323
-487.78523681895297
-487.6574072634439
-487.566010649345
-487.4593324140693
-487.3705881061654
-487.296064887278
-487.1673074891605
-493.3467662528904
-493.26301098254885
-493.1154550956169
-493.02399910401897
-492.97054270863794
-492.8058512331164
-492.6963129564349
-492.6456324468545
-498.7424009171025
-498.6140958313467
-498.56594984419064
-498.39832339296754
-498.2705218110613
-498.20424379043476
-498.0681334954095
-497.92348959006955
-504.10521007984045
-504.0156968940347
-503.8866609448593
-503.7563181136939
-503.6591639012741
-503.5194619599502
-503.37917827416027
-503.2772670225433
-509.4305835046999
-509.27886594063546
-509.1754496998577
-509.07369343661514
-508.90563325149367
-508.81325736102724
-508.7361310286473
-514.8530640866521
-514.7003838158944
-514.6179592558558
-514.486752212339
-514.3213882550936
-514.2404860172379
-514.1276933489233
-513.9650796865465
-520.1608734970272
-520.0697012731686
-519.8974570017913
-519.7792636162437
-519.6965081577084
-519.5257536476079
-519.4016309413621
-525.6120452241094
-525.4848310316476
-525.3500260741106
-525.242043065109
-525.0922302597719
-524.9716473522509
-524.8517367736703
-524.7427147866255
-530.8592143271972
-530.7441006796519
-530.6528005372141
-530.5000865350335
-530.3607303169094
-530.2598521490722
-530.1430917711568
-536.2734238228572
-536.1469799179446
-536.0151941210161
-535.8467512545586
-535.6787584512886
-535.6194221138115
-535.442526856957
-535.2924972842019
-541.5095560130356
-541.3433140390063
-541.1821654241
-541.1134328096521
-540.9782411426239
-540.7862612480423
-540.6260320533955
-546.7833982253417
-546.605979887251
-546.5122529375649
-546.4125027002726
-546.1805355677535
-546.0597557961275
-545.916992013964
-545.8123258613961
-551.9527120003037
-551.8369127807906
-551.6519747063679
-551.4681112722192
-551.3892009293158
-551.2113969936805
-551.0648966784785
-557.2632173210476
-557.0959233542839
-556.9767634043066
-556.8019375288939
-556.6443546150888
-556.4708497730924
-556.3828924412828
-562.5496018454419
-562.3940575519262
-562.2080350682899
-562.1139407480474
-561.9600337509245
-561.7527815102346
-561.6471887166314
-567.8065991682769
-567.6311241218598
-567.5274685277259
-567.36392822506
-567.1114526746959
-567.0753746773752
-566.9076669914838
-566.6880725702471
-572.9301038747888
-572.7885946737011
-572.5684643082143
-572.4240558926283
-572.251999179813
-572.1045653567663
-571.9727943503589
-578.1069471166434
-577.9663479352912
-577.8374379085169
-577.6456868037886
-577.4774094234473
-577.2950176212439
-577.1919250692355
-583.3271618049816
-583.1458500019312
-583.0441048252801
-582.8672879463202
-582.6256228525507
-582.4849033973853
-582.3570560339605
-588.447765246232
-588.311385817079
-588.1839394414399
-587.954991183976
-587.7583865440259
-587.6328786381847
-587.454262642846
-593.6026459801719
-593.4684866480422
-593.3008927235827
-593.123456482961
-592.9754301905679
-592.7969671475206
-592.6231333534623
-598.8203892086432
-598.6397712700035
-598.465970320021
-598.3469857713674
-598.1761878806004
-597.9781405705821
-597.8040060998492
-603.9469016458677
-603.7397616186017
-603.6016465179712
-603.4232026493028
-603.2278635945378
-603.094419676466
-602.912514983134
-608.9962722831932
-608.8371216846256
-608.6800779977613
-608.4842170746739
-608.3355182367161
-608.1924488473767
-607.9823280361251
-614.0834263126403
-613.9726548357299
-613.7409005133492
-613.5790337951299
-613.4681008112354
-613.2156368735148
-613.0534891047242
-619.188059629667
-618.9520541903509
-618.8071124853983
-618.6163330312495
-618.4025049646975
-618.2599108322866
-624.3607129324072
-624.1319059188959
-623.9829969631334
-623.8459672280956
-623.638587727051
-623.4463859068843
-629.5627376069087
-629.4028615436522
-629.2177318477052
-629.0265755833792
-628.8560149941806
-628.6771463372488
-634.8172027448242
-634.5736882179262
-634.3532808784105
-634.2344541734886
-633.9722835962857
-633.8413482403049
-639.9376938106847
-639.7118947723055
-639.5575533274564
-639.4043886835619
-639.2102450246776
-638.9945927016739
-645.1062428714936
-644.9155319867219
-644.719761430569
-644.5645495984351
-644.3891984005254
-644.1753120861849
-643.9784405027173
-650.0430483545838
-649.8381309657162
-649.690526986271
-649.4730985917386
-649.2385392744989
-649.1030533271771
-648.8658374604821
-654.9623401797437
-654.811889564367
-654.5918113625208
-654.4096162070322
-654.2456380128059
-654.0374418077791
-660.0787148423499
-659.9012053744016
-659.6728293776627
-659.4867809673487
-659.3224102514486
-659.0926022607958
-658.9191931823567
-665.0218548673174
-664.7923476028766
-664.6079918369293
-664.4293742271129
-664.1792061605748
-663.9759083748917
-663.805935947855
-669.8530699111549
-669.6520960859668
-669.466248495459
-669.2252718532542
-669.0262177142258
-668.8596570196588
-674.8914807723557
-674.7062103824826
-674.5378526967029
-674.2958547991733
-674.116613810725
-673.9487707980196
-673.6760357301758
-679.7844778012155
-679.5790539329801
-679.3234198777178
-679.1527472721103
-678.9234923001543
-678.6531159616285
-684.7652112027489
-684.5194027405037
-684.3242467439736
-684.1321559635185
-683.9156612858592
-683.6994986075013
-683.5001382203154
-689.5621420828007
-689.3216631457722
-689.1672502432389
-688.9507260594391
-688.693962300014
-688.5020361651884
-688.2828124349752
-694.3116057913978
-694.1510179633545
-693.8979395494559
-693.7017455398881
-693.5166347874042
-693.2482570426938
-699.3267975008101
-699.1049955950183
-698.8386990102467
-698.6309391579338
-698.3850913624133
-698.1495578956071
-697.9210527600054
-703.9972569432147
-703.7637146556297
-703.5515146357503
-703.4042230160186
-703.1490819322981
-702.9216753350659
-708.9837742282899
-708.7094083699075
-708.5020694088447
-708.2514071319887
-707.9900805169093
-707.7999308686782
-713.8337720146952
-713.5990905967985
-713.4412998029416
-713.1734719776944
-712.9500491698332
-712.7100530542687
-718.7566090244529
-718.5117377092735
-718.3081062698631
-717.9983006173532
-717.7957648763758
-723.9012056759528
-723.5961311768216
-723.4216148763918
-723.1415086248486
-722.882760506712
-728.9631924118767
-728.6957263027941
-728.4947111891328
-728.2718311528708
-728.0075489524304
-727.754951460977
-733.8140689926519
-733.5964700000633
-733.3592583596565
-733.1398396593996
-732.8759369637452
-732.6227003762082
-732.3922211207605
-738.3786850578355
-738.1874331297693
-737.9469199718858
-737.6595106212088
-737.4284411960119
-737.155761600317
-743.2254259379783
-742.9908755156267
-742.7207669275551
-742.4429890005438
-742.2203747664336
-741.9706691189978
-748.0012202424647
-747.7668229529753
-747.5264469977466
-747.2897095284533
-747.0334925947328
-746.7556250980404
-746.5247112621004
-752.581345554486
-752.2982387162098
-758.3328121838459
-758.0608827180779
-757.7813158728064
-757.5780038652929
-763.5976511151839
-763.2825631727898
-763.1124957596195
-762.8089438645629
-762.5225450800867
-762.3427911697428
-768.2918120555956
-768.0774334897646
-767.7902602069188
-767.470088267206
-767.303860673418
-766.9997380831593
-773.0086001651116
-772.8332914360872
-772.4924560076897
-772.2530326618788
-772.0499527385361
-771.7286931826374
-777.7888390736068
-777.5143726852957
-777.2188423549237
-776.9596777213168
-776.7122267245846
-776.4134087217177
-776.1315555348393
-782.1150069170062
-781.8566703661844
-781.6311799112505
-781.3029307793792
-781.0179042618984
-780.7997269785045
-786.7693343038675
-786.4969384377321
-786.268458538469
-785.9660887495563
-785.7013289970546
-785.4654875305544
-791.4667787445358
-791.2085401893986
-790.9235187295133
-790.6572378263609
-790.3849244468645
-790.0498552211095
-796.0968506861744
-795.8236899690642
-795.487371855726
-795.263401248293
-794.9345083663027
-794.629895559915
-800.7290116609263
-800.3501450535091
-800.1033312555328
-799.828084797
-799.5015897456473
-805.507030343101
-805.2594921965217
-804.9961784955761
-804.7213759679097
-804.3934442174102
-804.1048054311269
-810.1245862220585
-809.7363550206703
-809.5088977757306
-809.303529096771
-815.2408132755556
-814.9603280546868
-814.6398295576058
-814.4174781577894
-814.0415682556511
-813.7407496825451
-819.7965966268526
-819.5260683278088
-819.1546608049297
-818.9107413012017
-818.5805298294956
-818.2573209566245
-824.3047407234994
-824.0205089111257
-823.7070263422504
-823.3777370004619
-823.0769195342901
-822.8498633198325
-828.808640298224
-828.4516717725984
-828.176579664997
-827.8433135235011
-827.4988097077857
-827.234194640905
-833.2451006277334
-832.959584662458
-832.6271540050301
-832.2962774405095
-832.0887763553203
-831.7133041381155
-837.6596979021764
-843.6838454226889
-843.3962982396207
-843.0550878921152
-842.6876775422426
-842.3939768687713
-848.4290433182005
-848.1217512903553
-847.7196749227855
-847.4854839888507
-847.15932878749
-853.1539801882072
-852.7725587892443
-852.4583120691648
-852.2188473861307
-852.1190208903306
-851.4943189466171
-857.4995377590609
-857.2030795533128
-856.9205308228253
-856.602200718955
-856.1616913201967
-855.9133613035815
-861.9026306007198
-861.5816690933209
-861.2176223973079
-860.8357067822408
-860.5934093009329
-860.3238781889994
-866.3966096489972
-865.9008874303153
-865.5851503319041
-865.306951791944
-864.9427082228917
-870.8278011376713
-870.5494379507244
-870.2322689333868
-869.9285720190795
-869.5928370370569
-869.1763136716114
-875.2009410721644
-874.8690189491717
-874.6488895396084
-880.5179503926921
-880.109934997509
-879.819119891752
-879.5104929007896
-879.197070735121
-878.8293482266218
-884.8195129516524
-884.4865015483549
-884.1948030299926
-883.7798641319872
-883.4189531690663
-883.0233160114575
-889.0658783613522
-888.7652086693103
-888.4636059673126
-888.042532289477
-887.6966783115688
-887.2757620451723
-893.2614204442657
-893.0347233460312
-892.679393962467
-892.249303068126
-898.02956422949
-897.7875261239811
-903.7615585022075
-903.4063525205955
-903.1134958317045
-902.7099668067972
-902.3139951167861
-908.2889117145987
-907.925265820459
-907.6498892830458
-907.3204211150353
-906.8939438727925
-906.4504221675054
-912.4061284989767
-912.1227535743635
-911.7722994777267
-911.4316983509476
-911.0550340201798
-916.8880054432417
-916.5882738254312
-916.2495484976321
-915.8294065986512
-915.5327057765475
-915.1673905577662
-921.0375048584226
-920.709368324382
-920.3478298031754
-920.0448969759801
-919.6713935142207
-919.3418352431895
-925.1985327940804
-931.0351253525466
-930.7201130668446
-930.3732193173221
-930.0157238204054
-929.7208405972401
-935.6070667444109
-935.2149353064144
-934.7806312569819
-934.4434893532688
-934.1054274914039
-939.9815223241507
-939.6582954839146
-939.2929830828534
-938.8605050148403
-938.520677195664
-938.087643411501
-944.0081470229072
-943.6526691494813
-943.2862659486432
-942.9614155266271
-942.6048671037812
-948.5106487094603
-948.0560954001434
-947.6033252080694
-947.2710340323234
-953.1633704894014
-952.7897752180601
-952.4593001570647
-952.0829952246585
-951.7405191843395
-957.6373342752662
-957.1839905493366
-956.7804489989275
-956.3727378796015
-956.0471987150901
-961.9033582808555
-961.53821474729
-961.1871210762703
-960.7826262187309
-960.4753659655017
-960.0542301815441
-965.8680022867861
-965.4135463823503
-965.0340607770771
-964.7197331907915
-964.2943101870922
-970.2186921095209
-969.8191895197511
-975.7160367474331
-975.3649449638295
-974.9803750009894
-974.5804042141356
-980.3694288733942
-979.8823424204843
-979.5343374661361
-979.154358212567
-978.7942058343715
-984.6506153053159
-984.2665185264539
-983.8866985919612
-983.5050380371476
-983.0904403430216
-982.7361119712813
-988.5532395658461
-988.171381821065
-987.5907045029458
-987.261846130515
-986.8255213527784
-992.719231425625
-992.3213254815322
-991.9160768530392
-991.5501801433594
-991.1148120714679
-990.7175733570651
-996.6074591719636
-996.1592501715317
-1002.0787031289666
-1001.6445759589301
-1001.2853630575792
-1007.0900634944109
-1006.5486574068218
-1006.1410474406746
-1005.7401463007261
-1005.3191363346712
-1004.9045221670499
-1010.7468340772499
-1010.3568173486823
-1009.9350635059445
-1009.5303449526472
-1009.1276613442412
-1014.9869168376715
-1014.5831874217636
-1014.1636741785943
-1013.762778081939
-1013.344816130814
-1019.2250965405001
-1018.7849799648367
-1018.3087536279273
-1017.9290598666742
-1023.8054937627168
-1023.275219184868
-1022.6867147528922
-1022.2989677557157
-1021.8810921611123
-1027.7610777098764
-1027.3510242335556
-1026.8581894078034
-1026.4030315844318
-1025.9768603360758
-1031.853697215942
-1031.4499947993825
-1030.9263993200116
-1030.5354420346248
-1030.1013080932385
-1035.9282635434363
-1035.4911100959887
-1035.0552511437022
-1040.898097633423
-1040.4579603964685
-1039.9902837307848
-1045.8524553205834
-1045.3604728729877
-1044.9642604746118
-1044.5020141103707
-1044.0664075644393
-1049.8976879834495
-1049.4352533619162
-1049.0227127983849
-1048.5285477947946
-1048.1337261183967
-1053.9005045559313
-1053.4392475068737
-1053.0035336057038
-1052.5335577085057
-1052.1078566394974
-1057.920078413685
-1057.4758314714438
-1057.0145914553739
-1062.8192226080705
-1062.3841844921876
-1061.8657053892246
-1067.7220894988573
-1067.250137943223
-1066.784771217034
-1066.3106378253474
-1065.8526406207557
-1071.6925148658486
-1071.2117514491986
-1070.7304133396415
-1070.2618584769061
-1069.7647717614186
-1075.6021908854814
-1075.1015954510583
-1074.66027840363
-1080.4352744487842
-1079.990862074805
-1079.4928293804355
-1079.027338431604
-1078.5407480189267
-1084.324969065415
-1083.8614696921045
-1083.3581630130634
-1082.8878711832533
-1088.6651242202681
-1088.2040945630747
-1094.0006236974252
-1093.5068647657408
-1093.0310888859135
-1092.5325647779143
-1092.0434195014109
-1097.8297498241698
-1097.330552896173
-1096.8581310550187
-1096.3260146176813
-1095.877863099341
-1101.6388064357773
-1101.1817348679203
-1100.6394426178865
-1100.2968271728382
-1099.9299309293267
-1105.6727925332364
-1105.2037904591139
-1104.6755975451338
-1104.1912730101753
-1109.970105609972
-1109.4768143775484
-1115.2521728317115
-1114.7350767978785
-1114.2501654000125
-1113.725742948226
-1113.21732131105
-1118.9846469088764
-1118.4813614877496
-1117.9817916317452
-1117.447583537585
-1116.9756053438741
-1122.7052133002026
-1122.215806950266
-1121.6739140608347
-1121.1917141180475
-1120.7835398755549
-1126.6537918009265
-1126.1900688114476
-1125.6169883107568
-1125.1560294056785
-1124.5952411259448
-1130.3699056319101
-1129.8399567022618
-1129.3151679869582
-1128.8039665474241
-1134.5312276930006
-1140.3240546660845
-1139.7578899190225
-1139.2738528210787
-1138.7118160562334
-1138.2197160322344
-1144.0719948661065
-1143.6776015320931
-1143.1716286212152
-1142.6028685144136
-1148.3787137957167
-1147.835266739588
-1147.308581102958
-1146.7743395205055
-1146.235154634793
-1151.9727246697464
-1151.4307353348506
-1150.906725246995
-1150.3510594657819
-1149.9466388944045
-1155.8356312589372
-1155.2849530552692
-1154.7611584635272
-1154.1953941651539
-1159.949446965085
-1159.3782813792038
-1158.8444000406853
-1158.2762818592446
-1164.0446781125268
-1163.4744697769668
-1169.3180338742388
-1168.96818684738
-1168.3601767949456
-1167.8423741910708
-1167.2698773328705
-1173.011547894304
-1172.44603424543
-1171.9097217196982
-1171.3352281183493
-1170.7725814434666
-1176.6695783462937
-1176.2018889846718
-1175.660458521561
-1175.0853357661003
-1174.5611860702547
-1180.2539259960477
-1179.7069209859258
-1179.1361705974875
-1184.841274775071
-1184.2959398203868
-1190.1120887698896
-1189.7324588548192
-1189.1341884382098
-1188.5899161420925
-1188.0096246077055
-1193.7189098215833
-1193.1496431636942
-1192.558996085891
-1192.004019602342
-1197.8327039776816
-1197.431654757609
-1196.8271836161985
-1196.2840001828636
-1201.9490512406453
-1201.3695906097898
-1200.7695180564106
-1200.2290735361012
-1206.1097157130887
-1205.577617988109
-1205.089347665976
-1204.4512730513727
-1203.8991995427984
-1209.5752620023757
-1215.3051563347788
-1214.6829621215581
-1214.2635633122334
-1213.8219663496618
-1213.2001036557733
-1218.9300799253629
-1218.3088757955281
-1217.7446367484322
-1217.1282160714245
-1216.6960680499221
-1222.5349977804792
-1221.9019023045416
-1221.3375774179588
-1220.7279780991187
-1226.415784286956
-1225.8124026162034
-1225.2161549681732
-1224.7491731922946
-1224.3114853497339
-1229.9852916382831
-1235.659457706174
-1235.067563956085
-1234.4544929214603
-1234.0143175183937
-1233.5447153862929
-1239.232528247989
-1238.6057355737985
-1238.0007820329954
-1237.3780902461694
-1243.0600878938476
-1242.591878845681
-1242.1498780112433
-1241.5197810052086
-1240.9190490596638
-1246.5548399367958
-1245.9651502981246
-1251.7632568181145
-1251.2896276355696
-1250.70786319606
-1256.323199149164
-1255.7473550718182
-1255.0764985536107
-1254.487360847277
-1253.9908612654845
-1259.8201513369822
-1259.1834087806615
-1258.5544677330834
-1257.9277672926744
-1263.5734420279252
-1263.1405724780957
-1262.619700223511
-1262.0002726551327
-1267.628245802962
-1267.0073840962618
-1266.3544739078552
-1265.8850440355402
-1271.6920008330728
-1271.0548760765316
-1270.4032307361008
-1269.7666011607123
-1275.557591151684
-1275.0680715275225
-1280.7344662568405
-1280.0616270300193
-1279.431021706537
-1278.765430369345
-1278.3270057752422
-1284.0588920147384
-1283.4436336405727
-1282.7695703805107
-1282.1358737708297
-1287.9170340892572
-1287.4163501919431
-1286.7811673426384
-1286.0906984499834
-1291.7318176131755
-1291.2240628302484
-1297.0217560360775
-1296.3566458346986
-1295.7134135018816
-1295.0200795160306
-1300.6551039583924
-1300.1352913772744
-1299.6437594098081
-1298.965972674483
-1298.3238121218556
-1303.9087718893245
-1303.4241966913692
-1302.9267838244311
-1302.219762875584
-1307.8437128423052
-1307.1586435936651
-1312.9635452832301
-1312.4333051090598
-1311.7682225409035
-1317.352866620349
-1316.685721056049
-1316.1534144365278
-1315.655232148375
-1314.963817985416
-1320.5853963558957
-1320.0542648856244
-1319.5330362725763
-1325.1378887440987
-1324.4314030757191
-1323.746399228863
-1323.2192204780185
-1322.739775982594
-1328.296132815582
-1327.6354587321653
-1326.9000071503058
-1326.3944416563365
-1332.1483272028577
-1331.4702448371806
-1330.7475769247383
-1336.5470973464312
-1335.992301141932
-1335.3010309888973
-1340.8513162179702
-1340.170548492035
-1339.632468182998
-1339.0979221020384
-1344.6992823783055
-1343.984144669298
-1343.433771499069
-1342.9075624166094
-1342.2099557627557
-1347.7625734940264
-1347.0672065954604
-1352.8223183856862
-1352.2817916009476
-1351.5407222952756
-1357.137313514399
-1356.5533364418561
-1356.0450606190286
-1355.3253765381621
-1360.8925761196526
-1360.3357121975785
-1359.8071505674977
-1359.0438522091315
-1364.638285699295
-1364.1096563680937
-1363.5260309970581
-1369.1090914701683
-1368.3666679401258
-1367.603949945369
-1373.3538738537177
-1372.8204439607657
-1372.0497425739895
-1371.360085331927
-1377.075535010071
-1376.555684404474
-1375.7842006867984
-1375.065206405793
-1380.7734639867763
-1380.2365301494465
-1379.4822348815023
-1378.763806085958
-1384.4573778666993
-1383.9254082881002
-1383.1600238830142
-1382.4194099758051
-1388.1316514165696
-1387.5925360813692
-1393.1161007064125
-1392.3733502323735
-1391.8069180023463
-1391.2241652760138
-1396.7325816003336
-1396.1963746779948
-1395.6393564424554
-1394.8761851349059
-1400.4057171973698
-1399.8136859802426
-1399.2710082544384
-1398.487098415196
-1404.030675956245
-1403.4407453833078
-1409.173247095712
-1408.3779875445173
-1407.630168092177
-1407.0260857141323
-1412.7678260011087
-1411.970537105684
-1411.420704671636
-1410.8276905751425
-1416.3480068212777
-1415.5452654390974
-1415.0000454396798
-1414.3979312737604
-1419.919433945583
-1425.3958513082089
-1424.84795124456
-1424.241412265825
-1423.4620225043725
-1422.8537425182712
-1428.579557600116
-1427.781122038733
-1427.0062444764942
-1432.6837261286782
-1432.0983241754916
-1431.3037439279576
-1430.712719248627
-1436.4126302399388
-1435.627587860528
-1434.8147986779609
-1440.5021254837955
-1439.91403727345
-1439.1161893119965
-1438.5176184296324
-1444.1975572988783
-1443.4066009875469
-1448.8814018710366
-1448.2726653258571
-1447.6685975788419
-1446.8836366463302
-1446.2651478161781
-1451.9609822867542
-1451.1342670309168
-1450.3278724070988
-1456.0038117334068
-1455.409483834698
-1460.866665135512
-1460.286683775708
-1459.6432977453437
-1458.836307044066
-1464.4950515317473
-1463.8990237542437
-1463.0620291373805
-1462.2727960228065
-1467.9015439918
-1467.3086309270318
-1466.458020513057
-1465.8675370062035
-1471.521390281695
-1470.7203838690195
-1476.3436679952838
-1475.75594720984
-1474.9053171413973
-1474.2966957184758
-1479.9417292523408
-1479.1397823600157
-1478.2747817192933
-1477.6697492022395
-1483.2970067147912
-1482.4791966072753
-1481.840821857556
-1487.522436507713
-1486.6470785133279
-1486.0468165323898
-1491.6695305646258
-1490.8380143131503
-1490.1933901145233
-1495.8632267457865
-1494.993957446009
-1494.380008351915
-1493.7105726218524
-1499.1693897291307
-1498.5222085421663
-1497.8996029941902
-1497.0177781736406
-1502.4623073762857
-1501.7901489939227
-1501.1851827790535
-1500.3079661683785
-1505.9682766123103
-1505.2911019840728
-1504.448350082477
-1510.0517849228052
-1509.4462061720394
-1514.844724510171
-1514.214326202946
-1513.5279981018307
-1512.6853203143974
-1518.2794949247154
-1517.6630526134
-1516.7852498101538
-1516.1523665745285
-1515.4540737003783
-1520.8743911721288
-1526.5043525703675
-1525.8519801519988
-1524.9648118763876
-1524.3261324606083
-1529.919874455304
-1529.0425410886805
-1528.4047188218756
-1527.7344823494766
-1533.3348397722273
-1532.6937689076474
-1531.7925273373373
-1537.411460602375
-1536.7499308826632
-1535.8699003359359
-1541.4731238874645
-1540.810065402787
-1539.9144380781272
-1545.518681682293
-1544.8525403211877
-1543.959298696294
-1549.5643276645535
-1548.896639576378
-1547.9909807138322
-1547.3186462555232
-1552.9252549207808
-1552.0211393471466
-1551.3351319400933
-1556.944452419194
-1556.0393781914343
-1561.6291090908205
-1560.9637737440612
-1560.2855051543502
-1559.588806317259
-1564.9526021407785
-1564.2800555698416
-1563.583016754131
-1562.6892206042246
-1568.2617972907321
-1567.590456945198
-1572.9280037218375
-1572.268957467598
-1571.5499343466604
-1577.171195303541
-1576.44936889111
-1575.539050122433
-1574.8381727688286
-1580.4295153103906
-1579.4938405637763
-1578.8244185468045
-1584.3812378915093
-1583.4567949880027
-1589.0391652658052
-1588.341816090336
-1587.6394980341402
-1586.9453755556005
-1592.2850561409437
-1591.5833666375133
-1590.858668319703
-1589.9408996709685
-1595.5178136303412
-1601.0946370754377
-1600.369888915602
-1599.6722255935927
-1598.7274491444743
-1604.2950931694627
-1603.586222436979
-1602.6254840342258
-1608.203746246847
-1607.479385139449
-1606.7903573308636
-1606.0452766318356
-1611.4007336873094
-1610.6364925234589
-1609.9630376680987
-1615.4887139139498
-1614.807495577465
-1620.10226059641
-1619.40456016665
-1618.6540379906046
-1617.7035851790422
-1623.2600316107312
-1622.5413928288879
-1621.7965373529382
-1621.0865007800642
-1626.4067931702982
-1631.9347843133837
-1631.2397617483664
-1630.4921208338098
-1629.773779828208
-1635.0607214694455
-1634.3578646084698
-1633.5966917080095
-1632.8903982270187
-1638.4099374906357
-1637.4435750839905
-1636.6955753332088
-1642.2507189580488
-1641.4940769144512
-1647.0559069421943
-1646.0546721985113
-1645.311551760018
-1644.5703316136091
-1650.1158407595628
-1649.3660353965947
-1648.3770930838355
-1647.6150905245934
-1653.1616075308132
-1658.6961140125163
-1657.950816091902
-1656.9641499706556
-1656.179606960821
-1661.737313991746
-1660.9732171360479
-1660.241258761397
-1659.2224104845864
-1664.7673544058046
-1663.9956551350795
-1663.269497586315
-1662.4782231760491
-1667.7646661944975
-1666.9989794386224
-1666.233765068469
-1671.7722495259177
-1670.9983239972164
-1676.5337546027488
-1675.7611206937813
-1674.7356107666421
-1680.2455482254986
-1679.495730452462
-1678.700736017313
-1677.9621494128205
-1683.204013773901
-1682.4367417014003
-1681.66711407214
-1680.892595643717
-1686.409911446086
-1691.9357720588514
-1691.1430887499102
-1690.111023995645
-1689.3428009587888
-1694.8540336917702
-1694.0779068957645
-1693.2904625584024
-1692.5140485434342
-1698.0184222526327
-1703.2678352666348
-1702.4667671206919
-1701.7040462200782
-1700.887386021494
-1706.4104893851359
-1705.5887563091358
-1704.844485260651
-1710.0587897318408
-1709.2671406904624
-1708.4755757584692
-1707.676692485861
-1713.186989480438
-1718.673225673964
-1717.881284570156
-1716.8203813467787
-1716.0389674336407
-1721.4942871716457
-1720.7369398958333
-1719.8902187006966
-1725.406928919931
-1724.5804747619268
-1723.5092401746886
-1722.740420157194
-1728.176567732178
-1727.4084423289937
-1732.853020476496
-1732.0866825105009
-1731.23232475459
-1736.7352105555897
-1735.9067307804912
-1734.831743466891
-1734.0250510567766
-1739.4849063216195
-1738.6722782269303
-1737.8569404258667
-1743.348608872577
-1742.4951535562905
-1747.9851882267558
-1747.1474132790656
-1746.3509853982043
-1745.5071669029223
-1750.6987193128566
-1749.8743504828722
-1749.059606225988
-1754.5037161359355
-1753.683210837017
-1752.8499218856434
-1758.3127695756593
-1757.5113479812942
-1762.9338191660288
-1762.1114339561557
-1761.2622213882867
-1760.1657750437967
-1765.6021461164569
-1764.7694247908125
-1763.9251911156448
-1769.369805794065
-1768.5292081525233
-1773.9742738699313
-1773.1299206093568
-1772.2816219307215
-1777.7384040277018
-1776.8751533348313
-1775.7610486566207
-1774.9036295443748
-1780.3452698364385
-1779.5035242413312
-1784.9207191113042
-1784.0791435716478
-1789.491531379142
-1788.6478466548704
-1787.7853919657014
-1786.9526734506917
-1792.3445493397235
-1791.509255413086
-1790.631066834177
-1796.0776079616908
-1795.201437028111
-1800.617638439764
-1799.7481180135214
-1798.5961309710729
-1804.0300496633347
-1803.1413779982636
-1802.2799269434167
-1801.4059964818075
-1806.8287109673167
-1805.9543985184732
-1811.3604822339432
-1810.4898071469431
-1809.6111045358512
-1815.0266469758963
-1814.1354865345752
-1813.275905454618
-1812.371133438997
-1817.7954449931983
-1816.898598071765
-1822.3136588962209
-1821.4220440758477
-1820.5380188799556
-1825.9427345361737
-1825.0490747753854
-1824.1788784749072
-1829.5448263952553
-1828.6811623833014
-1827.7618187204905
-1826.576003144851
-1831.980463518843
-1837.3437181654376
-1836.479003266683
-1835.5523416149188
-1840.9614585810127
-1840.042412980636
-1839.1442992175173
-1838.2429617597843
-1843.6213778829735
-1842.7341547392616
-1841.7968323394239
-1847.2062539142134
-1846.2636899607003
-1851.671543691341
-1850.7545940201753
-1849.8419241703684
-1855.2211728572877
-1854.2947979111739
-1853.4087579967997
-1852.4711776736085
-1857.856843045331
-1863.2049443491428
-1862.2779838689494
-1861.3843719039698
-1866.7393194898884
-1865.8398402907092
-1864.8932352685467
-1870.2748961461657
-1869.3576279591641
-1874.727344059961
-1873.7953589093502
-1872.8607062104238
-1871.9399277478706
-1877.3005903299
-1876.38464099567
-1881.7215870356015
-1880.8083925570736
-1886.150745129238
-1885.2274456914606
-1884.2962315724687
-1883.355462030839
-1888.717369466108
-1887.7562844571978
-1886.8391537440966
-1892.1696072370423
-1897.5297361127466
-1896.5918431988234
-1895.6418798401373
-1894.7383796520096
-1900.357418225029
-1899.4303272483135
-1898.4466104483809
-1903.8319132659924
-1902.8687291561205
-1908.2299305423933
-1907.2804385343436
-1906.3080220399
-1911.6700759781177
-1910.7014960092267
-1909.7701222211106
-1915.0802776106773
-1914.13530583439
-1913.1976047144412
-1912.220432183131
-1917.5677890554414
-1922.8802504703851
-1921.9506610462392
-1920.997764654256
-1920.016164436389
-1925.3617482531054
-1924.3864210006757
-1923.4334114348248
-1928.7489335560217
-1927.7811848835354
-1933.4259584796796
-1932.4591409467428
-1931.5148238611193
-1936.8291499091627
-1935.8688973626226
-1934.8803372994623
-1940.2012600734827
-1939.2362233150552
-1944.5423445312347
-1943.5714355679352
-1942.5999816449819
-1947.9222670022473
-1946.930160117967
-1945.9601676870975
-1944.9805027682507
-1950.6335151835244
-1949.6478835790006
-1954.9559453102843
-1953.986597735198
-1959.2620184823338
-1958.2933753452048
-1957.3141986770788
-1956.3277954159146
-1961.6408385680572
-1960.637632303224
-1959.6686418188096
-1964.9607714124777
-1963.9711635694923
-1969.5882641341898
-1968.607447479312
-1967.6346673694031
-1972.9110508594094
-1971.9393674694504
-1970.908840354125
-1976.2149308807695
-1975.2454863910853
-1980.4985438801098
-1979.5237334767198
-1978.5082015747969
-1984.1464758946324
-1983.1368157327065
-1982.1391046383371
-1987.4234822355636
-1986.408298092617
-1985.4376784383173
-1990.7035936389166
-1989.6815330575153
-1994.979918733445
-1993.9681403609532
-1992.9770632061159
-1998.5119024808923
-1997.572129769293
-1996.5422581185828
-1995.550795748701
-2000.829808650055
-2006.0986597751755
-2005.0965517765057
-2004.068891301436
-2003.0638165188254
-2008.6634980272597
-2007.6578247642929
-2006.6406930522064
-2011.9005769659036
-2010.905294532467
-2016.148879713446
-2015.1340228642407
-2020.3990756553162
-2019.3592217140183
-2018.7100393228898
-2017.660235661499
-2022.9435135618949
-2021.8859963316013
-2020.8516577666535
-2026.1430895616597
-2025.0701183984313
-2030.6997121270676
-2029.6539929297069
-2028.632249949258
-2033.9050549148292
-2032.8363795907537
-2031.8321125296009
-2037.078813580913
-2042.321041721699
-2041.3159448956137
-2040.5945229467238
-2039.5791281824077
-2044.802511024287
-2043.7649343220126
-2042.728913639521
-2047.9595748473378
-2053.2178946751455
-2052.502012185313
-2051.4795676119593
-2050.434133756505
-2055.6569103850056
-2054.6299506370515
-2053.899408007401
-2052.861825093668
-2058.096280580097
-2063.325279468328
-2062.2870590283496
-2061.2179304813785
-2066.446603973613
-2065.745916270351
-2064.6894563482606
-2069.9159229638685
-2068.8575606815994
-2074.085178340081
-2073.0191488582927
-2071.9611779775237
-2077.5177242717295
-2076.4620392727566
-2075.403405435805
-2080.609342588468
-2079.5671102132883
-2085.115132341905
-2084.0675863423558
-2083.007723636649
-2088.2024586405123
-2087.1469177277836
-2086.040978638338
-2091.2294821077594
-2090.536366056347
-2095.7276405366774
-2094.691257529893
-2099.883672921815
-2098.801873608969
-2098.0982061520685
-2097.0061198975577
-2102.212512672113
-2101.11763436013
-2100.010089107187
-2105.580191621425
-2110.7627211424774
-2109.693477922032
-2108.599516725146
-2107.519674956809
-2113.072722755019
-2111.9770942454934
-2110.8973464423893
-2116.072459134149
-2121.2444204148883
-2120.1604747303873
-2119.0486380465513
-2124.6158908788148
-2123.501542407107
-2122.4063055768816
-2127.589167252669
-2126.4787364188087
-2132.0408532221563
-2130.9240225318504
-2129.8273869148834
-2134.9936411250083
-2133.870995887517
-2139.4404236962155
-2138.3047510327565
-2137.197219886198
-2142.723125999049
-2141.618605624358
-2140.5186986100057
-2145.6596985186457
-2144.545170799176
-2150.081166517495
-2148.9579435078904
-2154.139229757604
-2152.99882709002
-2151.8808307887257
-2157.402178238352
-2156.2777003480523
-2155.2105444137565
-2160.3652077380234
-2159.165613177258
-2164.7495500716104
-2163.563378852473
-2162.460091523431
-2167.598459138837
-2166.4466247639994
-2165.7157923882296
-2170.840275169334
-2169.715303132489
-2175.226109324215
-2174.0845313666127
-2172.9673298365888
-2178.0815678705176
-2176.915034008749
-2182.44264896029
-2181.283711697888
-2180.1608655216746
-2185.282127140421
-2184.121033947824
-2189.6580823029067
-2188.488431018755
-2187.356574057073
-2192.8593612145755
-2191.706679664116
-2196.8356111864014
-2195.663540876061
-2194.4991594373596
-2200.0207567073767
-2198.8374433834033
-2197.6882267021037
-2203.1662902983803
-2202.0133514092054
-2207.1316608312136
-2205.9591698759905
-2204.811971570054
-2210.2920513226773
-2209.137307858089
-2207.9772001874016
-2213.4683703147675
-2218.5825510012846
-2217.3944380271087
-2216.2112151172278
-2215.0463954042093
-2220.5156575878027
-2219.3484585277633
-2224.458387561381
-2223.640335303438
-2228.7500399042997
-2227.5593273968752
-2226.3702703985496
-2231.492255595616
-2230.6692123108405
-2229.5047909700793
-2234.6069881278063
-2233.803485723481
-2238.909110922025
-2237.715302312588
-2236.9120204429037
-2242.0005101922575
-2240.784094593211
-2239.5945996165906
-2244.679571786501
-2243.861852100741
-2248.944303533659
-2247.737447927511
-2246.9218339609483
-2252.0022002533547
-2250.781145422072
-2256.2774099319436
-2255.068172079566
-2260.1505389209124
-2259.3531360843
-2258.1499783726217
-2263.237972375356
-2262.0209581467097
-2260.813754718934
-2266.3031086562432
-2271.355152744422
-2270.1625452340495
-2269.3408764928145
-2274.4195233213036
-2273.207100424358
-2272.3768409716686
-2277.43605573886
-2276.237775679937
-2281.6299601109185
-2280.4867536068255
-2279.2724047819747
-2284.7380487489286
-2283.5125932409683
-2288.5540551630115
-2287.3112182511713
-2292.347292899528
-2291.559417614977
-2290.340417103488
-2295.416396964038
-2294.5645072414595
-2299.6472534555933
-2298.409166964221
-2297.6128449014095
-2302.661710751087
-2301.422262880846
-2300.607480947537
-2305.6517176499706
-2310.6843044745847
-2309.8785538378957
-2308.623554238218
-2313.666063397454
-2312.8657791351043
-2311.6058772001484
-2316.6580391139396
-2315.800167550677
-2320.8509313034137
-2319.6105805759753
-2318.7581690321445
-2323.806267468183
-2322.584661890216
-2321.7008293155677
-2326.7579165941765
-2331.810753006625
-2330.952877192094
-2329.7204980095757
-2334.740685468989
-2333.9315660728003
-2332.6892850235868
-2337.7005928222648
-2336.897810652996
-2341.9302871489344
-2340.6679851520353
-2339.9493230567446
-2344.9291869264725
-2343.708906121543
-2349.2225300094947
-2347.9540408118955
-2353.0040262319453
-2352.1821497075603
-2350.917992839636
-2355.9357406388813
-2355.0884690838275
-2353.7963634819484
-2358.843158579599
-2364.1832874903225
-2362.9515737033526
-2361.6848935464304
-2360.8121615719833
-2365.8444991046995
-2364.576646226869
-2369.992806880488
-2368.764917151928
-2373.775089568496
-2372.9548038521916
-2371.702157298924
-2376.7167343162682
-2375.9355570763446
-2380.9288973768184
-2379.654201601305
-2378.867239635548
-2383.868946899117
-2382.556562168796
-2381.836287117496
-2386.822233064134
-2391.835328783269
-2391.064840842153
-2390.2155762978323
-2395.3344311895694
-2394.133823660004
-2393.234713164444
-2398.3705726256903
-2397.052775276111
-2402.6081376087664
-2401.3939363400254
-2406.3210328437967
-2405.690091412828
-2404.3935682468796
-2403.072901044332
-2408.6864131087746
-2413.696436327463
-2412.3081328660187
-2411.8265942745215
-2416.7426205121806
-2415.483053068657
-2414.8114185153368
-2420.2445919807114
-2419.16341679945
-2424.224517799921
-2423.3452220453105
-2428.5798104948085
-2427.3012407434994
-2426.521395941247
-2425.334277325909
-2430.3567771302837
-2429.8038463999887
-2434.747348284337
-2433.4218112138224
-2439.0191419531116
-2438.2677070667787
-2437.156396748361
-2442.28856724735
-2441.5011066448137
-2446.7236285802633
-2445.559733550434
-2451.130780576491
-2449.9253730578544
-2448.6979056616683
-2448.1725169907318
-2453.4622810800865
-2452.5158400788896
-2457.830618400221
-2456.7254423525933
-2462.1003120198225
-2460.7049947343403
-2460.1320743734077
-2465.4188895725592
-2463.9739799960507
-2463.386000477357
-2468.641579469261
-2473.9097216461296
-2473.225963768567
-2471.95240093926
-2471.0675040852047
-2476.563880279209
-2475.2727747240015
-2474.536555569437
-2479.8870580467465
-2478.9102507774383
-2478.4258617082787
-2483.5344584731315
-2488.974802306459
-2488.1134611650177
-2487.1562146051583
-2492.9265490816124
-2491.380071350621
-2491.5418232817055
-2489.9151270594207
-2494.7602832126804
-2501.0737202435703
-2499.4291608512717
-2497.969616277183
-2504.2947646528532
-2502.399346348092
-2502.2091096903487
-2503.1423241387893
-2512.5195734005915
-2511.8843128353815
-2510.788544137887
-2510.0455236151506
-2515.618846874717
-2514.5987332272202
-2514.021383933111
-2518.922602203207
-2518.482782600206
-2517.4154243400717
-2523.0642827759975
-2522.473551307308
-2527.762739444966
-2527.1068269110046
-2526.0233616171136
-2531.554208998825
-2531.1147499557205
-2529.6885668172754
-2536.0923953517095
-2534.703385597745
-2534.1277814737973
-2533.231126328546
-2544.800295994423
-2538.3837651257345
-2543.0805339363633
-2543.4022679463155
-2548.3938948789187
-2546.533783772517
-2547.2461381248577
-2552.1053217617277
-2551.966448991278
-2550.7917771825287
-2552.892487686423
-2556.2762361857376
-2560.0553201375287
-2556.459016475884
-2558.368280919775
-2561.635766830343
-2560.019809259175
-2561.0243568747683
-2568.057874460762
-2566.431608837367
-2571.1191082304385
-2572.0866322457337
-2576.273332075873
-2574.560774850991
-2575.191812906149
-2573.4453270817203
-2579.4644800129995
-2578.9092921616316
-2578.6050482734217
-2583.9440276314854
-2582.968631953887
-2585.137460970816
-2587.598028715603
-2593.7691196668643
-2592.5904590650252
-2591.4821623980483
-2591.4304804097487
-2596.491644506424
-2595.71351294692
-2595.4135017139815
-2601.33486192481
-2600.3249399730985
-2599.2166758335725
-2605.382870662533
-2604.4076568516816
-2610.30282947363
-2609.205840305236
-2608.6666509597108
-2614.351843389937
-2613.5687698929646
-2613.0808605308994
-2618.418241664961
-2618.283676131014
-2617.136910486144
-2615.8415749769106
-2622.460770801685
