-1.0766714630185974
0.1826158577600057
0.17818074761199645
0.03585153557016599
0.00251019251398099
0.24911378346091817
0.3003717712685096
0.18678004863796385
0.06687929180458359
-0.031333701985361784
-0.018135076159261465
0.023399662272512757
-0.06613991565971931
-0.37393184377654454
-0.5952478843122657
-0.6607184779044273
-0.2110937009510175
-0.09121752920915255
0.18165938708029208
0.25225590122829045
0.20902771901323117
0.21876895870316754
0.2367671084155129
0.08874039018899697
-0.2308300502620775
-0.4324073812756112
-1.1302636300916213
-1.0689087829917572
-0.8780243969421855
-0.3902217638013181
-0.35913501749108195
-0.2922201246445048
-0.16496640642667076
0.1094509201568734
0.25679320797948957
0.17226507648707537
-0.27800371236874066
-1.0194945985102235
-1.2394773582899312
-1.2243433504777732
-1.2503331164123153
-1.387173787039517
-1.436109283974294
-1.3345669631911228
-0.6570717450751573
-0.1969505236646208
0.2276290239368472
0.08477028881688788
-0.4557863176043324
-0.777457583032197
-0.8833490532766105
-0.952784749337416
-1.0088880982326776
-1.6811281549076937
-1.8084309258521603
-1.7981766211304109
-1.1989995655276637
-1.231918854485708
-1.17669811705445
-1.7266850439704413
-1.9238929349605052
-1.8150066617982246
-1.6406737729886023
-1.2324200386958375
-1.316218099249101
-1.4734935172711663
-1.5620894152992004
-1.5366196010484618
-1.4999356708932206
-1.6130982633506745
-2.418830156766368
-2.5749721675643995
-2.5119927861182534
-2.3312522662218327
-2.2106248517297393
-2.0035342578833104
-1.5078724347109538
-1.6107480908987377
-1.6428471398530324
-1.670606727437868
-1.6934639602334918
-1.8280463041635724
-2.3268647164958884
-2.5973549583808393
-2.683869993838263
-2.631094517970319
-2.593359878452618
-2.629494067508992
-2.7147056991620904
-2.8208220622252638
-2.887167853478612
-2.909383317008592
-2.8985156276753674
-2.895709130241749
-2.8717330149930236
-2.8306451066524456
-2.727327978474933
-2.499064103475106
-2.4389062397048247
-2.4587396946301254
-2.599064900108986
-2.8698814946012168
-3.036997508119309
-3.1610777643939403
-3.220957176676171
-3.194075114560527
-3.159258007880756
-3.1478659596158103
-3.1685518046064414
-2.9482568382137693
-2.8617745181023357
-2.917854645793943
-3.0447750218919545
-3.2290691259573308
-3.3169072131300004
-3.3378191158822776
-3.321583449263775
-3.329355893970883
-3.3990307709739045
-3.540850680060219
-3.637230167909075
-3.7162042100885353
-3.812077761389024
-3.9349538175136236
-4.039501995788088
-4.073701592742591
-4.007206874032847
-3.9143999451171547
-3.625556305992568
-3.5057416207618384
-3.5781653104373006
-4.161776706784737
-4.165649727864247
-4.176929400412068
-4.071482410545002
-3.9963347646798795
-4.012432188834659
-4.1555059937660115
-4.3558516617049605
-4.501160569311488
-4.754127517364778
-4.59416407982213
-4.820735317482205
-5.01699144522314
-5.12940392015362
-4.436724614581597
-4.527744395820975
-4.250214788829033
-4.224375055886959
-5.010495446167529
-5.2626282809451
-5.456528776877858
-4.616597059146909
-4.696045319873741
-4.637462676272842
-4.678777598944302
-4.7946013327810535
-5.491371599890046
-5.688305482122902
-5.784237556750698
-6.194505557916791
-5.850963349931598
-5.963239477264209
-6.090771559782344
-6.2343187168147365
-6.393106068539507
-7.110885455180268
-8.810013492900907
-8.669924875000422
-7.128030968407993
-6.361440407045971
-5.252632553131618
-5.239411958020147
-6.297052373237635
-6.460381830665436
-7.286233660630381
-7.049716600695864
-6.227376006313479
-6.087053114309807
-5.846607824628161
-5.986703106707718
-8.40645505176175
-9.109699744722025
-8.845904689403568
-8.45732478993278
-7.06419446007277
-6.770366047208037
-6.979267900463972
-10.935735679005417
-11.16190010128924
-10.871462921186042
-9.594776267401894
-8.311362389527936
-7.8539666652403
-8.218830583040697
-10.803693953628533
-11.64263733545127
-11.42452115916126
-10.056715047088689
-7.995853348728912
-7.08943619817848
-7.286373603492179
-7.700814233257442
-9.012139355460771
-10.226023459630936
-9.830488193792192
-9.906636533626772
-10.048278936333228
-10.473826568260955
-10.860071832022976
-11.132307291148994
-11.227196331046422
-11.244638924348404
-11.443755686499872
-11.638204350479416
-12.196902077767033
-12.567634814314422
-12.815357117069311
-12.782020441679101
-12.890454217935309
-13.114364048726927
-13.205349027848646
-12.35279977838495
-12.368331601931558
-12.300707441471136
-12.397983554933896
-12.52987853271002
-12.666196801177714
-12.810963740807521
-12.856777203061386
-12.948983755065678
-13.039119633119764
-13.158694992329867
-13.246990870513137
-13.281383085156923
-13.375287852727507
-13.324293295304265
-13.770132571224602
-14.100761854380087
-14.259558950657267
-14.717441281620411
-15.35789577403032
-16.036945539648947
-16.691693912924343
-17.345978817509128
-17.878710682108924
-15.429823271608225
-14.513313303864356
-14.218447345904398
-14.387024192754545
-14.698146632996831
-15.136147445687207
-15.517261130742002
-15.838642499926175
-15.753890604376824
-14.215797776903807
-12.288613807719534
-12.798279673024535
-13.19508180244982
-13.548973244325568
-13.957588606320362
-14.396498622180392
-14.844905745004118
-15.246453992596406
-15.581067317018434
-15.929363970675519
-16.31303499475323
-16.82958030477462
-17.529056971032684
-18.110701616663896
-18.495795013825937
-19.498022177537557
-20.064593834257707
-20.338839455775016
-20.441028933139027
-20.56521834914118
-20.787575741885476
-21.008853517943503
-21.252492698468245
-21.55172216309813
-21.851230291931213
-22.191014459698465
-22.60986201923816
-23.112395754887526
-23.459976583338864
-21.724261443433125
-20.90486083040707
-20.85202858184777
-21.048551290435704
-21.291542095602967
-21.563496808044178
-21.800105944939663
-21.320897032307702
-21.435741934719022
-21.516637122085527
-21.54058517639682
-21.772051708823586
-22.15177510302614
-22.524837041938433
-22.89138354217447
-23.19229427427614
-23.17538902647508
-22.37385139134042
-21.265178453637013
-21.41993172626098
-21.945400823381032
-22.35322181748559
-22.72217324879609
-22.874896110967022
-22.610792802692742
-20.732558845273005
-21.095631597937622
-21.643394152470556
-22.20302630516709
-22.75014215334755
-23.230023024036463
-23.533343809993944
-23.826154941809445
-23.995027390658127
-23.86502407947076
-23.883635177130422
-23.704115773115078
-24.125391252472706
-24.62969813094594
-25.183459449887547
-25.739672793296116
-26.428131011873198
-27.18950630702584
-28.0036599562025
-28.642563866369688
-29.086207801317663
-29.440459491595103
-29.142019783429756
-29.009683371046243
-28.994447538846863
-29.20600449579952
-29.528536363094844
-29.831870428630914
-30.1587891119946
-30.487265182143652
-30.78027942604247
-30.758907400299748
-30.574426906974125
-30.702265950271222
-31.04532885786388
-31.377000123888635
-31.630169266822122
-31.921042907656997
-30.400868748363724
-30.39787868042154
-30.48803778874605
-31.25526362569226
-31.519193710016268
-31.648421982245974
-31.315310775306287
-31.02790088274389
-30.939353899503224
-31.007820099249752
-31.078023689839146
-31.250164263935094
-31.402743092890635
-30.733681469634433
-30.71969493418916
-30.948341410626757
-31.19241795075889
-31.449399006377757
-31.735500541965063
-32.043631499084924
-32.23728423933262
-32.20405415755566
-32.046332572209124
-32.19125458564323
-32.49050346152806
-32.86668393763031
-33.33523759043941
-33.65083501337164
-33.92222630185454
-34.09286073787052
-33.8340282613942
-33.695713631340496
-33.984478351519826
-34.47160109208388
-35.12089158951005
-35.67322676158748
-36.31617689782338
-36.98079431888883
-37.473351936152994
-37.81000220571478
-37.97901388930063
-37.796351679282324
-38.0021809118816
-38.164294242928236
-38.44084865726987
-38.81133655788115
-39.24332491534411
-39.61304986259667
-39.72147008227362
-39.674991705856876
-39.66847187498506
-39.88003262569863
-40.172848367991605
-40.45624109154176
-40.7202149039211
-40.95459861648601
-41.20299389510903
-41.200667220347285
-41.047455970961
-41.22319728646116
-41.63907914709689
-42.47127286633807
-42.85928851631007
-43.18068461121135
-43.351951171010576
-42.51004577609378
-42.52552448079133
-42.77231073197333
-43.18326343227501
-44.40360508680687
-44.94872444678437
-45.42538503570968
-45.73929344001596
-44.42349950572285
-44.52648932222553
-45.72259447324066
-45.993977803511065
-46.3169644771742
-46.664423727058775
-46.98652509740398
-47.14604833280597
-47.184776504680805
-47.034945260751826
-47.131428496860075
-47.472299858184755
-47.90606874589953
-48.39941120571095
-48.752077264483724
-48.90547634730193
-48.78749729276518
-48.70882492065137
-48.89759905860468
-49.17989500011401
-49.49439756333293
-49.84822153712588
-50.55116232147995
-50.5563921208581
-49.96599221742916
-50.10833722240715
-50.86547263337748
-51.46284911486932
-51.95256522030272
-52.34246259277406
-52.59510825003359
-52.637169783698646
-52.42229506909563
-52.56371362886921
-52.80249800076858
-53.093096681099894
-53.45245046737957
-53.79726314564766
-53.922033046837385
-53.77153783678853
-53.736593272479354
-53.74410349242108
-54.4021281657619
-54.74585118766292
-55.01379266066617
-54.71098530134735
-54.692297201890156
-54.847301307899535
-55.064664507916675
-55.35387828344241
-55.65907126936295
-55.815793356164214
-55.82152126048659
-55.758452954643815
-55.724393853169225
-56.159641944442384
-56.60383244851114
-57.03978135801779
-57.43135337084443
-57.57264276799754
-57.45512317718786
-57.44064000909571
-57.6281335954237
-57.93408180760009
-58.42265252737073
-58.72068850381529
-58.50517588924613
-58.49162751830084
-58.705196927797914
-58.90068535966223
-59.43298990561258
-60.054875659105996
-60.49271758707668
-60.760305417095815
-60.4947956217618
-60.529103820668574
-60.71477809311257
-61.08472483917317
-61.31382867650225
-61.51023577664745
-61.6775725585484
-61.6702012009768
-61.68507461195529
-61.87958888596495
-62.23411444340474
-62.641637989101575
-62.96778962833663
-63.013921368820036
-62.93723871853214
-63.052409050675514
-63.30908808249359
-63.59554051031285
-63.864803027788845
-64.03980903202095
-63.987205388481286
-63.8392204747898
-63.94460582835675
-64.19390857413272
-64.47120152521819
-64.68110694375879
-66.06875787327814
-66.59883167168788
-67.19785716255525
-67.40170544520178
-66.83093254849399
-66.78203096174009
-67.32962804930672
-68.6009939877977
-71.82983756318255
-72.55466383971395
-72.88936367703876
-73.2312738806772
-73.46952101995528
-73.57404475722004
-73.43346473283043
-73.31477909535991
-73.51179522716775
-73.92065518472121
-74.3799818436099
-74.77861754274153
-74.63961134667676
-74.49140153298102
-74.81663341700528
-75.21473178134562
-75.58247564066205
-75.90060248170242
-76.05866053295675
-75.89583802950996
-75.69144747695343
-75.97299730282018
-76.2686762868625
-76.48682722978513
-76.35434714176185
-76.33661922313483
-76.44215827309999
-76.66907060615546
-76.86594193064468
-77.09972825321562
-77.21333406547026
-77.22302262911269
-77.19352248356674
-77.4212715806342
-77.7351096365336
-78.0734186617552
-78.1896401712158
-78.12999726244942
-78.16095261412079
-78.30291299261191
-78.54889017640467
-78.73028046474452
-78.79232513072425
-78.70701851417711
-78.64051890182054
-78.77749192981054
-78.97890645167557
-79.17642625698475
-82.34185125320994
-85.55429706910313
-85.60856514755378
-85.81583359411081
-86.08984739218727
-86.33490849969851
-86.45371338274484
-86.36922885071728
-86.3568532969143
-86.53478272285145
-86.81227787775849
-87.0108208842979
-87.06626426495643
-87.02235581600972
-87.04297702091654
-87.22249525815671
-87.50234183763126
-87.65942104411113
-87.72375062529531
-87.69206292729899
-87.70103223014755
-88.09527703500218
-88.46327799607532
-88.58762496599675
-88.58564517897499
-88.4005533704
-88.48622646372954
-88.77458217564697
-89.11365706676894
-89.62246273032439
-89.8182474951761
-89.12319719390054
-89.14009248484179
-89.57990273204602
-90.10374630965633
-90.88726689984946
-91.11142264435718
-90.50131961045557
-90.4550202409825
-90.95242926268081
-92.35532546284598
-93.17195196924895
-97.39618582018649
-97.43425683745764
-97.66883772771124
-97.97299770530071
-98.24688852931904
-98.33068220040738
-98.15526021062279
-98.06682174850708
-98.27303760740581
-98.5934343231561
-98.89419749806225
-98.9817900381369
-98.89844074076458
-98.97433164951921
-99.16421099144141
-99.45962247182463
-99.74038850861261
-99.81833283113579
-99.78492898763598
-99.5177384112581
-99.76326944450572
-100.00172107778114
-100.0297330521497
-99.90613887639796
-99.92111768942713
-100.14438341194244
-100.38323213154855
-100.5103163738099
-100.47421510935362
-100.43229006384308
-100.53871583242243
-100.8001168862616
-101.639859668859
-107.33184097102817
-107.30831342899927
-107.30721237503069
-107.46901125580463
-107.60545699638168
-107.66498718858902
-107.66907036461586
-107.67037137155607
-107.74457378653086
-107.91180057985132
-108.05442872797411
-108.07393793662273
-108.04684883248987
-108.07084889771231
-108.23610666742941
-108.41189691537858
-108.48354173848297
-108.43149620357313
-108.44252764031144
-108.59302397839504
-108.77637576980177
-108.8611383151564
-108.76935497590283
-108.76058048418277
-108.89752844731007
-109.12117881380692
-109.16558262299738
-109.04674962588749
-114.92101257740103
-115.42395697123075
-115.61664641795241
-115.71661608598055
-115.70183687323905
-115.62689790451556
-115.65730772499239
-115.8099669132406
-115.97942744913064
-116.03482521598681
-115.90290937015904
-115.98179246116455
-116.1847077990218
-117.04684446903156
-116.30523993135259
-116.13467925550987
-116.20511305679275
-116.34408891954236
-116.42605043856472
-116.4292276258541
-116.48560064771186
-116.50417452371227
-116.5345410439982
-116.66644343536895
-116.78474339870192
-123.2395342187827
-123.21521109183337
-123.1853194108962
-123.38650215104461
-123.53688927938381
-123.48377668436395
-123.39884070220943
-123.5230645913789
-123.7199177910363
-123.86127495620536
-123.74242349412368
-123.6824881754177
-123.8022172126291
-126.39104024828835
-123.90031114663606
-123.78234839187391
-123.76039711457126
-123.92325012275892
-124.09563556070576
-124.1577089977702
-127.41563269129234
-130.08577500325487
-130.44158221636047
-130.6924949413241
-130.95993559314343
-130.73175171834495
-136.8809594076872
-137.01030107132408
-137.17039473217508
-137.1895775334894
-137.07363496504146
-137.06033943445752
-137.17162037735758
-137.3042979617425
-137.32505402421688
-137.25969858952027
-137.28374093539404
-137.4185218957662
-137.56803144310408
-137.6069583201153
-137.54538431654046
-137.57888469175046
-137.69394858821818
-137.8302925809241
-137.8700241543425
-137.794477723447
-137.78601966765024
-137.90395322812662
-144.2977821235589
-144.29772581169388
-144.22769767874874
-144.28911873505496
-144.41292419553812
-144.50758810667762
-144.49202373788864
-144.4639728669012
-144.54945548776055
-144.69769293488267
-144.79662760389718
-144.8025408412139
-144.7866244565557
-144.81013351699133
-144.91485310624572
-145.00782732144498
-144.97397670692462
-144.91138349276306
-144.9507857949871
-145.0738477994773
-145.117396829816
-151.34778950366146
-151.32158299855777
-151.41633568446704
-151.57502035981716
-151.63273994393055
-151.54427997469915
-151.5530262898461
-151.6946875742501
-151.8462572019272
-151.8441941239131
-151.7837281045162
-151.83696361522766
-151.9391248916711
-151.97951270148067
-151.96190461552678
-151.93809339648323
-151.95754420332065
-152.03327179415658
-152.13269915768223
-158.39800115723207
-158.33125773491264
-158.43348362936868
-158.60676932460456
-158.69539721340325
-158.59084245595767
-158.58123003886757
-158.72581011117032
-158.84441831897217
-158.8324212385302
-158.762778628734
-158.80264737133547
-158.8883056199379
-158.95188512445512
-158.93454061937874
-158.92049506049176
-158.98026859314754
-159.0815771158513
-159.11639388589018
-165.35423635163696
-165.36579856597783
-165.49562707944037
-165.62775055915654
-165.59526771601801
-165.51271882324767
-165.53332053671963
-165.65186269828902
-165.76376691098181
-165.74789136583237
-165.60331200973562
-165.6628480927071
-165.8459275786277
-165.87764960430815
-165.73201808133433
-165.7333762754531
-165.88789098224763
-172.24851017347356
-172.22272592588374
-172.16748031228258
-172.2279974107777
-172.3385600635903
-172.44686021334144
-172.41986059799922
-172.3770996699285
-172.40149211949486
-172.49742524268532
-172.53362735491302
-172.4831813570574
-172.47259833736248
-172.5122787230995
-172.60123645273677
-172.5793168831972
-172.52598076963076
-178.8904720275074
-178.98157454334387
-179.01671268911096
-178.96521615919085
-178.9672578197911
-179.05561982757385
-179.13809271233455
-179.12787180407597
-179.0655455719665
-179.12741890271107
-179.21234905190536
-179.2907753668197
-179.24861395198354
-179.1592013980898
-179.219935198437
-179.27744223686148
-185.06664850503077
-185.51580514742625
-185.63782971149072
-185.7246140013034
-185.67077797766763
-185.64590921378493
-185.6482516958438
-185.72321218255428
-185.79873578074034
-185.8470528543096
-185.81011370710587
-185.8261501130229
-185.90899752745403
-185.94532035733934
-185.84829310282726
-185.84809765538367
-192.1633140792907
-192.24143347375264
-192.20977960922582
-192.15301606505344
-192.28445362125214
-192.38524643189174
-192.32874328222098
-192.2954350234684
-192.2974692100643
-192.365766600587
-192.41928878354196
-192.4228558748915
-192.3819472674172
-192.4000989954968
-192.45496486723232
-198.82134239563263
-198.7296788370368
-198.71786886390709
-198.7830652448225
-198.84272137052548
-198.8061554922178
-198.77256476562832
-198.87597436318765
-199.00129580535022
-198.91304312754724
-198.87015756760266
-198.86917211081067
-198.9312137827331
-198.9821486761712
-198.94737077161128
-198.92130846052734
-205.2720274518632
-205.31700079735597
-205.311816529631
-205.26992945660564
-205.28702822936165
-205.35696239284275
-205.38100642503946
-205.33637049819538
-205.3434111944632
-205.39304760882874
-205.43317463440863
-205.4243780891875
-205.38540469486605
-205.4050538376995
-211.77601799719793
-211.77386926872998
-211.73352463537472
-211.73441757605437
-211.82598647367286
-211.84014185565184
-211.77389396662272
-211.84225958177998
-211.8138975321521
-211.85046566759752
-211.83066204606246
-211.79244086803092
-211.82924457845303
-211.87464920345514
-218.16184032780242
-218.14707915836635
-218.12652484034038
-218.18722117216598
-218.225680704776
-218.19634703402517
-218.1768349664737
-218.22271656922635
-218.26353937612677
-218.23246143680475
-218.1989507462219
-218.24225647614904
-218.27746487083948
-218.28564307553506
-224.549692690119
-224.55500552009735
-224.58663665029536
-224.63035609676402
-224.5750935035523
-224.54727519556698
-224.60285515983261
-224.62855720006337
-224.56899673117584
-224.52523672373903
-224.59308884586378
-224.6528140323103
-224.6106842939265
-230.82966304205897
-230.93075687122018
-230.9728994976363
-230.94746983604264
-230.907791732275
-230.92724558170417
-230.94707549918493
-230.92952962628
-230.88790619855584
-230.86683641767462
-230.91444225075773
-230.9349203713346
-230.88886907845014
-230.8702381132919
-237.22348960680722
-237.27817812809207
-237.24082849030938
-237.20697334189205
-237.25294825792457
-237.3060380156072
-237.25651050862746
-237.19717852675882
-237.21395473584838
-237.24966193435077
-237.22199107758115
-237.15395175675414
-243.38642066926602
-243.51757346261778
-243.51434172308822
-243.45031680564833
-243.46130783601342
-243.537037888915
-243.54915130474055
-243.46647888382628
-243.4631104653057
-243.52889050890136
-243.51911282831037
-243.54837605139323
-243.50524039071402
-249.77171684230345
-249.9422551063941
-249.91251675379516
-249.72282135152713
-249.7269037627619
-249.76649373074707
-249.76060794586564
-249.68574518699398
-249.69942143727388
-249.74714267233162
-249.74494167015501
-249.65219329699136
-255.95620633477287
-256.0241995779762
-255.9788711806916
-255.9032831199819
-255.94131779349502
-255.98671486182226
-255.99901119016755
-255.89954716240243
-255.90837793975783
-255.9310250437607
-255.94699267888305
-255.89470951717905
-255.8615965380589
-262.1804812259593
-262.2108030096289
-262.1462759761165
-262.10353303986875
-262.1452329789747
-262.17752215788227
-262.11209535419675
-262.0537644439379
-262.10396127814164
-262.140825187964
-262.09533456032193
-268.3418442790785
-268.38108975589034
-268.41155329861346
-268.37280714864517
-268.3043416145699
-268.31321895494426
-268.3841551477374
-268.3652150829573
-268.2851289192447
-268.2903485974643
-268.3401057632257
-268.309884202245
-274.48051287217817
-274.5082731516235
-274.55595205969826
-274.5153551434486
-274.45697736209144
-274.46967999941904
-274.5399091943798
-274.494603243633
-274.44688377394306
-274.43224414738063
-274.4534456517584
-274.43778482045093
-280.59764909302294
-280.5926092221421
-280.6400845350866
-280.6346164748057
-280.55367993427524
-280.5703512406725
-280.63909000540696
-280.5950566658753
-280.53238587497475
-280.5550074431061
-280.567644657634
-286.75897542783565
-286.72350170958055
-286.73674378064084
-286.7105600752005
-286.70537507259775
-286.6924659119101
-286.67059136368823
-286.6881829234813
-286.6775381400706
-286.6163575713249
-286.6033911973661
-292.88920097070366
-292.8673244345577
-292.77107321102983
-292.7817451737737
-292.81978769698213
-292.75021043924073
-292.7309538002896
-292.7421366418083
-292.76283676424885
-292.70768221810397
-292.67699980779446
-298.92798819329704
-298.9487152645645
-298.92089288406436
-298.8560864600679
-298.84499904966293
-298.89583363039327
-298.848713731338
-298.7755213054376
-298.7818474822354
-298.808265503352
-298.71831278998025
-304.91558809960526
-304.9579826972544
-304.98415968511136
-304.8989925019365
-304.8522968274159
-304.9091447739303
-304.9066357784637
-304.8345421822486
-304.7970936410752
-304.8045807422087
-304.85330248429915
-310.986363916756
-310.9460403621549
-310.967072281492
-310.98070180038326
-310.8923938540152
-310.88002610807496
-310.90984447048595
-310.9191965991802
-310.80674680065727
-310.78150047554306
-317.05566913500513
-317.0087642450467
-316.9326976702269
-316.93312787397076
-316.9448614652719
-316.94084752126395
-316.87289461881034
-316.87109673064117
-316.87046502190833
-316.8399114891645
-316.81676784413054
-322.9954244760362
-323.00081235260234
-322.961105354581
-322.88821648777827
-322.86893609177446
-322.90247638128005
-322.852624853503
-322.81778349352305
-322.7956833195621
-322.8778898605223
-329.0014829095712
-328.9318239539151
-328.9665721609773
-328.9444628755605
-328.84500135270906
-328.8562998700266
-328.8641393931161
-328.80290094285454
-328.7436928277316
-328.70121430952844
-334.9822549993407
-334.9136271845165
-334.83303102279217
-334.848022315984
-334.86535843711687
-334.8248181536298
-334.7364424049206
-334.7638273991443
-334.7800729588292
-334.64640750745275
-340.85926135056803
-340.8764841731897
-340.8431806838986
-340.74283857117956
-340.7132041135518
-340.7883201534825
-340.7102994897822
-340.66455424271624
-340.62834367103073
-340.6199367202817
-353.26545343390336
-340.42275460314306
-340.44711629743654
-340.4542264583874
-340.42387413255074
-340.25675641155397
-340.261550530563
-340.27241389581286
-340.1659630855052
-346.45321550314213
-346.4970617248989
-346.45318562529053
-346.3317366928224
-346.3079295346792
-346.2838367324246
-346.2027812059928
-346.12388750531875
-346.13233594379597
-346.09225599738096
-352.30673343989486
-352.27344576488935
-352.3038542631326
-352.2882703452203
-352.2080638254473
-352.09665382523394
-352.09788957028843
-352.06496548010676
-351.9611010634231
-358.2770952155455
-358.220313764464
-358.1537204035204
-358.0548103950254
-358.0883522857419
-358.034887805868
-357.9485843049205
-357.8777763642058
-357.87443504564334
-357.8499371564813
-364.04543508276237
-363.9734386908851
-363.97701920136547
-363.93141228874
-363.81704699828254
-363.76496580829837
-363.8004599964553
-363.7032363729749
-363.6044738731083
-369.919689333403
-369.918625334418
-369.77588551003487
-369.7354174508746
-369.8093169772211
-369.652227968627
-369.5431049873877
-369.5474510758019
-369.4873101110489
-375.68932595170827
-375.6710543730853
-375.6156660446437
-375.5453633582999
-375.499647998347
-375.4235415433157
-375.3745608236726
-375.35478214661237
-375.26303906272955
-375.17436702022695
-381.4691034836509
-381.41399390314535
-381.267807661473
-381.2635406464201
-381.26514773441653
-381.1036611420531
-381.0421014257866
-381.0731191693544
-381.01609719342605
-387.1547525540255
-387.1483224887629
-387.12029244799805
-386.9976827756846
-386.9188263305387
-386.8950877840666
-386.84127965806175
-386.72266509917495
-386.70509852310084
-392.96013912820894
-392.861796074172
-392.78177990777897
-392.75173063367095
-392.6936235789821
-392.59065486675075
-392.5263747101047
-392.49099063574863
-392.3936451475489
-398.5909827588314
-398.5491826580844
-398.4741296812476
-398.4045374915924
-398.33103291636087
-398.2462738991488
-398.2043285226173
-398.0911626056054
-404.2915971779189
-404.2644725050178
-404.2046159948279
-404.044369138025
-404.0063017916744
-403.9848415238559
-403.824854597857
-403.72527910020904
-403.7560284157392
-409.93047490775456
-409.77616069820795
-409.7854765813325
-409.6940347750036
-409.53298044756974
-409.4899243157424
-409.4515242570605
-409.29662953000803
-409.22587811823325
-415.477910570323
-415.36969883136095
-415.2860581455724
-415.22813607029354
-415.1419783554579
-415.05902043492887
-414.97608771668024
-414.8714991642229
-421.10083071579385
-420.99832868558497
-420.8990616421007
-420.8427732649975
-420.77723580382417
-420.6325931326824
-420.5779657724941
-420.5496986927316
-420.4270415323011
-426.60181415487943
-426.55509467640417
-426.44568812918897
-426.33200917002677
-426.2506890148722
-426.1791843197793
-426.05772452773766
-425.956061189517
-432.2149288847493
-432.12279545791836
-431.9485258297981
-431.90368392596145
-431.86551793935007
-431.687626765128
-431.6305309817037
-431.60038633669967
-431.4327067008631
-437.6373731299587
-437.6128318664786
-437.4810411945511
-437.344200623635
-437.345153435622
-437.2438516826261
-437.163924307377
-437.0953567860283
-443.2838107668555
-443.1970847236296
-443.07400034248553
-442.9836664015426
-442.9397608701733
-442.8608093376202
-442.7362921909456
-442.648762707586
-448.9003734078097
-448.76798117113003
-448.63620193484525
-448.58138916922474
-448.4649342261854
-448.36158511917716
-448.3138543962508
-448.23569277490196
-448.05804869412816
-454.29632120851994
-454.24236651509443
-454.05750195746185
-454.00465820776895
-453.96361121440873
-453.8256132865825
-453.6910986804294
-453.6400798553687
-459.8220485865343
-459.6812517179438
-459.5770097298398
-459.49486328763516
-459.3886834066982
-459.13422402356065
-459.20449514850844
-459.11614862109207
-465.2724173329981
-465.17170741125034
-465.06873063309746
-464.93827442398964
-464.68102575091507
-464.61682792941025
-464.6766776619965
-464.5310131365968
-470.71963383879597
-470.60312155334714
-470.4274420815911
-470.33523377041513
-470.3013021627038
-470.0004151674598
-470.0503710834757
-469.98876191310876
-476.1712238090743
-475.96018037808665
-475.90725279426243
-475.82063369816166
-475.48516237205433
-475.43565431063246
-475.5560823864147
-475.3814169935045
-481.55143100422583
-481.4485033108315
-481.30327197796794
-481.2240579334949
-480.9652418177448
-480.84013034003186
-480.90086099368375
-480.7994921677319
-486.9666487899627
-486.8217494870054
-486.68897870812947
-486.6367264261867
-486.577122908577
-486.25948634105555
-486.3011294845166
-492.49424473209905
-492.32636169340424
-492.16672357174673
-492.1293015730765
-492.02799937922146
-491.8375520906955
-491.62175605767686
-491.6685460715687
-497.711634888697
-497.64746647056734
-497.53127181016464
-497.34115046388894
-497.1209105837994
-497.15090915090525
-496.8265869570663
-496.89577416910515
-503.02290819502576
-502.9661619743247
-502.8057755431766
-502.6753609182944
-502.4431072300447
-502.46724944262
-502.33638918097495
-502.2554921375806
-508.350287350741
-508.2083991142831
-508.12275084537225
-508.0287691982637
-507.86604695501563
-507.7916313427983
-507.723099288824
-513.8057550719967
-513.680479606089
-513.598440627429
-513.4330940876508
-513.1506932911624
-513.2594705158625
-513.1071150910726
-512.9674350477586
-519.1864920432857
-519.0397275638834
-518.865600707484
-518.7702046433249
-518.702922933087
-518.5213106008346
-518.4182629723537
-524.6152209144312
-524.4546419481887
-524.278755504366
-524.2183045073211
-523.8871037179119
-523.9093585019237
-523.808536954006
-523.6529141663528
-529.7896797701584
-529.6625521409346
-529.5221592103196
-529.3555038018155
-529.2750281093513
-529.1382344356416
-529.009471647614
-535.1941361129905
-535.0565762563317
-534.8769657214738
-534.7497350750898
-534.6265849855972
-534.4968508941419
-534.3493564488766
-534.2229162278325
-540.4046487011854
-540.1484614958244
-540.0771380639266
-539.9106639898854
-539.7903583929052
-539.497786636184
-539.5423414461578
-545.6376316264442
-545.4565950538342
-545.336574376138
-545.225463054246
-545.0849143549841
-544.8201832178136
-544.8093043662229
-544.6551011586583
-550.8140404276306
-550.6687835264033
-550.4859507823702
-550.2587777906044
-550.2945572035832
-550.1206299998585
-550.0047209677408
-556.150599498112
-556.008768735391
-555.8463080479765
-555.7398586455647
-555.5833053922572
-555.2516156742392
-555.2883868131954
-561.4718242759762
-561.23878720767
-561.0882470837641
-561.050212127394
-560.8547885024085
-560.5364393135503
-560.4135193573545
-566.6673795168131
-566.5093678309365
-566.4120292767947
-566.1625516195909
-565.8314367345841
-565.8244157240488
-565.6046683824261
-565.6180105625905
-571.8214172766538
-571.6097491039847
-571.4259315010022
-571.1792684433641
-570.9533802552105
-570.8644137348344
-570.8694083150835
-576.9618148196042
-576.7876071866425
-576.4531849685816
-576.4147635237931
-576.3596109503418
-576.1977697906691
-575.9801784798907
-581.9680961504138
-581.8092257293566
-581.7292815441492
-581.4968023170414
-581.418823134783
-581.2969091341471
-581.1578668174863
-587.3080230006046
-587.1863673277198
-587.0743461962331
-586.7422913491687
-586.662321367163
-586.617842743816
-586.4407108166159
-592.5780240472192
-592.4054926431052
-592.245498609311
-592.1229733987224
-591.8507472637681
-591.8067117424805
-591.6788280529366
-597.8107616820952
-597.5759894164736
-597.4291307989281
-597.2778946572238
-597.0333150265809
-596.9606849851077
-596.8216583524812
-602.9211715839389
-602.5978757754353
-602.5614099384971
-602.2930694501532
-602.0897707378296
-602.0940300011931
-601.9408122836626
-608.0150910722462
-607.7840008941198
-607.6330857022317
-607.4031004359911
-607.2907592468042
-607.1495195179524
-607.0146210388442
-613.0173795959985
-612.8760865485131
-612.7430352457998
-612.6132633247148
-612.5072472751148
-612.2589120684007
-612.125095937205
-618.2117952979866
-617.9970168478497
-617.8756770225059
-617.6715723587421
-617.5058840989932
-617.3874857815089
-623.4795311745361
-623.2899576916052
-623.1639057450884
-622.9895049547438
-622.793622474203
-622.6341216678372
-628.7678482757663
-628.5671667077506
-628.403664783988
-628.2270174865346
-628.0059319963876
-627.8424691559424
-633.9903589364183
-633.7409772119986
-633.5875101808314
-633.4290052290986
-633.2037455699874
-633.0357185762194
-639.1609461098367
-638.9383150874813
-638.7971756032158
-638.6460478637415
-638.4506445221425
-638.2504134113564
-644.364014759096
-644.1662348187476
-643.9869327433083
-643.8523270520988
-643.6486680737112
-643.4624500371684
-643.2357798005468
-649.3409770738575
-649.1551184376815
-648.9952557759784
-648.731124136148
-648.5380632119545
-648.4244276780565
-648.1929045304777
-654.3095253241424
-654.1422712398099
-653.9491405458516
-653.7855973748914
-653.6220775385257
-653.4008759255116
-659.4802982173138
-659.29806977589
-659.0637636758486
-658.8820899711899
-658.5098716541868
-658.4821537355308
-658.3405868724657
-664.4507976426157
-664.2056297076382
-663.9949477527962
-663.8496317265805
-663.4199213646064
-663.4287566947792
-663.2960187014033
-669.3662414266113
-669.1397071759333
-668.9784422543224
-668.631595155911
-668.5690749714097
-668.4175037471456
-674.4297462887049
-674.2561278493778
-674.079190762111
-673.8129587671614
-673.6592188845744
-673.3656487431706
-673.2112287772134
-679.3591798835531
-679.1373527179538
-678.9183930780886
-678.7398100908458
-678.4575582939325
-678.2921250818222
-684.3828860915911
-684.1370619303303
-683.9495299567285
-683.7159172185941
-683.5370225625421
-683.3265298355608
-683.1498345345562
-689.2432282236908
-689.0046572421528
-688.874243674943
-688.6649780028702
-688.4197311342341
-688.2420570301969
-688.0157936199859
-694.0677576426618
-693.9089816170555
-693.6383976737517
-693.4356251796526
-693.2397253996188
-692.9961197789049
-699.0928608439201
-698.9054440907138
-698.6497162830395
-698.4480621561972
-698.2113993604868
-697.9713417418217
-697.7620941662639
-703.8233833954033
-703.5681064380019
-703.3583827786465
-703.2439827056562
-702.9893127198005
-702.8163247393337
-708.8634618724116
-708.5876015102756
-708.4292002087119
-708.1860518052003
-707.9418957501198
-707.746788101999
-713.7973228995518
-713.5321052643797
-713.3860455833398
-713.1534563554327
-712.8929837759575
-712.7334567063598
-718.7730179892458
-718.5171532068122
-718.3506259593536
-718.0458377676192
-719.2308245088628
-723.9650232346042
-723.6397429077288
-723.4786384981437
-723.199660128548
-722.9432595168194
-729.0420840739747
-728.7957766938092
-728.6159213450969
-728.3756383946329
-728.1247559560042
-727.884152649123
-733.9689127020849
-733.7633896431231
-733.5010077113591
-733.3103829782949
-733.0461999159287
-732.8052933470103
-732.5903499433924
-738.7380112518125
-738.5240201793367
-738.1593934826972
-737.8425428947413
-737.6142150514047
-737.3760227510471
-743.4452978257222
-743.2145996530098
-742.981675683823
-742.669627637404
-742.4919772544037
-742.2511867090949
-748.260750435939
-748.0637117892071
-747.8263496636793
-747.5724162750578
-747.311113993623
-747.0856695925036
-746.878321381482
-752.9137066056388
-752.6907762365973
-758.6421825130442
-758.4402594350889
-758.1510514528463
-757.9462519880904
-763.9501074939552
-763.6133888105962
-763.459768485739
-763.215027758456
-762.9254457814308
-762.7625054456638
-768.6941797070506
-768.4764440867556
-768.2116109410808
-767.9144220578132
-767.7522735239053
-767.4727937511271
-773.4331692130471
-773.2533078183642
-772.9355658621251
-772.6862048226914
-772.5205778341787
-772.200964009918
-778.2166923691998
-777.9988610783095
-777.759467479604
-777.4664860428194
-777.2406059131588
-776.9189133965267
-776.6738169485194
-782.7132441802758
-782.3617515713314
-782.1452874086422
-781.8889162106232
-781.6192681800701
-781.4075507688142
-787.3501142450109
-787.0632053383566
-786.8637770074722
-786.579941228809
-786.3322082097112
-786.1332374148169
-792.0874644903812
-791.8041173221163
-791.7581682384639
-791.2812049695198
-791.0045525194545
-790.7373007781569
-796.7328045498416
-796.6551566404145
-796.1303475027999
-795.8998382787707
-795.6008913590427
-795.2544845887496
-801.3891336485121
-801.054817858514
-800.7567383646408
-800.5121810929429
-800.1852481225824
-806.2271103771529
-805.9773407896064
-805.7202603662747
-805.4235750760462
-805.1706928120026
-804.8455206262497
-810.8743375479972
-810.5572340215723
-810.2280853039833
-810.1004784445194
-815.9870467125738
-815.7300832509377
-815.4655843509969
-815.13100243949
-814.8420452683588
-814.5493048641621
-820.5998993985219
-820.2917255575037
-819.9575300769449
-819.6821635480993
-819.345531236008
-819.0511464765935
-825.1112315809409
-824.850406130623
-824.4925982099529
-824.1928707927422
-823.8941676236233
-823.6672302718401
-829.612734332377
-829.2833244063562
-828.9998170773903
-828.7022474574163
-828.3452630983212
-828.0814651629402
-834.1551733181901
-833.771156390088
-833.5853680344305
-833.1655045095066
-832.9125431822266
-832.5299790255306
-838.6134384650927
-844.5977339781616
-844.2911923864787
-843.9065136608673
-843.6303648921426
-843.3417269086217
-849.3117037529304
-849.0813011101993
-848.6316294893636
-848.4023046538081
-848.1168547767779
-854.0273629876887
-853.7475578544799
-853.3919617265312
-853.1936654404137
-852.8211456668867
-852.4748464260828
-858.457891078752
-858.1761516472104
-857.8725318950242
-857.5632650013544
-857.19331538149
-856.9020377905521
-863.007294794801
-862.5532291020627
-862.1887299873968
-861.867072245306
-861.6013635313587
-861.3459765967361
-867.2840571162975
-866.8775028510698
-866.556371800409
-866.2223922262384
-865.9130017415018
-871.8172865960131
-871.5106620426751
-871.2449368916666
-870.8897864694532
-870.5652268405321
-870.1216935930513
-876.1777063641745
-875.8669827949155
-875.5512116177699
-881.5384808770845
-881.1134539043568
-880.8255019467362
-880.4994718416106
-880.2592551990424
-879.1022965178784
-885.7753828038398
-885.4181698948424
-885.1368442868818
-884.8057978411834
-883.8606680028204
-884.0557396078497
-890.0149928471211
-889.7172329964061
-889.4297254476097
-889.0774965088635
-888.7705989491681
-888.3525746485178
-894.2858852101183
-894.0108138399495
-893.6553211043805
-893.332152946294
-899.1754725173331
-898.8398524307208
-904.8315988028683
-904.4840065079775
-904.1638592578769
-903.7830412785463
-903.3814632714673
-909.3504289166842
-909.0146957099321
-908.6972413875549
-908.4315601937224
-907.9543528528261
-907.5913234118019
-913.4899545048069
-913.1724553512363
-912.8671224813173
-912.4973348514183
-912.1620302828983
-917.9694572497901
-917.6378813476804
-917.3249355498338
-916.9627772439164
-916.6527021939442
-915.529840363492
-922.1004167466969
-921.7999997074712
-921.4230100386485
-921.1093048604046
-920.7632680926929
-920.4218532179214
-926.306329086484
-932.1329304347639
-931.805340042408
-931.469044424012
-931.0900563327693
-930.7682925749563
-936.6820156834493
-936.2051762278164
-935.8490149720475
-935.4668205644368
-935.1649591089607
-941.0510819724742
-940.7035905678512
-940.3653175520128
-939.9822423253261
-939.5744618862814
-939.1226049072463
-945.0621966455745
-944.7461638615606
-944.3616380549455
-944.0559386163283
-943.6723432807556
-949.6015043122827
-949.1394496409287
-948.6899151225399
-948.3311077234601
-954.2544333707999
-953.9007051357997
-953.5552892848848
-953.1489584809437
-952.8229102282972
-958.7195477822482
-958.2623613412981
-957.835607307793
-957.4189058261878
-957.088586767346
-963.0292712251814
-962.6154868879631
-962.2724141671513
-961.8744399425049
-961.5160324798832
-961.1624228631981
-966.9311234463113
-966.510741088233
-966.0854827116767
-965.7650543574791
-965.368202744393
-971.2769803660652
-970.9405740298819
-976.7879365916126
-976.4132200412099
-976.0393659217696
-975.6147437104761
-981.4442563671337
-980.9428723164843
-980.602635705181
-980.2004963543766
-979.8253295904091
-985.72319845331
-985.3186419373666
-984.9409406860376
-984.5830306267893
-984.1527111211652
-983.8100885067977
-989.6577620676131
-989.2294837197372
-988.7015498858622
-988.3160945733894
-987.9375916103636
-993.8326119967144
-993.4842348803604
-993.056523609764
-992.5601393852075
-992.1911880927847
-991.7377869057824
-997.7639506611387
-997.3185080112879
-1003.1902176146403
-1002.7268725654836
-1002.3155937115915
-1008.0290432453284
-1007.5402153062415
-1007.147520245282
-1006.7400629647279
-1006.3363698992799
-1006.042084128369
-1011.7614170189995
-1011.3509156330124
-1010.9771380658055
-1010.5356558170811
-1010.1664923503395
-1016.0083566223003
-1015.5684386546128
-1015.1926650662465
-1014.7686086323903
-1014.3783009857868
-1020.1502224666078
-1019.789051551638
-1019.3266042634367
-1018.8934013295792
-1024.870331486697
-1024.2613990192717
-1023.633845197182
-1023.1747345020773
-1022.8016117684638
-1028.6048139346988
-1028.1955597995086
-1027.7542050807206
-1027.290564213412
-1026.8728070380657
-1032.6579610799386
-1032.249123357324
-1031.9189950573289
-1031.3178086893267
-1030.8890050101795
-1036.8466124195108
-1036.3938606882966
-1037.9357763262208
-1041.6469073973672
-1041.2166181814118
-1040.7102975982789
-1046.5415877483442
-1046.0293623837338
-1045.6234726006917
-1045.160907737252
-1044.680003122294
-1050.4631265222997
-1049.9712255894271
-1049.5261413238584
-1049.0677671850547
-1048.547060940254
-1054.3427125007686
-1053.9425166669685
-1053.5016214835018
-1052.888298333586
-1052.454519144745
-1058.2289996271168
-1057.7493957833324
-1057.8616204304185
-1063.0064970595565
-1062.5399061288329
-1061.9985367149302
-1067.8219202555176
-1067.2863208824565
-1066.8115390590042
-1066.2686602857946
-1065.788681547851
-1071.599345366823
-1071.089150849307
-1070.5829557637153
-1070.07063401819
-1069.5549799980927
-1075.3525499738882
-1074.814059647435
-1074.363174014017
-1077.148560420087
-1079.5493655439532
-1078.988910952138
-1078.6413357033916
-1078.141509191178
-1083.9114932622851
-1083.4402743155376
-1082.8939856869133
-1082.4548394985648
-1088.1931217804909
-1087.7507267141834
-1093.482545233678
-1092.9982002989784
-1092.5117282235838
-1092.0277808980063
-1091.5331700965796
-1097.3148064101888
-1096.8260984230815
-1096.2758395592043
-1095.7789365216126
-1095.3264781277421
-1101.0341484451817
-1100.5806138844114
-1100.0222306393512
-1099.6836506226075
-1099.3300087755426
-1105.0511052838906
-1104.5712184874753
-1104.0069238158053
-1103.5615969219018
-1109.30853932398
-1108.8228543174514
-1114.5691117837262
-1114.052179333952
-1113.576120410564
-1113.0416052107291
-1112.5586989240987
-1118.2966109077965
-1117.8123689410684
-1117.3049090005425
-1116.73262351416
-1116.2330655338756
-1122.0574409007277
-1121.568810581623
-1121.0636314227017
-1120.5871694636282
-1120.1743617158704
-1126.0499587811987
-1125.5661103589182
-1125.0087313594336
-1124.5408252219997
-1123.9976677125505
-1129.7857359239665
-1129.2410007479796
-1128.7380917658522
-1128.2157439107555
-1133.971078699788
-1139.7838787196156
-1139.2221923889322
-1138.711465851893
-1138.1944875883653
-1137.6766833436645
-1143.5534388636124
-1143.1869817154754
-1142.683751531058
-1142.129315624698
-1147.9130958191865
-1147.3626242422617
-1146.8333937438417
-1146.332753473329
-1145.820027376811
-1151.5570937132234
-1151.0500726449582
-1150.5164127351843
-1149.9923400358916
-1149.5835211060482
-1155.4663599041214
-1154.9397940601032
-1154.4119650032758
-1153.8489671690643
-1159.6091183122157
-1159.0477852697727
-1158.5240272604835
-1157.9723082586377
-1163.7325707798623
-1163.1741463658618
-1169.033093606462
-1168.6817152249496
-1168.0808516107675
-1167.5924236047708
-1167.0099376613173
-1172.770041376642
-1172.2075472011577
-1171.6727646132654
-1171.1151695054082
-1170.5650148225304
-1176.4633839187197
-1175.995244323361
-1175.498849583345
-1174.8960103299128
-1174.3913780863872
-1180.0686680242493
-1179.5283391131024
-1178.9718101424512
-1184.7036608420622
-1184.142865504743
-1189.9820306490901
-1189.5999148703875
-1189.002619823242
-1188.4786836173616
-1187.8995550493726
-1193.6384468286813
-1193.0698261505145
-1192.4914449696341
-1191.9105934706984
-1197.7794607141998
-1197.3409613982412
-1196.740883224857
-1196.2195617362495
-1201.9112356808016
-1201.3523468907447
-1200.7615591078688
-1200.2107130080387
-1206.0799996912497
-1205.5761781157516
-1205.068101324721
-1204.4266462490484
-1203.9005736151132
-1209.5682080587671
-1215.3256080415617
-1214.683536373967
-1214.2758456560182
-1213.8404965948912
-1213.2405276756083
-1218.9699708217647
-1218.3292024690563
-1217.7886313490676
-1217.1522265192798
-1216.7628019606157
-1222.5665847974553
-1221.9575194368213
-1221.380368521305
-1220.774832198092
-1226.4614726092982
-1225.859603542342
-1225.2629679009892
-1224.8060202928507
-1224.3720822863215
-1230.0803867532397
-1235.7131868990737
-1235.1264697829533
-1234.5283353225766
-1234.0854734195357
-1233.6073529572095
-1239.276191881305
-1238.6488275942743
-1238.0827604118726
-1237.4018337240661
-1243.1053021433133
-1242.6541713934755
-1242.197836092272
-1241.5970716311479
-1241.0280200855154
-1246.624890639363
-1246.0301591247048
-1251.845577944952
-1251.3699269851725
-1250.7893484062556
-1256.3843393621762
-1255.8186555453913
-1255.1485729507717
-1254.52764437846
-1254.0329790944568
-1259.870779204369
-1259.2143777803838
-1258.6193156861395
-1257.9886778502482
-1263.6274450160154
-1263.1741442857356
-1262.6544309938108
-1262.0758358521575
-1267.678062587124
-1267.040937480519
-1266.3837641528644
-1265.9244719466806
-1271.7376583556897
-1271.0998431841545
-1270.455484696853
-1269.8097783602307
-1275.5821969879132
-1275.0979264258435
-1280.7676818419882
-1280.0976973149698
-1279.4576647426359
-1278.7879079126312
-1278.3527973125545
-1284.0801275011772
-1283.4562594820898
-1282.792688418333
-1282.1702697472201
-1287.9145030993304
-1287.4260428685138
-1286.7925888475004
-1286.101939136859
-1291.7353051631187
-1291.2241427046836
-1297.0336572665467
-1296.3557768655496
-1295.7246418977766
-1295.02953998033
-1300.6528289815353
-1300.1321859813513
-1299.6240654436363
-1298.9432636780566
-1298.2989189493985
-1303.898332454267
-1303.4340948094946
-1302.9281855682214
-1302.2334075028377
-1307.8343583428896
-1307.1449155773294
-1312.9600553464309
-1312.416509781217
-1311.7649390008744
-1317.3432549744364
-1316.6791329171333
-1316.1474204679466
-1315.640295392916
-1314.956918559982
-1320.5824749835622
-1320.063367308651
-1319.5366676516596
-1325.1443632682312
-1324.432972663213
-1323.7468822785925
-1323.2137205657043
-1322.7382011250816
-1328.280791777031
-1327.6166632487327
-1326.8923093198941
-1326.3891671932513
-1332.1457934121015
-1331.4670854347114
-1330.7397741759264
-1336.538956119009
-1335.9782517531946
-1335.2968033564102
-1340.8424528225053
-1340.1562773567384
-1339.605880411542
-1339.0859520648746
-1344.6848018026176
-1343.9832277847995
-1343.4350157576323
-1342.8992523458246
-1342.1969109477448
-1347.7475171726226
-1347.0484485576937
-1352.808276541555
-1352.2636938500514
-1351.5276637598206
-1357.100948202006
-1356.5254821028495
-1356.0340481629635
-1355.3112003849517
-1360.8634044584628
-1360.3094539754452
-1359.769045978994
-1359.0321928604908
-1364.6063154097315
-1364.0560848972746
-1363.483344755236
-1369.073444786897
-1368.3293464735502
-1367.5882221800478
-1373.3165725411602
-1372.7956602300571
-1372.0312198219287
-1371.2977787431435
-1377.0205721926654
-1376.4793217295621
-1375.7401343163376
-1374.9973890537701
-1380.7127944692418
-1380.1665719098157
-1379.4216775866555
-1378.7232380166336
-1384.3940736877007
-1383.8620843301292
-1383.0921814400306
-1382.347984084641
-1388.0470901825788
-1387.5179170135782
-1393.0284819255555
-1392.3097992998037
-1391.730858664077
-1391.1603539622683
-1396.6877148237138
-1396.1097855629062
-1395.5529047835892
-1394.7943311114611
-1400.3117000584691
-1399.7333264332538
-1399.188209908566
-1398.411112236541
-1403.9352225783684
-1403.3406835046198
-1409.0781413631216
-1408.2774837391785
-1407.5262354757522
-1406.9211692031145
-1412.6675468883957
-1411.88670073193
-1411.313763501299
-1410.7247785355576
-1416.2505578407317
-1415.4168218219293
-1414.8898398531264
-1414.285920504457
-1419.815140130486
-1425.2772714789273
-1424.7521630513581
-1424.1372713175047
-1423.3598497632374
-1422.7525522152189
-1428.4616796200685
-1427.645958254579
-1426.8966952335177
-1432.580529108327
-1431.991720718501
-1431.2227572148388
-1430.6468381263617
-1436.3359866364508
-1435.5399834976831
-1434.7180672291388
-1440.432310431975
-1439.8393125644222
-1439.056552813051
-1438.437173842099
-1444.1365276999131
-1443.3062822637721
-1448.812281576323
-1448.2070079077373
-1447.6137829645495
-1446.816598296203
-1446.2182630411528
-1451.9029734763403
-1451.0830976377595
-1450.2696603193108
-1455.9738090456624
-1455.3718360535315
-1460.8195213656395
-1460.2586579851343
-1459.6186954803143
-1458.8131970698234
-1464.4600865209434
-1463.860319088052
-1463.019953071567
-1462.2329362393214
-1467.8872114347205
-1467.3018885225652
-1466.4564730151735
-1465.858203937288
-1471.4952506973218
-1470.7193284951275
-1476.347490760009
-1475.7718704840815
-1474.9109698557643
-1474.3010443220999
-1480.1809972547244
-1479.1543142653702
-1478.2914499804908
-1477.692368388598
-1483.3153220005283
-1482.5253205109148
-1481.8877027548767
-1487.556149071896
-1486.6853908854007
-1486.0840799696978
-1491.7044200370378
-1490.8840170654996
-1490.2621678360288
-1495.9364267031976
-1495.0595434056208
-1494.437042113695
-1493.7790395524146
-1499.2530938744978
-1498.6118547314918
-1497.9905795666702
-1497.1012869541498
-1502.53361169379
-1501.881494478142
-1501.2652245884012
-1500.421710750594
-1506.0871781703474
-1505.376618895467
-1504.5211930498283
-1510.1357839059467
-1509.5479711265236
-1514.9358336251203
-1514.3016460916556
-1513.617551975375
-1512.7744996987174
-1518.360810984743
-1517.7429040778954
-1516.8703527104933
-1516.2098089077192
-1515.5648675172072
-1520.9512409500176
-1526.5809501899132
-1525.9397789485151
-1525.070500385175
-1524.4160756897097
-1530.011884485123
-1529.1548060551497
-1528.4292911826112
-1526.9123521789265
-1533.4068826914697
-1532.7607085101881
-1531.3063540232663
-1537.472366900362
-1536.7876474564512
-1535.9231392352951
-1541.5920251285268
-1540.841137729011
-1539.9395628355633
-1545.5241437706952
-1544.8492457593513
-1544.1813193751555
-1549.562380887528
-1548.8825068553522
-1547.9707032621297
-1547.2742177662278
-1552.9005739274728
-1551.9972177105024
-1551.3071991957772
-1556.9039154575971
-1555.9845639595032
-1561.5711990245486
-1560.9248982991646
-1560.2260600284387
-1559.556341083024
-1564.9058730060308
-1564.2082363278055
-1563.521177237168
-1562.6226938082834
-1568.1748700866194
-1567.5225046733929
-1572.7987300329748
-1572.1334460184983
-1571.4406621354558
-1577.0618671068328
-1576.3124091925265
-1575.3990988929766
-1574.671063137804
-1580.256270772975
-1579.316233586887
-1578.639240368233
-1584.2063813586738
-1583.2536130708097
-1588.8458589997565
-1589.2762655657036
-1587.4132808420632
-1586.723297418078
-1592.037281918795
-1591.2988437790254
-1590.563743616346
-1589.696487345733
-1595.2657889896732
-1601.9150659869513
-1600.1430891927355
-1599.419924143544
-1598.4763431562862
-1604.0478543756624
-1604.5241603590348
-1602.3559044143065
-1607.8918585269657
-1608.438880586115
-1606.4680059957595
-1605.784153255251
-1611.1131979367985
-1610.2776739174947
-1609.6318676910842
-1615.1771240616295
-1614.5301043268037
-1621.1735516691185
-1619.1362676270471
-1618.3752496277682
-1617.419927182765
-1623.0132810165367
-1622.1931532884676
-1621.436091322732
-1620.7865229705635
-1626.1320553074625
-1631.5613711109938
-1632.2823974941723
-1630.1620201539054
-1629.485319508186
-1636.2667525237425
-1634.0984957575824
-1633.286856627387
-1632.5661496235439
-1638.1169546364504
-1637.1002426424845
-1636.3341280884376
-1641.9435161932608
-1641.17090294815
-1647.846426565777
-1647.007397096262
-1644.9790973755444
-1644.2691825325537
-1649.8149832576867
-1649.0417182443277
-1648.0332608191902
-1647.2943227339174
-1652.8329226475655
-1658.467681517395
-1658.0257283313617
-1656.6699586358577
-1655.8608958067769
-1661.4173965927034
-1660.6339205903641
-1659.9765109959556
-1658.9247189558366
-1664.4459232833383
-1663.701320286926
-1662.9844375787216
-1662.2015555758003
-1667.4858714647248
-1666.7374998693608
-1666.0044391439467
-1671.5042047948798
-1670.7646958659075
-1676.2968814136452
-1675.520923773215
-1674.5194732726077
-1680.0397308329543
-1679.309854272363
-1678.5245494323021
-1677.8116144527976
-1683.0459632188324
-1682.2719537318599
-1681.5556305982009
-1680.744543460579
-1686.272134555488
-1691.8045430418586
-1691.0152850051809
-1689.9875916268127
-1689.2560581231091
-1694.7578707723126
-1693.9919924884937
-1693.2036325270622
-1692.4534640417583
-1697.9362306363416
-1703.189635348328
-1702.394906057911
-1701.6445470744338
-1700.8440948316722
-1706.3719910620323
-1705.6084284540843
-1704.8218570658616
-1710.0698145861634
-1709.2807610512023
-1708.4959930302944
-1707.691299744844
-1713.2168571735367
-1718.711002106111
-1717.9421693062066
-1716.8653457280757
-1716.1307903976701
-1721.5957515903795
-1720.848787161208
-1719.9989795238473
-1725.5448061056504
-1724.7247707482563
-1723.6808010468817
-1722.913757052513
-1728.3758353066016
-1727.5990814796537
-1733.0639506580426
-1732.281448258625
-1731.4585173109278
-1736.9829770295314
-1736.1437662069602
-1734.4344547665344
-1734.2591549997005
-1739.7721327468666
-1739.0026452647826
-1737.3443594788882
-1743.658433803433
-1742.8086146803137
-1748.3064299531882
-1747.506017630708
-1746.6626445363993
-1745.852648799713
-1751.057572212866
-1750.234082381538
-1749.4307787797477
-1754.88758981006
-1754.0805985366262
-1753.276129327228
-1758.7314045396372
-1757.9057624400334
-1763.4017298570282
-1762.5656074066412
-1761.728631257229
-1760.6554190306872
-1766.0891320674812
-1765.3122622462051
-1764.4704456476265
-1769.891304470858
-1769.0715940533753
-1774.539119667146
-1773.6770839930912
-1772.8434566802814
-1778.2802746383845
-1777.4617620606277
-1776.3673460281416
-1775.4359509221354
-1780.9706853191944
-1780.0833657808398
-1785.5253841448366
-1784.6901619942416
-1790.1491911717214
-1789.2895265693342
-1788.4297653890687
-1787.5713154454593
-1793.042555414597
-1792.1805795203177
-1791.3492219297368
-1796.7827608306984
-1795.8936402593329
-1801.2975411632647
-1800.503576755639
-1799.3097099390807
-1804.758641758196
-1803.9004591650116
-1803.1151311738067
-1802.1212291625293
-1807.5601575267883
-1806.7073415790771
-1812.0647279238815
-1811.2007721367834
-1810.3286063694982
-1815.779324281271
-1814.8212705451851
-1814.0720948812757
-1813.009087182435
-1818.549841639581
-1817.5760516339
-1822.9802312133006
-1822.1246647171556
-1821.4623057016745
-1826.5802502446172
-1825.7443914553028
-1824.731216613909
-1830.209163147016
-1829.2818378892011
-1828.348681437101
-1827.1404738693145
-1832.518528503265
-1837.9293761523518
-1837.0226114488062
-1836.059742198756
-1841.4168774879454
-1840.4701754486628
-1839.5511703409368
-1838.1205271187205
-1843.987549802649
-1843.077417273485
-1842.0907457081173
-1847.517057024271
-1846.538571985836
-1851.9053371245304
-1851.1074953605012
-1849.9401578780207
-1855.4120672647593
-1854.4220023858447
-1853.5035990935771
-1852.5357196281534
-1857.9083913419654
-1863.232819578774
-1862.2697816353996
-1861.3443338403806
-1866.645049362829
-1865.7331530919914
-1864.7279933157326
-1870.0831927689308
-1869.0600663213854
-1874.4641324320826
-1873.558264430213
-1872.5794393924969
-1871.6256886962208
-1876.9524169805334
-1875.9488448391126
-1881.3388237176514
-1880.3889835914956
-1885.679004248048
-1884.7559123194594
-1883.8215889465391
-1882.8402439425518
-1888.1613218114983
-1887.1273875068566
-1886.2612553675606
-1891.4988522645097
-1896.836787537505
-1895.9713772013238
-1895.0161860294672
-1894.076550502914
-1899.684547664447
-1898.7568111346002
-1897.7748016982462
-1903.0912523061784
-1902.0897945143302
-1907.4653414322936
-1906.5601478532735
-1905.5824744702913
-1910.9374793237207
-1909.9398734827819
-1908.994413352412
-1914.344750734017
-1913.2927269787685
-1912.409428698508
-1911.4473307766077
-1916.6632513742732
-1922.115555282411
-1920.9422371373544
-1920.252108615989
-1919.2566772955383
-1924.5357349071724
-1923.6200393398572
-1922.6674952645396
-1928.0142327268718
-1926.9586243250978
-1932.6879471834673
-1931.7198186319004
-1930.7781771355735
-1936.0715019816714
-1935.0933724279234
-1934.1725652016753
-1939.4849479837894
-1938.3922676837271
-1943.8249215105877
-1942.9009923212598
-1941.9130156598296
-1947.0030216246575
-1946.2600084969924
-1945.2422235841868
-1944.339872426561
-1949.9548588275065
-1949.0161742896482
-1954.2508502746387
-1953.2803602500585
-1958.645252015211
-1957.6636905716878
-1956.6832882321344
-1955.7200430042153
-1961.0591452748497
-1960.0526770733397
-1959.130353082378
-1964.4075511849371
-1963.4434349761634
-1969.0950795887766
-1968.1041460183567
-1967.1703960309594
-1972.4144593767105
-1971.45895187186
-1970.4796571088527
-1975.8070883802302
-1974.8323831632702
-1980.1112840903627
-1979.1499781054476
-1978.1661452968178
-1983.8016730235254
-1982.8009885532767
-1981.8133034558805
-1987.1440874828481
-1986.1288568854682
-1985.1651327628283
-1990.4474595393165
-1989.4707530987794
-1994.7678071786775
-1993.7771396064113
-1992.7984494192171
-1998.3888734469676
-1997.4268518152014
-1996.4056612990446
-1995.4419107351737
-2000.722130736949
-2005.9990836438196
-2005.0224379498268
-2003.9983218774464
-2002.9957845080962
-2008.615980122041
-2007.6036561397273
-2006.614315969889
-2011.902185226454
-2010.878529216604
-2016.1490567117964
-2015.144391599254
-2020.438103830824
-2019.3904235883624
-2018.7622831919455
-2017.7332279836533
-2022.9891900246714
-2021.9685184851692
-2020.9631771798438
-2026.2505561940368
-2025.1991892692035
-2030.8271481093366
-2029.796053476514
-2028.761314744534
-2034.0730075501494
-2032.994233068628
-2031.9882172286962
-2037.2517437974625
-2042.525651479119
-2041.491362634091
-2040.7841641199195
-2039.8078973262943
-2044.9941739713304
-2044.0246784990497
-2042.9689542709568
-2048.1996040276485
-2053.4607087239906
-2052.7429773760055
-2051.7360550345593
-2050.688342022692
-2055.936237868402
-2054.8784910283907
-2054.1094278704118
-2053.13132692804
-2058.368763270006
-2063.6242464884667
-2062.589715986469
-2061.5476213145635
-2066.7157574632465
-2066.051258869451
-2064.970251897092
-2070.201630205821
-2069.1934426169237
-2074.3620543628754
-2073.328018757916
-2072.2099729511788
-2077.828522099471
-2076.760233252854
-2075.6871617801453
-2080.955443499354
-2079.8605238699697
-2085.4429356875485
-2084.3672388281534
-2083.298191623172
-2088.525366717385
-2087.4047014233124
-2086.3420825849303
-2091.5294734463205
-2090.8459187133067
-2096.0465368578703
-2095.010851394401
-2100.208938338675
-2099.0861990294497
-2098.335562146111
-2097.28158800821
-2102.485719314181
-2101.379932758016
-2100.2993179459004
-2105.8652007845667
-2111.055852383543
-2109.9881310765973
-2108.874415756108
-2107.770569134062
-2113.358156648372
-2112.217116887427
-2111.1636232889377
-2116.326254519914
-2121.473023432561
-2120.4093481023547
-2119.2555559747334
-2124.851401838689
-2123.7457292826484
-2122.614831212552
-2127.811861307489
-2126.7105086486313
-2132.2503395542903
-2131.1484022403624
-2130.0268746665483
-2135.2040440552473
-2134.1006863404737
-2139.6133093901553
-2138.4892542868897
-2137.381083929689
-2142.903408697159
-2141.8078399561728
-2140.6770531018014
-2145.8246692534435
-2144.7035991460357
-2150.2251070194397
-2149.1000416097068
-2154.282164340672
-2153.1180691315976
-2152.023435689504
-2157.5306947804033
-2156.40993896946
-2155.3058036307157
-2160.4178550553897
-2159.238241434163
-2164.7990482963587
-2163.658286949662
-2162.569637354055
-2167.7125432664275
-2166.566710985675
-2167.9286551213977
-2170.928269608877
-2169.765931624034
-2175.3078899247957
-2174.1641527956535
-2173.060246802721
-2178.1706764493
-2177.012978956569
-2182.5564850028986
-2181.377355748718
-2180.3606707118915
-2185.3744009692837
-2184.22361091927
-2189.7727732158537
-2188.5881274645885
-2187.4489529259117
-2192.9518162804534
-2191.790359361516
-2196.898561101668
-2195.7361194429786
-2194.5726444574566
-2200.107534541687
-2198.9301579637618
-2197.7810910454896
-2203.2670688654857
-2202.1118699979056
-2207.23774701552
-2206.072774072792
-2204.9029083851547
-2210.391887243346
-2209.222958573822
-2208.0626100024792
-2213.558644298757
-2218.6741587977517
-2217.4841239925113
-2216.296292125641
-2215.1144496117654
-2220.606222553639
-2219.442213432477
-2224.5646894373713
-2223.744200367029
-2228.876331551346
-2227.6633184037883
-2226.476578870164
-2231.6094306597233
-2230.7760107145023
-2229.6298782562817
-2234.7218069678593
-2233.8985517600286
-2239.0061228679747
-2237.786374636214
-2236.9605709651687
-2242.096079254673
-2240.8444340569918
-2239.6567790902436
-2244.7524943823323
-2243.9176122865365
-2249.0293921853618
-2247.777840036377
-2246.9751426792604
-2252.1143882875845
-2250.867093040464
-2256.378999832848
-2255.1859406835624
-2260.22618875415
-2259.4424161020934
-2258.2244665495186
-2263.276990705895
-2262.0915116740134
-2260.842390221842
-2266.3173072134055
-2271.3727590680783
-2270.118846112728
-2269.3201939321552
-2274.363110663046
-2273.130853715321
-2272.309097996334
-2277.3602728729443
-2276.1420441296477
-2281.595856224431
-2280.3575450374005
-2279.140363613808
-2284.5861116874844
-2283.3669536030707
-2288.4163881329077
-2287.194682883854
-2292.2372754858006
-2291.394179580416
-2290.167808463283
-2295.2356081512958
-2294.399544106059
-2299.413907976944
-2298.228521585255
-2297.3876727478714
-2302.4178205554417
-2301.1700518973103
-2300.3492585924882
-2305.41198093258
-2310.431117301051
-2309.6194484946946
-2308.3394314513002
-2313.3510128906364
-2312.5643065841014
-2311.245267368453
-2316.3259186992605
-2315.419704675608
-2320.4751904188156
-2319.2501769077558
-2318.405031976623
-2323.364920369025
-2322.1768008028307
-2321.268137479359
-2326.356706235758
-2331.3866575836287
-2330.5091952923367
-2329.2819590468184
-2334.316303768131
-2333.435650231694
-2332.2224141718116
-2337.249302847015
-2336.365816004993
-2341.437439450754
-2340.0738410255763
-2339.2747549403894
-2344.415349531396
-2343.1342731599466
-2348.6500061088645
-2347.416196556182
-2352.4390898152146
-2351.6208501001765
-2350.287445550969
-2355.364177373293
-2354.5121319434866
-2353.260854746667
-2358.2481432198383
-2363.702559425728
-2362.401886603702
-2360.967167724728
-2360.224013696805
-2365.256898138779
-2364.050963475758
-2369.4296058373316
-2368.2045930064924
-2373.2483223436843
-2372.308036847131
-2371.1418724615355
-2376.215525793905
-2375.279897033013
-2380.2107069307776
-2379.1150932477303
-2380.3816002634585
-2383.2291769789913
-2381.9450694502557
-2381.163088399584
-2386.2768141523256
-2391.2490346408817
-2390.3873673289286
-2389.510976434739
-2394.7269095715
-2393.5639991912385
-2392.5764067331856
-2397.7065299452042
-2396.573773317491
-2400.4048352494233
-2400.6891450336916
-2405.2395774526713
-2404.821515660747
-2403.6827502834603
-2402.447734724861
-2408.1991699294817
-2413.164677667616
-2411.6029618692464
-2411.431492507446
-2416.2586041534555
-2415.2473662341813
-2414.414339524742
-2419.3560287176797
-2419.062408127159
-2421.928660994198
-2422.0494418140697
-2427.8531379151104
-2426.7635814616247
-2425.82702590825
-2424.7528509242607
-2430.2451117119886
-2431.5693788396075
-2433.212882031544
-2433.299314350842
-2438.2630835330965
-2437.7797588437256
-2437.3912053193067
-2441.324245035126
-2443.0432424178075
-2444.0790801813
-2443.6932215372085
-2450.0237051171002
-2448.466690440126
-2448.0268314509444
-2450.5994367385
-2452.8293237083435
-2453.6270940700433
-2454.7928212437637
-2455.4595653373094
-2460.87667957155
-2459.3076254395646
-2458.793415543167
-2464.607570216331
-2463.9023426263075
-2463.3213214499438
-2466.399847584363
-2473.200596237936
-2471.6412538059035
-2470.956926409191
-2471.8556174197033
-2475.8305546846777
-2475.1817492410805
-2475.5055251918097
-2478.699531755863
-2480.366104726065
-2481.024118086274
-2481.588338082874
-2486.557597327603
-2486.124833294396
-2485.5340544996343
-2489.221976124013
-2490.778117686892
-2491.6738311204726
-2491.7017540309557
-2494.3492957047733
-2498.1506783279756
-2497.825869839846
-2497.220340387241
-2502.982911716308
-2502.1474900625753
-2502.664468774134
-2503.895015696109
-2509.5116845026773
-2510.788028917007
-2509.6105097860745
-2510.1861308369716
-2514.9011604232523
-2513.882701736152
-2513.7616500475224
-2518.795013799629
-2518.4941140351402
-2518.6053356954517
-2520.8014618500342
-2523.1334479442385
-2526.587455834102
-2524.8910145969376
-2527.182890697242
-2530.7613434731916
-2530.1111872995366
-2529.685003797401
-2534.6521258064545
-2535.546381107235
-2535.8844137053634
-2536.3248618825337
-2541.576502116661
-2541.2184190830403
-2541.063023794808
-2544.002308711353
-2546.0630116260522
-2545.8198304550674
-2547.390452121082
-2550.2440552777703
-2552.6837388642357
-2552.1556686189165
-2552.965459032231
-2558.3945161944425
-2557.588000646613
-2557.0108525167334
-2559.255038058529
-2562.5643033978527
-2562.8091194537074
-2561.8485565198675
-2567.076054151066
-2567.569791181828
-2568.043058952808
-2569.1590495396035
-2575.304063183307
-2573.877659114603
-2574.227173697494
-2574.8240315898333
-2579.204528601427
-2579.3042462264852
-2579.7847178611983
-2583.850173823601
-2584.3580974400033
-2585.1341546909416
-2586.242651628299
-2590.1985735283797
-2591.4726437937848
-2591.0911576946987
-2592.166818754362
-2596.4397402711656
-2595.896002596685
-2596.6155849891684
-2599.2588142760756
-2600.8761503344804
-2600.3420792036964
-2602.420469532145
-2605.155996792817
-2607.9706950323766
-2607.685906733258
-2608.2814670169846
-2613.217506751983
-2612.977412729532
-2611.9650397450127
-2617.929776699683
-2617.4429637086314
-2617.794762978638
-2618.8682502269658
-2622.7065864551673
