-0.306594284230231
0.29129607630143656
2.386532376392815
0.03531820018998652
-0.05422769529749544
0.23608118441557974
1.271000527408138
1.6913792040798143
-0.8534180156048077
-0.16642098437245442
-0.11961856133019488
-1.6883272599308865
-2.026963247371609
-2.178485287270458
-2.390006764876032
-2.4695742909219587
-2.3080610085438615
-2.2244957929395204
-0.03286766759323443
0.250209705365542
-2.329182765932037
-2.1863831657235697
-2.3326114047433277
-2.5565132486394373
-2.4207672952362755
-2.1785848757367954
-2.2271357961110967
-2.4770148423150458
-2.470313944562954
-2.1990555736117865
-2.1287848058426255
-1.1768021048462294
-1.0354413551181922
-2.3215980697505065
-2.142830456363965
-2.308252808142366
-1.3082589624846752
-2.4245069500901404
-2.249097696947911
-2.312733104644485
-2.528613541737031
-2.524354412194896
-2.3652850004568102
-2.2926761873257973
-2.4439449058410627
-2.5122148690856734
-2.4011938497023255
-2.2924386739673897
-2.358721210694385
-2.470259645756871
-2.3997389187393603
-2.3019547429800937
-2.329797471036975
-2.446878169202829
-2.422764371906505
-2.3684510373218797
-2.3910504880330956
-2.5011240275209317
-2.459535365303322
-2.360793931710392
-2.386336784124879
-2.511809235777232
-2.4823753893180776
-2.3102461789896904
-2.3074569189470155
-2.4910488954156613
-2.5468770789560757
-2.3836901009509397
-2.2536500838234694
-2.4064325698681466
-2.5603520357765923
-2.4631247175123456
-2.258002947280564
-2.406310490203743
-2.5877314158809215
-2.609739212746819
-2.439067656784225
-2.389805091382057
-2.567512885762416
-2.694163954549442
-2.5262978435611427
-2.4240639191205124
-2.509990765216502
-2.637217189165308
-2.639237266488387
-2.5243103940278804
-2.498334414181839
-2.6066067708743823
-2.629188097972362
-2.595041346273468
-2.5973439009234522
-2.6864158450733764
-2.6185713164164293
-2.62797496006462
-2.6734529918256724
-2.7166890316615238
-2.683225480387094
-2.700768128130328
-2.7399529289614315
-2.7649780804868263
-2.832819634696837
-2.645855796131367
-2.6188860570788095
-2.761267736139671
-2.884251667202588
-2.7563012443940638
-2.6602285508128154
-2.76467091610145
-2.8880151172687136
-2.9141782549212776
-2.780146269687078
-2.9299446399729545
-3.017056774293177
-2.999260846895578
-2.986182764686107
-3.08304735556223
-2.922051277190848
-2.964664864525695
-3.0030907023024556
-3.0231805702057395
-3.071069180984923
-3.0469935789783698
-3.046092379551402
-3.0762288663621784
-3.1201393765704797
-3.1172671791707045
-3.0955046677521576
-3.1110606152657816
-3.3352346658320986
-3.189029158073393
-3.151229496113143
-3.163301577463129
-3.2466762036645016
-3.29842871525101
-3.2754808208521893
-3.2355398059744687
-3.2782845929945967
-3.349810964031545
-3.356222166057598
-3.32540927400046
-3.3601128430708074
-3.4271987470912872
-3.449698928006766
-3.4394467729517393
-3.453334209079898
-3.4947706547753064
-3.5226132193909376
-3.5378050756698234
-3.5747918558607017
-3.6489814836259935
-3.66312923686492
-3.648498344416561
-3.695611309407518
-3.778460377324151
-3.7978539150735666
-3.7660928412909898
-3.787570995138567
-3.8837872205059636
-3.914269803808736
-3.8637057016525236
-3.848179882006081
-3.983277749631802
-4.07583584031196
-4.039307455497262
-3.992456759415412
-4.147665423102049
-4.252037713086305
-10.52566479402335
-10.3875019584027
-4.184548639800264
-4.333008122677886
-4.330244578598026
-4.239610863277814
-4.345956003614001
-4.4377975858261856
-4.559233223344396
-4.434674299126885
-4.385217570004827
-4.568099825522944
-4.706563754816026
-4.651620802849586
-10.813735584785771
-10.933602576697664
-11.04805924659151
-10.933877033190775
-4.778495241340641
-4.874783617473759
-4.994006784396591
-11.224250792626925
-11.158797775660766
-11.274277249341047
-11.373122952673596
-5.09750676277125
-4.901568570100482
-4.955153188217516
-11.455338132461273
-11.499973958357488
-11.366173956465321
-11.339328253784474
-5.248076380875654
-5.392013652024052
-5.291990263503657
-5.211161128520933
-5.332399600491711
-11.805776728641245
-11.75178265259585
-11.654991706736793
-11.703259510641589
-11.834181090575042
-11.890048386286173
-11.802084251828697
-11.83574962091036
-11.862088325941224
-12.128175042742447
-11.953205102923851
-11.98851009906344
-12.13471258231219
-12.244445375351207
-12.242444820927767
-12.244388490835785
-12.325753765665523
-12.368956972875527
-12.289602133682498
-12.223551389149643
-12.238463433931924
-12.337974247114897
-12.465920697803734
-12.558613883981666
-12.679350331691362
-12.846770771313377
-12.960329694496915
-12.989090587417104
-12.808008200507324
-12.337858957375973
-12.121075017306891
-12.318619035630551
-12.495210094987966
-12.689501820995762
-12.919073893779657
-13.202918362426379
-13.520963828230952
-13.97347887106304
-14.540669655393147
-15.086762401647603
-16.064516965961985
-17.489748735029075
-11.765596974496372
-12.277373376547207
-12.704846881401494
-13.038481952236339
-13.40346697336412
-13.859754090350206
-14.390684024251307
-14.934211766450511
-15.49646218881023
-16.03711848379213
-10.524713955735166
-11.569733191470068
-12.21154172769967
-12.59820700449474
-13.061947273231507
-13.578295466257805
-14.075401408781053
-14.528643418578856
-14.931729689987419
-15.317426746183177
-15.689612673334814
-16.304589732363095
-17.628104958804297
-18.924281389307385
-19.49179739245176
-20.03190844538962
-20.218785043589477
-20.286575510493815
-19.562004103488096
-19.585902957935946
-19.85032692564115
-20.228297429967608
-20.644115963072093
-21.028386199401552
-21.38972520138221
-21.7736772468333
-22.252267366703006
-22.875460600546578
-23.593606722643884
-24.233099952146823
-18.640398645516175
-19.746788034942206
-20.374070653345843
-20.742701578406614
-20.996595704074892
-21.003630925919207
-20.610327249288332
-20.614508550212136
-20.863141277715922
-21.173487120619487
-21.5698262748631
-22.038031899652296
-22.45823511822557
-22.917153564445993
-23.3569405729565
-23.77414701601955
-24.24097496730934
-18.678971941490218
-21.56538244595529
-22.39786390308265
-22.950454152961914
-24.697533587718237
-26.052107075665663
-20.366675817491668
-20.819348264635956
-21.240508576209788
-21.712276384804422
-22.193661688107166
-22.711188783005632
-23.118793098075383
-23.354332595976008
-23.39364505944449
-23.237969831505836
-23.22864127273546
-23.355166547266993
-23.63599128056428
-24.103952161197334
-24.739568617575074
-25.418880087909162
-26.05798480311864
-26.69862958274911
-27.453438146106613
-28.266572573791134
-28.647604264092795
-28.913400377035032
-29.597608984794267
-28.529081773420714
-28.647900437311407
-28.984556116084413
-29.356779619978564
-29.733095376795728
-30.069360211224694
-30.428567464383725
-30.837978413008177
-31.243899419106565
-31.040387749900173
-30.745155401868022
-30.94671761491393
-31.387090198322937
-31.916684596767723
-32.31453740819758
-32.84726765298904
-33.57536654274662
-28.150633502793028
-28.915165530183984
-29.32213706590148
-31.965800325947303
-34.9780417686634
-28.949090064851486
-29.197286476045843
-29.454364370242306
-29.896915534908292
-30.503859731284777
-31.034840616770392
-31.37473277542924
-31.50912636720624
-31.430920558045933
-31.410935743249908
-31.526328802502587
-31.77797289219511
-32.17234380303066
-32.569082830235985
-33.03132610410057
-33.62897779884047
-34.16614196019657
-33.94732115628003
-33.53831617873101
-33.813381643365595
-34.315887296544645
-34.70064681209838
-35.10446894906991
-35.661262796308115
-36.31766469505762
-36.880738955332895
-37.25573728981657
-36.965468494720945
-36.837773334851306
-36.948596016509576
-37.34830305563247
-37.79988678123047
-38.18412181989347
-38.543965289572526
-38.91237177642135
-39.03994811770086
-38.89466523280404
-38.852422403425145
-39.08090984535152
-39.54557393654206
-40.05707814091441
-40.54831920461637
-40.99556957380685
-41.27230207386394
-41.142341498022724
-40.950862045800314
-41.14890503236073
-41.43939326612153
-41.8182708232385
-42.35950376886668
-42.88577736493443
-43.35581836872177
-43.555112139133286
-43.425329439729204
-43.31254280230875
-43.50001868326408
-43.81904729199661
-44.2015386729515
-44.66221224063762
-45.042830957705426
-45.28175962920358
-45.24710634015383
-45.115207638296965
-45.28079829806561
-45.64795567927811
-46.11869873221172
-46.60220618328421
-46.95048555374741
-47.13623458568713
-46.987780939927774
-46.8246656371068
-47.04782869789484
-47.41174117480069
-47.90236373632491
-48.52364440668745
-49.06440437401377
-49.421546780476866
-49.519169539039055
-49.2594568383315
-49.29358626121358
-49.6259390114328
-49.99628870590956
-50.36335852459364
-50.713808789731516
-50.9557401142146
-50.86735757405484
-50.789523031496515
-50.96522801659224
-51.33937826184167
-51.756133724042144
-52.1256244821507
-52.367710836985246
-52.44850195132302
-52.36555038088324
-52.3930304069169
-52.61605560432868
-52.916814054853745
-53.218113933480275
-53.47647158899917
-53.50717517839548
-53.370075385122824
-53.425939875584184
-53.65061999354794
-54.026074488610554
-54.49881396828643
-54.90650486728622
-55.124250606621736
-54.981113632933976
-54.78243721137447
-55.024159113780584
-55.39707450117423
-55.811616032943725
-56.23496433284306
-56.51514500429186
-56.44690670264175
-56.12000365159985
-56.33012928889076
-56.87007314841738
-57.52535185465629
-58.21337603687147
-58.744780808236534
-58.9310787606055
-58.77003525405198
-58.69045798625995
-58.84069703122554
-59.03522181876401
-59.32395407990486
-59.70837491273956
-59.947739635607945
-59.6970512919019
-59.56287037109871
-59.848131474287875
-60.30134352787786
-60.65423073928166
-60.8704170418201
-61.025399740615356
-61.04849468572589
-60.980697032937265
-61.0943186715086
-61.373598638440875
-61.69070756607854
-61.87776738453947
-61.77857219657197
-61.689762789546634
-61.81922111872269
-62.04059401997684
-62.26654225317412
-62.544220870628
-62.76786456866236
-62.72242444566978
-62.590108578654814
-62.8152405584311
-63.23286571447342
-63.685361639418154
-63.96002979334639
-63.96031408920223
-63.87091787302585
-63.9165631537781
-64.1174552725444
-64.37336775680656
-64.6409029201119
-64.87109765384828
-64.50221483478907
-64.47484014387122
-64.73477465966761
-65.14762259330936
-65.69662997670805
-66.20180668305407
-66.53578484188355
-66.58316993820993
-66.26673928786606
-66.42231950949801
-66.91313978928436
-67.3543434362093
-67.66974293480226
-73.89509361104585
-73.65908587719834
-73.76069851927846
-74.00803774504118
-74.22151671466416
-74.42908247307126
-74.60120823308557
-74.51826540378975
-74.4114523171355
-74.63554092179616
-75.06243034069409
-75.57196469807502
-75.84380152917421
-75.71839581521625
-75.6429006401725
-75.82181086302707
-76.0727158501747
-76.28511725736037
-76.43421247748445
-76.42054735764756
-76.30070986140298
-76.36769837846703
-76.59109905292698
-76.80579500542315
-76.91066542202525
-76.80930759248568
-76.76466499013154
-76.91349003767975
-77.13297807938297
-77.386946675539
-77.647702039085
-77.76484366061324
-77.65082530968273
-77.7280166638494
-78.03011470803833
-78.34481967673408
-78.53332656395288
-78.4024258944141
-78.30126041660854
-78.40031345538226
-78.59029132014227
-78.79336939914052
-78.87464541041255
-78.82307394688166
-78.78813041032643
-78.94650861823138
-79.18968628169635
-79.44724487348816
-79.61346832299091
-85.85612897925466
-85.84279827516569
-86.01953244976939
-86.31626552443046
-86.58127642654672
-86.73531649904203
-86.6655494506774
-86.5549566084308
-86.72433745134991
-87.05106187051094
-87.33657511245627
-87.44134393779323
-87.22854838776455
-87.13920245392858
-87.32374347932507
-87.64753652211704
-87.93454301359922
-88.00409466700584
-87.69168850902604
-87.6523159452759
-88.04143305945422
-88.48640441944674
-88.7762155001611
-88.73852457016086
-88.52483546485678
-88.62781119168937
-88.96636441693636
-89.30709340815078
-89.5092327266336
-89.44843677213088
-89.29075360124007
-89.4121917400815
-89.71508243161776
-90.13875225153188
-90.55214075950975
-90.52953889244667
-90.24201484246794
-90.4072300467717
-90.74467343770331
-91.1183213868241
-91.27142536183541
-97.38796286432742
-97.3472201294403
-97.52975047308286
-97.78139678273001
-97.94210266775302
-97.95813882963989
-97.85098087842853
-97.86703247997683
-98.0168305433492
-98.28787883131237
-98.4562965521612
-98.44584943177854
-98.430526826594
-98.58381038682255
-98.81945913675358
-99.08555482137471
-99.24481199306759
-99.1783734932302
-99.09668863889127
-99.20929512287667
-99.43854245948246
-99.61749714256631
-99.58436716774723
-99.48949876427424
-99.57731092400368
-99.794159246913
-99.98162606282
-100.02511299320837
-99.9439193171666
-99.94830593461414
-100.13290506274413
-100.36536406475804
-100.512060657807
-106.7439872578322
-106.7028591637353
-106.84529624711952
-107.03539937588165
-107.12564965523971
-107.10481354347738
-107.07514218465897
-107.14777515463993
-107.28941943753185
-107.42565943454598
-107.48260078948444
-107.41752429354763
-107.39020743191688
-107.51032650878295
-107.70163568638807
-107.81566533681762
-107.77580630620454
-107.75685234446023
-107.87318154070147
-108.03701388764081
-108.16236087234665
-108.14963108410458
-108.06255611270751
-108.1009902408985
-108.28476090453904
-108.48108026836944
-108.50243246367376
-108.36314951909658
-114.65959978698697
-114.83646671312178
-114.99486403962482
-115.00975178868586
-114.92556358219085
-114.95086506866373
-115.08379936787003
-115.23085086687615
-115.29524792078817
-115.22742913521216
-115.20524263949402
-115.37969357032067
-115.59492041121787
-115.6697682775538
-115.56720216065582
-115.54512180272
-115.69458372258275
-115.84787320401769
-115.87118360635601
-115.8163140549638
-115.84533398886441
-115.95903182211534
-116.06433169826713
-116.11371469711271
-116.0701348831041
-122.32925872932411
-122.41521991813612
-122.57664759241966
-122.70511706777759
-122.70027595075646
-122.63993255997687
-122.74549999527501
-122.92332759433677
-123.02750994121571
-123.00187133150628
-122.98697579239604
-123.04529424291145
-123.15426389712462
-123.21045958642334
-123.17956553947857
-123.14349326561465
-123.19331878927305
-123.33095052093378
-123.4554603533443
-123.45501695413834
-129.67693664932216
-129.72196909700486
-129.88440016490586
-130.03321036804076
-130.05313831019444
-130.0113118783061
-136.32410211578758
-136.47408495979158
-136.5794099584202
-136.54866716051922
-136.47347273738902
-136.5499753008095
-136.69251602590504
-136.77416396645046
-136.67905327083102
-136.6461865134795
-136.73486793496465
-136.86158131828844
-136.9476594752655
-136.95431936036587
-136.94501443995554
-137.00642742709138
-137.13402436870945
-137.28050187563312
-137.2234772650569
-137.17401596002534
-137.2975222510966
-137.41646561557664
-143.7451615421521
-143.65472795303097
-143.64389983264525
-143.74573532860362
-143.85063299428066
-143.87468797047768
-143.8414621471
-143.84278060082198
-143.93632219287917
-144.05104698911097
-144.11513994446432
-144.09709904267837
-144.10549579623344
-144.21382263662557
-144.3151805083604
-144.31776758300904
-144.2801403406362
-144.31801584898054
-144.4395945712128
-144.47620049795563
-144.4809733636518
-150.7091459930543
-150.72392946730088
-150.835371660352
-150.94526484712694
-150.92242091430987
-150.8609388675796
-150.94424996001058
-151.08175800694414
-151.14381281702867
-151.1046121182385
-151.1601445329889
-151.2356933011191
-151.3058545281028
-151.31998409405043
-151.32961254529076
-151.33756413502425
-151.36755437029407
-151.45476365606385
-151.49212572037717
-157.6970781836689
-157.7003792720698
-157.84157123799713
-157.95817494943822
-157.94816762868436
-157.88213571933716
-157.96006701973602
-158.10059661085344
-158.14990112395765
-158.10644863252247
-158.09332291007044
-158.18700568976573
-158.28156858535067
-158.28175956093457
-158.20460592522988
-158.22404073869842
-158.33991778484125
-158.41533186864507
-158.38851715329585
-164.62366538118025
-164.6809019293811
-164.8035818498769
-164.87855056170127
-164.8532900558817
-164.8146756189144
-164.87299795887967
-164.9826652557981
-165.02637835347107
-164.9557506616425
-164.92135201603952
-165.04200229946468
-165.14483500904524
-165.08471659875514
-165.01788134881457
-165.0962274716618
-165.24001798265084
-171.55925690576106
-171.4938023911296
-171.48406174605157
-171.58659841704912
-171.69155185091412
-171.7030271107528
-171.64800122537076
-171.64464325716776
-171.72712007123886
-171.80665479101165
-171.7883715890617
-171.7458678249705
-171.7947654136116
-171.8949540905424
-171.9245645342362
-171.8614260348963
-171.86150500424162
-178.24724223585767
-178.32337267746354
-178.2932569756883
-178.24138768777806
-178.2984601271574
-178.4030178391271
-178.44004698695161
-178.38295749669945
-178.37207723614048
-178.46950692490768
-178.541888852689
-178.5309486494407
-178.49220197270992
-178.53500818467836
-178.61194171903932
-178.63005155444702
-184.87810219023618
-184.85754930555538
-184.92364222284326
-184.98882461988424
-184.96292228640968
-184.9206111622923
-184.96259132730788
-185.06676210856637
-185.12191784934095
-185.07401130415695
-185.0555785002317
-185.126231207823
-185.23052127591134
-185.24065463129452
-185.16878334814095
-185.17264378691468
-191.55147366318354
-191.5840772607736
-191.5080728517826
-191.49608962844056
-191.56441860560935
-191.6161086674993
-191.59476101427606
-191.58192056705334
-191.62518836418036
-191.68752627111488
-191.70951942626442
-191.7048230493239
-191.6915174379344
-191.74298436831714
-191.79676521007153
-198.07903763741166
-198.02153446184644
-198.05918727431356
-198.13186871161267
-198.14264839123152
-198.08830890435797
-198.0934813239909
-198.1821747741081
-198.2168843977855
-198.19202845035036
-198.17914727517947
-198.22046790035893
-198.28345511281694
-198.28335533468857
-198.23455589730585
-198.24660309772142
-204.59676875595335
-204.62970307056185
-204.58223613662915
-204.56006147834898
-204.61415479349026
-204.67544262673337
-204.66550475651846
-204.6331120657691
-204.66291465657505
-204.7105283947924
-204.75054848486363
-204.71777345827374
-204.71457085167603
-204.76276306279732
-211.07796989733146
-211.0389224116043
-210.99472143410793
-211.04764972138943
-211.1195236715322
-211.08811793410464
-211.04067753834136
-211.10925308354737
-211.15496916436877
-211.176327140949
-211.11819657421188
-211.14500143392243
-211.16714496018008
-211.2224659134633
-217.4694089781898
-217.42312186785819
-217.44463624090235
-217.52259746259998
-217.50921596358174
-217.44627864282634
-217.47280426503104
-217.54410425062326
-217.56231138853832
-217.48082115618288
-217.52727288848104
-217.55874115160398
-217.57742042280498
-217.56932067917552
-223.81609882375716
-223.84928076241715
-223.89656654057484
-223.89683400601126
-223.8287526121718
-223.841150257244
-223.92201400037766
-223.92385581553765
-223.83043268177155
-223.85755171482927
-223.92211725110923
-223.92824138684935
-223.85086989580114
-230.15171783151
-230.23683579461385
-230.24549035454834
-230.19774871410655
-230.19570187848413
-230.2452596271588
-230.2660397259445
-230.23611102826752
-230.2131440769289
-230.2228095715995
-230.25434097694077
-230.2421702147515
-230.18742796164292
-230.1867703276537
-236.53200606822628
-236.5527823202748
-236.49258457527665
-236.49317706768576
-236.5600174981814
-236.5978515665834
-236.54962312928922
-236.54727939074007
-236.58542664299537
-236.61305291378565
-236.54400840249238
-236.51277715536446
-242.81040375028851
-242.83778788704748
-242.79865168992526
-242.74063061665734
-242.79073747265917
-242.84433173314957
-242.82607210016386
-242.76586415951323
-242.81747838084792
-242.8829874038977
-242.83839588247062
-242.78661140418248
-242.78672752044415
-249.11162201850524
-249.10792649231226
-249.0629528604881
-249.04456630239514
-249.0727333774718
-249.10562292835215
-249.06533264637778
-249.02216392228104
-249.08099410905643
-249.1077127132361
-249.0597751840859
-248.9899146814253
-255.30787402441274
-255.36309314514267
-255.29965242636567
-255.2451314380724
-255.28481886180066
-255.33078036539115
-255.31475538110584
-255.2664392083545
-255.2810755403548
-255.32542994496464
-255.3264613080271
-255.24284572217064
-255.2488768362266
-261.570449685417
-261.5543601708199
-261.4760349623625
-261.47363857974796
-261.5231562448841
-261.51479245438316
-261.4585900739511
-261.43524573508785
-261.4702977911817
-261.4842611602306
-261.4438366413487
-267.68158430946403
-267.7311972962551
-267.74973270864865
-267.69017019829806
-267.64891816249127
-267.69388664218815
-267.71023345119437
-267.6621186244688
-267.59328950975174
-267.6398203057886
-267.6571663205904
-267.6003003182758
-273.82669194909676
-273.8757264406653
-273.8928874077263
-273.83456530897894
-273.806772254495
-273.8410200339335
-273.850397938038
-273.8158168453525
-273.76575689791747
-273.77638760180275
-273.79206929077543
-273.7411321317986
-279.9732002705498
-279.9892939395451
-280.0126519394703
-279.96789571610566
-279.9159178096688
-279.9360783260831
-279.97577137990976
-279.9147487384274
-279.87752157234564
-279.911572966804
-279.9229795454836
-286.1342097057207
-286.11284476765417
-286.13507364018955
-286.1206680971526
-286.09371086542995
-286.0457820180949
-286.04589474600016
-286.0685479883709
-286.03820681976055
-285.98144658460495
-286.0060337300088
-292.30416259656033
-292.2568874457124
-292.1880620244493
-292.2239495493351
-292.23367401297605
-292.1421246160384
-292.0952336135205
-292.1467203997124
-292.13554430476756
-292.0616678162076
-292.0431572316149
-298.35234387233163
-298.3511350047014
-298.30551493746424
-298.26015475428323
-298.28558333746594
-298.29230886644365
-298.2125817133265
-298.16560906486774
-298.208171972224
-298.2067709775173
-298.0983573299528
-304.34513459746455
-304.3947631847585
-304.3969987693911
-304.29282459965714
-304.2796131243532
-304.33361403196926
-304.3037811929501
-304.21968394957804
-304.20956588454754
-304.23351942218295
-304.19429113966476
-310.40093167714934
-310.38332355292255
-310.40743813517486
-310.39471693841807
-310.3061735654235
-310.29838473818114
-310.34057246923396
-310.3117484172415
-310.214297071672
-310.2420044383769
-316.5392641653861
-316.4548689452338
-316.3851732695273
-316.41280406463505
-316.4115994145538
-316.33184136996266
-316.30086762334514
-316.31782683289686
-316.2900397910841
-316.2482722831604
-316.21444898324177
-322.4966902882404
-322.47006239188414
-322.42918069640854
-322.37750101736634
-322.37185836938096
-322.3721909698333
-322.2979206255355
-322.2631931164786
-322.2862247908449
-322.2703750395152
-328.4624747815102
-328.4438402609301
-328.4811647867419
-328.4263443689514
-328.33629610897066
-328.36204118730416
-328.3715268061992
-328.28211732910586
-328.22988588193914
-328.23254689378246
-334.5097171318207
-334.4348771670378
-334.36784113685997
-334.39431116891853
-334.3919180813852
-334.30449195974995
-334.25167019512446
-334.3021385396122
-334.26009762144287
-334.1556525125127
-340.4238314058361
-340.447497743101
-340.36760367955986
-340.2988639487138
-340.30078724783453
-340.29118285700855
-340.21713311432813
-340.18259928759744
-340.1662829045165
-340.1479538014832
-352.68391799750515
-340.0588036360666
-340.031450201941
-340.02554460269914
-339.9613100326883
-339.8701627038012
-339.8900952464519
-339.8840769486209
-339.759228023642
-346.01587717770855
-346.0647518788023
-345.9991238666166
-345.8908645935737
-345.9238955850859
-345.9202976669542
-345.8228995171236
-345.77304874080215
-345.7786827624915
-345.72291714785456
-351.9251342209485
-351.88941379198815
-351.90396373331896
-351.8572951855659
-351.78359446197953
-351.7447061869473
-351.7543803743141
-351.7087725223763
-351.61088621549436
-357.8860875667451
-357.88105987801214
-357.77481860988536
-357.7252017858471
-357.7187127237563
-357.69053252261045
-357.61269142718004
-357.56205504850965
-357.55699065539835
-357.52449382098615
-363.7316791884474
-363.6693798107283
-363.6802768046766
-363.62612471117376
-363.50194692697517
-363.47775559915823
-363.50923093238043
-363.39246405001154
-363.31226396485647
-369.6437213740517
-369.6020334063333
-369.46096610334445
-369.46475684483084
-369.4672689747615
-369.36122905294985
-369.2897122778543
-369.29965302793687
-369.22029523126406
-375.42156865946214
-375.4145793085718
-375.36459558962434
-375.2925960821191
-375.2529836493598
-375.1957430151654
-375.1507793134444
-375.12220813116363
-375.0424810942512
-374.97650874115465
-381.2598425795576
-381.182376266474
-381.07434044201267
-381.0731248166166
-381.05431780149746
-380.9072580201928
-380.86877460477956
-380.8905343886788
-380.79288111319863
-386.96910085755366
-386.97773016692264
-386.943369128084
-386.81765244837993
-386.76352980830086
-386.75282077634733
-386.68619753582317
-386.5744958587681
-386.54211247869733
-392.81393788447593
-392.7098000975453
-392.64016241727717
-392.63253046986904
-392.5684053369876
-392.47275087623336
-392.43377929013786
-392.3909333178737
-392.2917936713379
-398.51187035705533
-398.4757826227297
-398.3974072845586
-398.32829931521485
-398.26401476039234
-398.2018970253732
-398.15287434674525
-398.0745080186928
-404.25777023198503
-404.2296717174733
-404.1750478386398
-404.02023491536806
-403.9878660599447
-403.97019732003423
-403.84206198065266
-403.757286920142
-403.77323234572447
-409.96456390815126
-409.8229093124551
-409.8282648767966
-409.75814498384796
-409.58856819438716
-409.5712522060548
-409.54178412989666
-409.40345115265075
-409.3303896659818
-415.59001979386244
-415.5039449618849
-415.40492749840996
-415.3379632993636
-415.2962940283015
-415.19608447047034
-415.10722860531774
-415.0509283537381
-421.2523614621113
-421.15342368436103
-421.0822705821317
-421.02662564053287
-420.94676228054357
-420.8324739725338
-420.78046638073374
-420.7365245258068
-420.6381762805856
-426.8121423997657
-426.7710215947521
-426.6791519276143
-426.5694160115267
-426.5072670333689
-426.45939903233204
-426.3391584874378
-426.2347338218916
-432.4873600839504
-432.4266063224734
-432.2913160726338
-432.23016318194897
-432.207590213885
-432.0596386129593
-431.96476782797185
-431.9647170619345
-431.84757931809526
-437.9959740070735
-437.9633622405572
-437.8746025987449
-437.7313705763092
-437.7017487688396
-437.665982369136
-437.51991230379053
-437.44589249574835
-443.6941506613745
-437.28350282806883
-443.44757328178116
-443.3965448317007
-443.31156235938704
-443.217281971879
-443.141447287623
-443.04799378886736
-449.2801589005171
-449.19222837777846
-449.0615502766211
-449.01529500072434
-448.93020570800485
-448.789235501632
-448.7319630129781
-448.7022834467128
-448.541555729708
-454.7357172180263
-454.7309367840119
-454.60570774528287
-454.4802252319725
-454.4650035158684
-454.3558132961922
-454.1906218365039
-454.1611529646069
-460.3565819629002
-460.2000971942788
-460.1369803128249
-460.07647923856007
-459.9511334180313
-459.85272232548203
-459.7954326275475
-459.7054806925298
-465.86334603344653
-465.77652202108055
-465.70175623648305
-465.58714536966073
-465.4796715376272
-465.390552539048
-465.31660191280383
-465.19159105536835
-471.3665510814484
-471.2887565474359
-471.1490936792806
-471.0540226837285
-470.977649935146
-470.8727802757328
-470.7511713906935
-470.65955814967396
-476.8606942184607
-476.72443888700275
-476.61861459278504
-476.5678087440485
-476.432481516051
-476.29722316779265
-476.2637057496128
-476.1529193511341
-482.267097683441
-482.2194732952508
-482.13446284375163
-481.9546404328309
-481.89888261824217
-481.82416359736203
-481.6661528066093
-481.593278158288
-487.7871026410849
-487.65911922464034
-487.5676601571959
-487.46528346747675
-487.3758872452281
-487.3006201146314
-487.17232865828305
-493.35272924724217
-493.2674152825462
-493.120410288715
-493.02882102805756
-492.97571404721816
-492.81126149889
-492.7010329460616
-492.65088719633513
-498.74798179650867
-498.6192514634448
-498.57147684628967
-498.40436775380533
-498.2756929848565
-498.20990196678537
-498.0743788054025
-497.9291361350869
-504.1130721749665
-504.0212899632146
-503.89296311587725
-503.76239506056174
-503.6649912523853
-503.5255716343778
-503.38517253327996
-503.28324359213696
-509.4389367760706
-509.28727733257193
-509.1837596683773
-509.0796820393988
-508.9118500477525
-508.8118988739601
-508.7422812367135
-514.861180461758
-514.7085919006806
-514.6260454400477
-514.4949844810496
-514.3278792115688
-514.246933688595
-514.1343178546975
-513.9721516661511
-520.169637014986
-520.0785960034989
-519.9062168151945
-519.7877641361407
-519.7036383460115
-519.5327484113047
-519.4046487009049
-525.6190094659831
-525.492695624699
-525.3579462873964
-525.2498598169585
-525.1013576469505
-524.9788936062233
-524.8585216065669
-524.7499149910636
-530.8672554721467
-530.7530747015048
-530.6619719428712
-530.5094114615895
-530.3676715752614
-530.2668989778783
-530.1513942165257
-536.2828047289148
-536.1562737153096
-536.0250160085633
-535.8566606864961
-535.69036774913
-535.6276161641363
-535.4543210094894
-535.304404941509
-541.5194095180854
-541.3536053265416
-541.192339865775
-541.1162491442543
-540.9860127754952
-540.7939468653955
-540.6382817366904
-546.794156751349
-546.6164432812416
-546.5210064817919
-546.4233162093167
-546.1925894653614
-546.0715701579759
-545.9291030199741
-545.8214818008676
-551.963164122413
-551.8477663613444
-551.6632735860408
-551.4801798559241
-551.3980585271571
-551.2240465364537
-551.077001034939
-557.2740422683198
-557.1079947570094
-556.9875464786178
-556.8134290421965
-556.6557397776028
-556.4820615270143
-556.3926305259885
-562.5599736574077
-562.40482012152
-562.2183781360923
-562.1249965157189
-561.9712043189679
-561.7632470210522
-561.657871961578
-567.8186597128021
-567.6420205942093
-567.5381054016997
-567.3750710936098
-567.1225483451252
-567.0866986297997
-566.9195598907439
-566.6996283242269
-572.941544795215
-572.7994873430955
-572.5789788552399
-572.4355930629071
-572.2631482410536
-572.1156299297638
-571.9838514247454
-578.1177590395278
-577.977883006061
-577.8481350791999
-577.6563786815536
-577.4881990597934
-577.3060112598444
-577.2018839807051
-583.338724283335
-583.1582812975203
-583.0551326693907
-582.879215755733
-582.6360495851803
-582.4959550193263
-582.3686903381243
-588.4595700805689
-588.3234933278761
-588.1954410621572
-587.9664327516922
-587.7700732549571
-587.6414366384804
-587.464232548977
-593.6133391028297
-593.4796633865114
-593.3117857252553
-593.1337532695908
-592.9831753817962
-592.806491454025
-592.6339408022795
-598.8313949110827
-598.6504841542502
-598.4762036022357
-598.3580415982407
-598.187323863654
-597.9885871602553
-597.8148855024684
-603.9579746091035
-603.7505522885145
-603.6135158451959
-603.4343049011072
-603.2385315694406
-603.1055299667191
-602.9242455368437
-609.0068193139606
-608.8486718175798
-608.6907871169321
-608.4948484586614
-608.3460537403995
-608.2035138972467
-607.9934242429867
-614.0944393480503
-613.9830340586897
-613.7517202033408
-613.5897359666787
-613.4777529872683
-613.2254225908919
-613.0627212748734
-619.1982772416507
-618.9631928322273
-618.8168398293421
-618.6266400373801
-618.4123922358959
-618.2697590319
-624.3704509453984
-624.1424914316849
-623.9925855066671
-623.8561868187054
-623.6486127023763
-623.455911560342
-629.5716191427254
-629.4144220929273
-629.2288580119919
-629.0357412902215
-628.8659662451454
-628.6871971029128
-634.8271603314638
-634.584794314238
-634.362640188859
-634.2449471455682
-633.9815484488703
-633.85061191023
-639.947047469154
-639.7216257295721
-639.56643615315
-639.4127866014193
-639.218530027716
-639.0025002794462
-645.1105486557243
-644.9240628970339
-644.7267995641516
-644.5726916243979
-644.3969266259925
-644.1831819308779
-643.987252454966
-650.0500855267168
-649.8461525699745
-649.6974539397789
-649.4821800482645
-649.2477336625832
-649.1112871571006
-648.8748870328319
-654.9691739055392
-654.820333152745
-654.5989881021611
-654.4189696170531
-654.2534482543143
-654.0458023952921
-660.0860579363186
-659.906924248235
-659.6804878347469
-659.4922962072244
-659.3293186906179
-659.0996997339093
-658.9255918492948
-665.027132438227
-664.7934003648672
-664.6141585831011
-664.4365226028914
-664.1859187626973
-663.9821588055372
-663.8123485136471
-669.8588003140552
-669.6585993790061
-669.473056782882
-669.2315886216828
-669.0320898667006
-668.8664632595634
-674.8970124304428
-674.7125453584872
-674.5448470444726
-674.3021376116852
-674.1225359862509
-673.9510460984333
-673.6814534171634
-679.7899149371599
-679.5842309696395
-679.3292188036366
-679.1585973661835
-678.9297511523972
-678.6582220455456
-684.7702788662261
-684.5249292130621
-684.3289764823969
-684.1377858098712
-683.9211635183951
-683.7047770126676
-683.5049635327973
-689.5669194423349
-689.325825986298
-689.1720111625013
-688.9552861548674
-688.6984234892807
-688.5062981038845
-688.2870861618039
-694.3160486215153
-694.1559090694072
-693.9028473270636
-693.706332475341
-693.5204229905639
-693.2516846784041
-699.3304885343733
-699.1089463210225
-698.8424837829401
-698.6347631948921
-698.3876069731614
-698.1532774023301
-697.9235943644993
-704.0017131999664
-703.7678149296607
-703.5557375030818
-703.4077837811056
-703.1527380362944
-702.9256704967817
-708.986421964563
-708.7120352022466
-708.5047451399872
-708.2541601432013
-707.9942382575722
-707.8025489287147
-713.8382194464137
-713.6023252451716
-713.4444243985251
-713.1776712896739
-712.9520962295171
-712.7117504478081
-718.7571258600984
-718.513275977379
-718.3099014207988
-718.0004500972681
-717.7981132177725
-723.9035072394655
-723.5991476196158
-723.4226952606615
-723.1434169725063
-722.8840354552555
-728.9633722563882
-728.6965928235531
-728.4947901082389
-728.2718577023662
-728.0076358186654
-727.7549702714133
-733.8140726941689
-733.5964746384408
-733.359258801205
-733.1398393071386
-732.8758399696482
-732.6226086796343
-732.3920762131291
-738.3778518785458
-738.187275795604
-737.9463318526035
-737.6594611192179
-737.4280026289337
-737.1554775389791
-743.2251993732415
-742.9903874646953
-742.7207916540539
-742.4428836077669
-742.2195630304138
-741.9697078196765
-747.9995040419722
-747.7666354191772
-747.5262383266335
-747.2874043250767
-747.0318965266348
-746.7542096862338
-746.5230812646747
-752.5805789760404
-752.297888333364
-758.3316982184746
-758.05908709381
-757.7795340416793
-757.5756331504596
-763.5964494049074
-763.2793015287526
-763.1094654875245
-762.8086303831659
-762.5216123892033
-762.3400981410178
-768.2905437336829
-768.0740328355365
-767.7886864856727
-767.4660189027021
-767.2996088372095
-766.9953297437584
-773.0043896365889
-772.8289900471882
-772.491312035348
-772.2494299230542
-772.0457815081365
-771.7239910523408
-777.7830746442609
-777.5095404873845
-777.2176171031839
-776.9567015996876
-776.7092193871296
-776.4094910597969
-776.1302571426999
-782.1116241785326
-781.8505179340741
-781.6246088054969
-781.2965102053743
-781.0119089978706
-780.7935982983274
-786.7642350174779
-786.4908676256507
-786.2616587669174
-785.9588571364741
-785.6938451142936
-785.4577265634626
-791.458706944695
-791.2028734404629
-790.9162106426957
-790.6549936023492
-790.3776821851175
-790.0402493018174
-796.0892928350446
-795.8135907958684
-795.4792532338674
-795.2608049167875
-794.9269035343445
-794.6225574039601
-800.7201562782755
-800.3423911749064
-800.0939611305821
-799.8194911435235
-799.4926502356524
-805.4939715935205
-805.2494516902481
-804.9855143251326
-804.7097082332285
-804.3896680887583
-804.1010041951847
-810.1144399199944
-809.7368263483871
-809.5065556884704
-809.2917127082363
-815.2280490486471
-814.9465268967921
-814.6255417242199
-814.0979058725816
-814.0300004994416
-813.7293979369168
-819.7821348781598
-819.5116977559547
-819.1398511783415
-818.9044057204236
-818.5675390044818
-818.250394442062
-824.2891786290992
-824.0046619218672
-823.684338386564
-823.3648554034372
-823.0640141763265
-822.8368054064284
-828.7926472616589
-828.4349301474892
-828.1598704659989
-827.8303809599133
-827.4911961656327
-827.2258741733675
-833.2263509746755
-832.9430162969445
-832.6085164667409
-832.3366796623403
-832.074474097711
-831.6975219116202
-837.6410445844765
-843.6653335163656
-843.377537822364
-843.0410516891372
-842.7144934252694
-842.4216724147356
-848.4109427315467
-848.1024753056623
-847.7137794054227
-847.4794668941105
-847.1427459162891
-853.1351332507793
-852.751474438698
-852.4371823717515
-852.2800621733239
-851.2378414837927
-851.5645088444948
-857.4768534755985
-857.1806510835337
-856.8982631192779
-856.5985438190837
-856.2549866907871
-856.0483508846335
-861.8803788794829
-861.5611302214453
-861.1952072868087
-860.9979811540078
-860.7807154813675
-860.31421915144
-866.3890286239563
-865.8764322246905
-865.5602610405439
-865.3044355749203
-864.9406624680266
-870.8252900373556
-870.5225539267676
-870.2048263959614
-869.9010865530556
-869.5898364769804
-869.17304483311
-875.1976849162618
-874.8415800704707
-874.6269305637782
-880.5089240492975
-880.1065195594555
-879.8160752477115
-879.5074045066182
-879.1940254358539
-878.8255685363763
-884.7962616074493
-884.4640017793811
-884.1720234677679
-883.7699052158165
-883.3972606283586
-883.0116051713868
-889.0426140703064
-888.7419666273321
-888.4403282620818
-888.0377125864713
-887.6755436881051
-887.2708884560814
-893.2392019544754
-893.0105488809446
-892.6554525837843
-892.2275534841993
-898.3346698424533
-897.7660691331491
-903.7395812573667
-903.3846767824731
-903.1029122598142
-902.6875645113129
-902.3024845361961
-908.2670832730905
-907.9037373198792
-907.6288837384827
-907.3071632730002
-906.8722105455652
-906.7759913071455
-912.386026739124
-912.1031752633174
-911.7524434294121
-911.4290457865626
-911.0335415787656
-916.8855225199039
-916.5704105193566
-916.2311958976471
-916.2764677402668
-916.0244179354074
-915.1449887198137
-921.0177009765883
-920.6878714633433
-920.3266639918088
-920.0319193421743
-919.658466139142
-919.3300131529995
-925.1771227865719
-931.0132253515865
-930.6984402739229
-930.3619097116617
-930.0123775001613
-929.7095174149789
-935.5864619818341
-935.2013062677206
-934.7563522555328
-934.4202923676036
-934.0808740429503
-939.9636236497772
-939.6406884829189
-939.2755981622172
-939.2660866810643
-938.4976315975377
-938.0640907320839
-943.9925523264828
-943.6370437896808
-943.2819519851757
-942.9563926624282
-942.5790825991561
-948.4958711861785
-948.0658111121236
-947.5892913199597
-947.2448469437168
-953.148664779259
-952.7768869572427
-952.4453455689355
-952.0567643874178
-951.7272454011339
-957.6222746984246
-957.1944473642137
-956.7551525742749
-956.3487119594236
-956.0226257211644
-961.8857127286597
-961.5216862672685
-961.1692420838172
-960.7583793334329
-960.4515877756426
-960.0292730176664
-965.8654828840141
-965.3939206431544
-965.0155879693984
-964.6950473519337
-964.2675898035491
-970.1981703000731
-969.7974590317386
-975.6941473134077
-975.3377140959745
-974.9527733037623
-974.5537234383311
-980.3533469603012
-979.8592728679769
-979.5112766361469
-979.127203056298
-978.7694532496189
-984.626147223893
-984.2425088820208
-983.8619908172756
-983.479307889447
-983.0656668054045
-982.7107628482804
-988.5288845443949
-988.1409697574773
-987.5659737349013
-987.2375997880539
-986.7983282501513
-992.695264899585
-992.2956749411816
-991.8917786590306
-991.5237061402493
-991.1005373299104
-990.6936504383086
-996.582205424498
-996.1346050391734
-1002.0540563348386
-1001.6303647604908
-1001.261910212014
-1007.061983623705
-1006.5229057153376
-1006.1142564004451
-1005.716317154152
-1005.3050798247074
-1004.8898620424904
-1010.717825780798
-1010.3280852214525
-1009.9095650374201
-1009.506195679311
-1009.1026354509519
-1014.9628381123916
-1014.5544816880164
-1014.1411517376932
-1013.740856450072
-1013.3221825237753
-1019.200685538637
-1018.780913271123
-1018.287013726166
-1017.9080914860903
-1023.7821584604421
-1023.2531874921741
-1022.683186961941
-1022.2788301379782
-1021.8586632836405
-1027.740058718469
-1027.329929905268
-1026.8369543585945
-1026.4000054862831
-1025.973491264347
-1031.834212118351
-1031.4305465844543
-1030.90030242234
-1030.516987464391
-1030.0827711774418
-1035.9049722862674
-1035.4686851265797
-1035.0335581614527
-1040.8546466002301
-1040.4411018431554
-1039.9744054618743
-1045.8322899138773
-1045.3405743196206
-1044.9491343803697
-1044.4870270020408
-1044.0520704449737
-1049.878550689826
-1049.4170303136254
-1049.005284580149
-1048.4985914341964
-1047.9990854619975
-1053.8845748493575
-1053.424497982742
-1052.9882837483847
-1052.523034855492
-1052.097354032044
-1057.9100547122562
-1057.4615994729236
-1057.0009359998269
-1062.8102502157287
-1062.3755975712318
-1061.8572949086727
-1067.7118016070165
-1067.2427097647462
-1066.775637614966
-1066.3041152584444
-1065.8468230746553
-1071.687274972475
-1071.206872645164
-1070.726375046329
-1070.2573506049584
-1069.7604539173515
-1075.5987190740336
-1075.1009363276162
-1074.6573832436268
-1080.4339223767306
-1079.9908618297102
-1079.4927966603766
-1079.0256807513645
-1078.5403323351345
-1084.324650271711
-1083.8614992277787
-1083.3575536686399
-1082.8877457926908
-1088.6652807759294
-1088.2040579067846
-1094.0006944108443
-1093.5074388968108
-1093.0320099656751
-1092.5333965815832
-1092.0444519423954
-1097.8317568700754
-1097.332517938951
-1096.8601525069769
-1096.327399042246
-1095.880302988432
-1101.6412051750901
-1101.1841066355196
-1100.6421840687342
-1100.2995855655645
-1099.9316949750257
-1105.6754975921674
-1105.207114348504
-1104.6792159748181
-1104.1927577157446
-1109.9716345820666
-1109.4824319714469
-1115.2567730815424
-1114.74011728238
-1114.2550652406358
-1113.730207260696
-1113.2215994733963
-1118.9895638547719
-1118.4860700224226
-1117.9857118297605
-1117.4516761441207
-1116.9799385666258
-1122.710747206839
-1122.2213780285708
-1121.6787487652728
-1121.1962518515336
-1120.788898714272
-1126.6591495558182
-1126.1956003455005
-1125.6227188373473
-1125.1609747720859
-1124.6006178895534
-1130.3760824967076
-1129.8464191193816
-1129.3212828558421
-1128.810479913143
-1134.5377246711873
-1140.3303497577472
-1139.7640298574302
-1139.2802929462646
-1138.7179209043197
-1138.2245293936467
-1144.0772280546257
-1143.6821730527677
-1143.1764183587738
-1142.6090698628043
-1148.3848162789031
-1147.8414099243712
-1147.3127368332102
-1146.7786836852922
-1146.2414203714823
-1151.9795523693217
-1151.4374199731637
-1150.9135333465924
-1150.3554775481703
-1149.952910107411
-1155.8419444034998
-1155.2910625081438
-1154.7658323492194
-1154.2005893547048
-1159.954020596908
-1159.3847753135738
-1158.8505520183812
-1158.280501492173
-1164.0495945012956
-1163.4786584061264
-1169.323267776751
-1168.9744583767913
-1168.3661042158292
-1167.84660826797
-1167.2750237605685
-1173.0172728296861
-1172.45151770721
-1171.9132833809606
-1171.3390923418856
-1170.7763571551636
-1176.6741780687098
-1176.207611269648
-1175.6693427305145
-1175.0908006891927
-1174.5659327151961
-1180.2596476278507
-1179.7122858848627
-1179.1404301078976
-1184.844773634516
-1184.3010594209904
-1190.1166516410688
-1189.7379194651016
-1189.1395425807868
-1188.593883670857
-1188.0132061382278
-1193.7230869653629
-1193.1539742443388
-1192.5648609682426
-1192.0090417283384
-1197.8364909732493
-1197.436446346676
-1196.8319259384537
-1196.2872077717002
-1201.9543578686892
-1201.3742422202492
-1200.774146007664
-1200.2334283034088
-1206.113295251448
-1205.5816466314982
-1205.0930812748904
-1204.455108439557
-1203.903109818559
-1209.5778910647302
-1215.3077919053962
-1214.6856377038343
-1214.2654537588717
-1213.8237409842236
-1213.2019669414676
-1218.9327863036012
-1218.3115884947551
-1217.747282778595
-1217.1307431697205
-1216.6979382787115
-1222.536953458227
-1221.9034492130966
-1221.3398607356191
-1220.7300874162893
-1226.4177246274382
-1225.8124246727991
-1225.216329682476
-1224.7494259611462
-1224.3115382855358
-1229.9852922994426
-1235.659565887796
-1235.0681459662628
-1234.4558966157051
-1234.0148529643204
-1233.544869249072
-1239.2328623536891
-1238.605736072183
-1238.0008880679188
-1237.3788581260387
-1243.060460296637
-1242.591898170866
-1242.149914905834
-1241.5198549074871
-1240.9190940600197
-1246.554968611994
-1245.9651714243575
-1251.7633801291454
-1251.2896197676923
-1250.7078672962662
-1256.3233229744926
-1255.747405728412
-1255.0765250608229
-1254.4872885387576
-1253.9908610424823
-1259.8201261427794
-1259.1833909328152
-1258.5545677374726
-1257.9280189611977
-1263.5732027455624
-1263.140412208975
-1262.619689813069
-1262.0001809649584
-1267.6281720970233
-1267.0072105264087
-1266.354511718599
-1265.8849676293144
-1271.691700123576
-1271.0547185173345
-1270.4029890452623
-1269.7666007883442
-1275.557588154103
-1275.068013223542
-1280.7344550925754
-1280.0614149569349
-1279.4308716412374
-1278.7654218109878
-1278.326981871791
-1284.058827561307
-1283.4434643143256
-1282.7695349503715
-1282.135879320556
-1287.917034090262
-1287.4163321687577
-1286.7810574058194
-1286.090715007912
-1291.731967830606
-1291.2240628303214
-1297.0217180946395
-1296.3566529264442
-1295.7134135018018
-1295.0200779733138
-1300.655096317095
-1300.1352913862033
-1299.6437595023544
-1298.9660316237419
-1298.3238122863204
-1303.9087719434933
-1303.4239598029933
-1302.9267821592532
-1302.219888601932
-1307.8437691220997
-1307.1588022359037
-1312.9636100714188
-1312.4333231027358
-1311.7682225425783
-1317.3530423693862
-1316.6861910527573
-1316.1537168985103
-1315.6561168245848
-1314.9645188904244
-1320.5861426007255
-1320.055011573491
-1319.533705414003
-1325.1387114017573
-1324.4315051185554
-1323.7465745658258
-1323.220147893799
-1322.7407261089434
-1328.2972491975947
-1327.6364174829241
-1326.9007303236378
-1326.3955341018514
-1332.1493118493102
-1331.4716090387576
-1330.7488765389955
-1336.5476264433803
-1335.993401455921
-1335.3020361912431
-1340.852773579275
-1340.1719739315517
-1339.6345127744012
-1339.0992655759837
-1344.7005959990527
-1343.9851812943193
-1343.435033157929
-1342.909032450981
-1342.2110217554075
-1347.7642839800417
-1347.06870261028
-1352.8234779831898
-1352.2827027489566
-1351.5422477385218
-1357.1388439115563
-1356.555010919847
-1356.0461561491454
-1355.326949678437
-1360.8939145337797
-1360.337381604833
-1359.8087977058408
-1359.045102458886
-1364.6387870328783
-1364.1115588869422
-1363.5276147972156
-1369.110198513856
-1368.3684515468246
-1367.6057985918633
-1373.3555237374767
-1372.8226804421893
-1372.0511163639028
-1371.3612700049912
-1377.0774072672552
-1376.5575656362319
-1375.7853680768546
-1375.0663573230352
-1380.7754250573414
-1380.2384373910438
-1379.4836326288578
-1378.7650924897744
-1384.4591896971108
-1383.9271048202718
-1383.1619790266725
-1382.4206495321753
-1388.1334754788506
-1387.5942643726496
-1393.1178441633583
-1392.3744783472964
-1391.8086501122682
-1391.2260400903417
-1396.7364302386272
-1396.1982213761253
-1395.6406153518233
-1394.878071514667
-1400.4075846707708
-1399.8153839131596
-1399.272468940904
-1398.4881976056795
-1404.03183509037
-1403.4424669111413
-1409.174832293458
-1408.378433844778
-1407.6319513397955
-1407.0277655113362
-1412.7695348219402
-1411.971641255752
-1411.4221612805366
-1410.828405327804
-1416.3494243292516
-1415.5465468177742
-1415.0015680325873
-1414.3993511294148
-1419.9208563473185
-1425.3972256346865
-1424.8492772659379
-1424.242725516438
-1423.463305901399
-1422.8541707411916
-1428.5807266465424
-1427.7822568018057
-1427.007624680591
-1432.6850409913095
-1432.099418504018
-1431.304890282627
-1430.7132605447748
-1436.4137109864585
-1435.6286238400935
-1434.8161092837088
-1440.503159103623
-1439.915220515287
-1439.1169577103608
-1438.5185187888503
-1444.1986963592205
-1443.407730947267
-1448.881703795492
-1448.2730562087418
-1447.6693725535679
-1446.8845494253399
-1446.2655885325569
-1451.961301268446
-1451.1349813623212
-1450.3280754782772
-1456.0044629711283
-1455.410559501199
-1460.867493045373
-1460.2869186018802
-1459.6442353820128
-1458.83645916282
-1464.4956012684243
-1463.8994287328644
-1463.0622440115346
-1462.2728094576948
-1467.9020198436804
-1467.308956683315
-1466.4581709747617
-1465.8682988581552
-1471.5214053088666
-1470.7204011200895
-1476.3436679980646
-1475.7559470871347
-1474.9053171510777
-1474.2969925934158
-1479.941729294974
-1479.1397822967685
-1478.2747813455644
-1477.6697234848039
-1483.2970067482436
-1482.479196611898
-1481.8408220862825
-1487.5224405110482
-1486.6470785188699
-1486.046772318211
-1491.669586842182
-1490.838059923507
-1490.1933900185907
-1495.8632267797798
-1494.9939589088247
-1494.3800098716526
-1493.7105726668692
-1499.1693897329292
-1498.5222065555363
-1497.899597051313
-1497.0177784002594
-1502.4625937404955
-1501.7901961572732
-1501.185182849409
-1500.3079666579313
-1505.9682769557119
-1505.2911021339469
-1504.4483510214625
-1510.051793703514
-1509.446207634211
-1514.84472530102
-1514.2143267281112
-1513.5280043834555
-1512.6853444163653
-1518.279563227287
-1517.663174696503
-1516.7858371057366
-1516.1523688216573
-1515.4544091698422
-1520.874554432772
-1526.505450290302
-1525.8520476936183
-1524.965299029381
-1524.3274263538242
-1529.9209761932527
-1529.043780449439
-1528.4062916107662
-1527.7361991574232
-1533.335738461913
-1532.6952071842059
-1531.794518245684
-1537.4133590066294
-1536.7513895820614
-1535.871638190441
-1541.4751722897227
-1540.8114829801884
-1539.9161758733953
-1545.5206582578642
-1544.854307986279
-1543.9620842224635
-1549.566553784528
-1548.898634388097
-1547.9929177075792
-1547.3206721653871
-1552.9274482537787
-1552.023319650109
-1551.3375366714713
-1556.9451130796774
-1556.0412211033286
-1561.6319233402799
-1560.965918000068
-1560.2876239291134
-1559.5906389535248
-1564.9549638747965
-1564.2826195628788
-1563.5853889220282
-1562.6911998801875
-1568.2641545462893
-1567.592648444312
-1572.9302379019323
-1572.2711639572506
-1571.5519381735005
-1577.17428228462
-1576.4519507106565
-1575.5410095955804
-1574.840577040709
-1580.4317226505652
-1579.4966164968375
-1578.8270048025227
-1584.3834635464063
-1583.4572267701833
-1589.0423151800383
-1588.3448331606214
-1587.6421807372928
-1586.9476925530976
-1592.2877821080451
-1591.586071302986
-1590.8609880406175
-1589.940931621217
-1595.5205231841114
-1601.0973863705021
-1600.3725095973205
-1599.6746706591755
-1598.729801555926
-1604.2978874078844
-1603.5890736664912
-1602.6252483796718
-1608.2062852777117
-1607.4823464833257
-1606.7931739819785
-1606.0477315080668
-1611.4015244141226
-1610.639270107
-1609.965906460899
-1615.4917001647946
-1614.8098954121413
-1620.1053053254043
-1619.4074157562868
-1618.654304908369
-1617.7059502167047
-1623.2627815980109
-1622.5443139256415
-1621.7991101610946
-1621.088752102302
-1626.4089587254646
-1631.9372692071406
-1631.2423637423533
-1630.4947583131432
-1629.7740477243915
-1635.06344080605
-1634.3606409284198
-1633.5980634304806
-1632.8928976390441
-1638.411865391803
-1637.4461335808958
-1636.698072427934
-1642.2514560732081
-1641.4964241086536
-1647.0582445947862
-1646.0569716314199
-1645.3141780578928
-1644.572097282523
-1650.1184760842132
-1649.3680903114932
-1648.3793369359291
-1647.6173366248788
-1653.1635824323978
-1658.698284293631
-1657.9523876431015
-1656.9655860960277
-1656.1814848133677
-1661.7390795598535
-1660.9750030043515
-1660.2430669417731
-1659.2239670867957
-1664.7689801069973
-1663.997210109684
-1663.2707621695065
-1662.4797036723292
-1667.7662648398518
-1667.0003614556974
-1666.2353026355624
-1671.773762009671
-1670.9998281149437
-1676.5352194593513
-1675.762166669684
-1674.736815464569
-1680.2465512717122
-1679.496911009927
-1678.7019433936803
-1677.9630721989197
-1683.2045870038858
-1682.4376643612898
-1681.667745362356
-1680.8929950887937
-1686.4100252516498
-1691.9357686141525
-1691.1431898980807
-1690.111150013293
-1689.342763959807
-1694.8540562945284
-1694.0777962000252
-1693.290599724514
-1692.5139231300116
-1698.0183632360963
-1703.267824001257
-1702.4667558178662
-1701.7039572968358
-1700.8871303497833
-1706.4099039010462
-1705.5879910695476
-1704.8440223818593
-1710.058013130956
-1709.2670492590687
-1708.4747877922089
-1707.6757631812084
-1713.1857408040119
-1718.6726023046283
-1717.880379316567
-1716.8170475692743
-1716.037668485753
-1721.4932511160803
-1720.7366110225205
-1719.8891724825946
-1725.4058271227661
-1724.579320317005
-1723.5076477121245
-1722.7396631768945
-1728.175330894346
-1727.4080530385113
-1732.8515058754194
-1732.0858644276484
-1731.2307403715783
-1736.7334999513703
-1735.9049465183853
-1734.8300894196716
-1734.0241120785568
-1739.4839994357583
-1738.6705667612832
-1737.8551366653796
-1743.3474071740998
-1742.493014760597
-1747.9830501436738
-1747.1447127525546
-1746.3485724625891
-1745.5049588763218
-1750.6951201331583
-1749.8720666584268
-1749.0571405253506
-1754.501173017388
-1753.6819882349287
-1752.8468850164438
-1758.3098008571233
-1757.509766801384
-1762.9323783711711
-1762.1083733489202
-1761.2591593133222
-1760.1625967919401
-1765.5992050474458
-1764.7659045264677
-1763.9223902991362
-1769.3665577616248
-1768.5258740479642
-1773.9727307331948
-1773.1263774212966
-1772.2782308864992
-1777.7350024281388
-1776.87347547292
-1775.7574670589765
-1774.8996704211618
-1780.3434900381078
-1779.5000023826303
-1784.9169395750012
-1784.0751853884763
-1789.4863674454577
-1788.6439408483275
-1787.7813347064523
-1786.9480589161406
-1792.341040819317
-1791.5051384760802
-1790.6252655338958
-1796.0733578179606
-1795.197437279726
-1800.614039894007
-1799.7423899656499
-1798.5923152747876
-1804.0259183967462
-1803.135352109437
-1802.2763214439797
-1801.4020581614761
-1806.8243874241239
-1805.9526403563332
-1811.3570345191783
-1810.4865556097757
-1809.6078503327421
-1815.025022895565
-1814.132304705754
-1813.27264235638
-1812.3675011928976
-1817.7907007897084
-1816.8958290520172
-1822.3107393364032
-1821.4190977602345
-1820.535205150701
-1825.9401075206044
-1825.047910694454
-1824.176264680794
-1829.542994512063
-1828.6793305897831
-1827.759968279452
-1826.57404288276
-1831.9786457001303
-1837.3427821925545
-1836.4772407452874
-1835.5509453271225
-1840.961107991436
-1840.042038326787
-1839.1432938810385
-1838.2427939047336
-1843.6212154619275
-1842.7337408198568
-1841.7966188771074
-1847.206359448069
-1846.263725554623
-1851.6716859517396
-1850.7550599227502
-1849.8423979320748
-1855.2215199126604
-1854.2948456200209
-1853.4094957146997
-1852.4727478660163
-1857.8585435410805
-1863.2061142749599
-1862.2798597553506
-1861.387052680279
-1866.7398956856402
-1865.8417130818325
-1864.8960514392293
-1870.2791404486445
-1869.3583142365856
-1874.7293484805327
-1873.7975827355206
-1872.8631680560381
-1871.9407693275232
-1877.30296296396
-1876.3875506072702
-1881.7245203076209
-1880.8093782628812
-1886.1534260606782
-1885.230992196041
-1884.2997489303716
-1883.3565708168803
-1888.720395319358
-1887.7602687105043
-1886.8431562811256
-1892.1737239724723
-1897.5307129367106
-1896.5959502952662
-1895.6463740150373
-1894.7397206849826
-1900.3623652465906
-1899.4352532891585
-1898.4501443427955
-1903.8326125401004
-1902.8737559869833
-1908.2296273431414
-1907.2820392157848
-1906.3135478787528
-1911.6756221735416
-1910.7019493807009
-1909.7717814812986
-1915.0858120620076
-1914.1411212142564
-1913.1989487128787
-1912.2220724544338
-1917.5735166483037
-1922.8860085149352
-1921.9506787138102
-1920.9994260594635
-1920.0220096695414
-1925.3675797528972
-1924.3874335503401
-1923.4351137812068
-1928.754928677693
-1927.7875073871496
-1933.432137085217
-1932.4652480119614
-1931.5164893735212
-1936.82978922186
-1935.8749692187455
-1934.8864445964984
-1940.2029346794852
-1939.2405153492002
-1944.5485624569212
-1943.5775927081418
-1942.6015534728929
-1947.926516616874
-1946.9362302588281
-1945.9661013676257
-1944.981957478662
-1950.6395591702217
-1949.6485065576746
-1954.957389698292
-1953.9906053781342
-1959.2677761154764
-1958.2989301139287
-1957.3154364733512
-1956.3332454466577
-1961.64619973655
-1960.641859355424
-1959.669926882309
-1964.9609599601279
-1963.9769826382692
-1969.5936864110395
-1968.6126656910822
-1967.6356688338615
-1972.9100858370232
-1971.9445726119698
-1970.9137698416162
-1976.220150334124
-1975.2452989868939
-1980.5036296917137
-1979.5286458129108
-1978.5092171930721
-1984.151448978205
-1983.14097372498
-1982.140133800007
-1987.4279812261882
-1986.413159387751
-1985.4366959406818
-1990.7045757975523
-1989.69089672614
-1994.9860103999383
-1993.972402404018
-1992.9779811521857
-1998.5223457841464
-1997.5758235565927
-1996.5471281801617
-1995.5520987084633
-2000.8306189974892
-2006.102113282531
-2005.0992833602438
-2004.070056242775
-2003.0662990741514
-2008.6658170951748
-2007.6606743552488
-2006.641361236837
-2011.9030406341772
-2010.9070166997226
-2016.1497827294447
-2015.1345156268628
-2020.4012214035654
-2019.361731514694
-2018.7104887241894
-2017.6610670821656
-2022.9457648474709
-2021.8880591205325
-2020.8539351828367
-2026.1452365112482
-2025.0714010558552
-2030.700928785379
-2029.6547808427665
-2028.6322552014587
-2033.9062029589306
-2032.837063273428
-2031.832429908222
-2037.0789461347865
-2042.3210427711344
-2041.3159482685992
-2040.594929029618
-2039.5792055033817
-2044.8026470648986
-2043.7650835856332
-2042.7290869489186
-2047.959820524268
-2053.217882585792
-2052.5019504795923
-2051.479568830333
-2050.433686407659
-2055.656305824281
-2054.6287080946945
-2053.898669425084
-2052.8614352612417
-2058.0959926846276
-2063.3241904940896
-2062.2856221980774
-2061.2164465544593
-2066.445394514644
-2065.7438283553247
-2064.687631058191
-2069.9141136820745
-2068.8551862023664
-2074.084003949245
-2073.017562030877
-2071.959477207841
-2077.5162414814426
-2076.460009055084
-2075.400848035039
-2080.608116333303
-2079.5642393185412
-2085.1121034703565
-2084.0649662408787
-2083.0069652448497
-2088.2001499802864
-2087.1443712887176
-2086.0386225233938
-2091.2286409589747
-2090.5332852242204
-2095.724055232241
-2094.687102115823
-2099.881942634465
-2098.7978195808064
-2098.0945328169046
-2097.00274353754
-2102.209580816995
-2101.1161946109632
-2100.0067784418693
-2105.5767263488133
-2110.7609789481485
-2109.6892378725324
-2108.595202871266
-2107.51518623951
-2113.0680295151315
-2111.971362087835
-2110.8931603303377
-2116.0685594145593
-2121.2408535467475
-2120.1584849715528
-2119.0439243125165
-2124.6108342586767
-2123.4992282033027
-2122.4007954382273
-2127.5836666044074
-2126.473094289234
-2132.035148223442
-2130.9185524267978
-2129.8219577474215
-2134.9863937906284
-2133.8659032028168
-2139.4349940758825
-2138.2994185474363
-2137.192020600192
-2142.7177064673624
-2141.6130115272626
-2140.5131170570558
-2145.657300685589
-2144.5395724335485
-2150.0746920674014
-2148.952486821316
-2154.133960726866
-2152.9964977480945
-2151.8754343240607
-2157.3970851371814
-2156.2752453831804
-2155.2017486380037
-2160.357316278142
-2159.1602401010023
-2164.7410764304136
-2163.5610079322055
-2162.454658139865
-2167.5931971657656
-2166.44116505588
-2165.7107473729457
-2170.8352722096874
-2169.710560534807
-2175.221624156554
-2174.0800385609978
-2172.962332075399
-2178.0757082860246
-2176.910942277658
-2182.4411999031363
-2181.2791171436866
-2180.1557901114234
-2185.279925872794
-2184.1160180947727
-2189.6522386028073
-2188.479899488304
-2187.351892208161
-2192.854435861813
-2191.7048836022514
-2196.8320431353886
-2195.6599699436165
-2194.495668911894
-2200.016773046561
-2198.835816817956
-2197.684892121842
-2203.162920293461
-2202.0118360975653
-2207.1283343436103
-2205.955828452563
-2204.8088437287242
-2210.288847054509
-2209.1361287395534
-2207.97461911361
-2213.465976737674
-2218.5816627451213
-2217.3927233587588
-2216.2096950680143
-2215.0447359115465
-2220.5145440327633
-2219.3472744698
-2224.4569013774562
-2223.6390280994733
-2228.74953075751
-2227.558961725714
-2226.369998276423
-2231.491250843019
-2230.6688861354023
-2229.5045942104944
-2234.606278571892
-2233.802722459337
-2238.90885666149
-2237.714599420411
-2236.9120266075165
-2242.000551459924
-2240.784096168124
-2239.5946230037816
-2244.6797128245553
-2243.8618603471773
-2248.944461397399
-2247.738242912203
-2246.9222010647322
-2252.0035815266597
-2250.7819968033596
-2256.2774500657647
-2255.0682405944367
-2260.151302794651
-2259.353435703173
-2258.1505826239977
-2263.2391475186046
-2262.021003965653
-2260.8173245438084
-2266.307096402953
-2271.3589812919076
-2270.1682350815367
-2269.3465389375765
-2274.431265235928
-2273.21237491232
-2272.383320388365
-2277.443559114507
-2276.2447513537654
-2281.635427445366
-2280.493195496367
-2279.280250669881
-2284.7462363867644
-2283.5197888101065
-2288.562399219733
-2287.3215836558575
-2292.358936961722
-2291.56259523314
-2290.3437102141065
-2295.419577074449
-2294.573968686268
-2299.6553175709946
-2298.4116218011445
-2297.616290219973
-2302.6629784117363
-2301.423223289184
-2300.6100443463692
-2305.655141997011
-2310.6852591307315
-2309.8812357935944
-2308.626965067395
-2313.666891643676
-2312.8664909855984
-2311.606678756516
-2316.660947885875
-2315.8031801482834
-2320.8522118024293
-2319.6137854655617
-2318.7613868592234
-2323.807799968589
-2322.585466252905
-2321.70408319096
-2326.762101405827
-2331.811649788529
-2330.95383843174
-2329.7246516666473
-2334.744040462384
-2333.932638337741
-2332.6910385586116
-2337.7039579071716
-2336.899010355771
-2341.9325161841316
-2340.6709017094195
-2339.9324514376076
-2344.931521116991
-2343.71325674334
-2349.215379071732
-2347.958430817463
-2353.0086965357764
-2352.186762366096
-2350.921883024689
-2355.938210216934
-2355.0928401700753
-2353.7994452135235
-2358.8425808366233
-2364.1874129113908
-2362.956016579662
-2361.6847817175812
-2360.8123887221795
-2365.8490088063295
-2364.580396677972
-2369.9933188269065
-2368.7651765839078
-2373.7784848727924
-2372.958456982769
-2371.704360993225
-2376.719529210409
-2375.9312231564977
-2380.9332448372065
-2379.6579197598858
-2378.871421313761
-2383.8728279665247
-2382.5525124461
-2381.840472803548
-2386.826007387103
-2391.8366339341505
-2391.06900993458
-2390.22034526686
-2395.3380132474445
-2394.1377287118444
-2393.2391650254026
-2398.3743310587847
-2397.054710664178
-2402.610842203952
-2401.397051405423
-2406.3250768904704
-2405.6897279524164
-2404.397503253397
-2403.0771863930686
-2408.686150773084
-2413.7057834036273
-2412.312908832392
-2411.84053426285
-2416.7400772838378
-2415.4872031601203
-2414.814989120594
-2420.2491296357894
-2419.1739467617826
-2424.2247051656263
-2423.3573006082706
-2428.581675759257
-2427.3432493494197
-2426.5252796126465
-2425.349963580352
-2430.3667084607087
-2429.8025525157123
-2434.751823242359
-2433.4537466631173
-2439.037881837994
-2438.2731959510247
-2437.1645597503757
-2442.2998215001107
-2441.5199329666766
-2446.7279576838255
-2445.5694019621296
-2451.1354488841375
-2449.934980742442
-2448.705179333038
-2448.18438662902
-2453.473257671833
-2452.524668735662
-2457.841312705994
-2456.742825899579
-2462.1155950334746
-2460.7163436905844
-2460.1604017205923
-2465.4483832335836
-2463.977531885967
-2463.3879710670367
-2468.6516739970643
-2473.922673289017
-2473.23406433985
-2471.962111578035
-2471.0790674756586
-2476.5751556971522
-2475.280052235252
-2474.5386964723484
-2479.8898377852174
-2478.9134676501167
-2478.427472843337
-2483.5422851585954
-2488.979652199826
-2488.116522598257
-2487.152347387166
-2492.9432005335557
-2491.3848256811025
-2491.5611684016644
-2489.920494039738
-2494.7629584895644
-2501.074600091651
-2499.43169587486
-2497.9791525573974
-2504.295285144124
-2502.430565715245
-2502.2342055009685
-2502.9911314229853
-2512.558599444981
-2511.89314465659
-2510.803635491467
-2510.055582930728
-2515.6261948089887
-2514.602464495793
-2514.030690604363
-2518.9378494904013
-2518.4886697277802
-2517.4174204677456
-2523.068816629283
-2522.4801037358357
-2527.765847883946
-2527.1071763132577
-2526.025016859669
-2531.5587357777977
-2531.113554331556
-2529.6929625459406
-2536.086728132438
-2534.7015346593935
-2534.126487407477
-2533.23067390319
-2544.8170949709247
-2538.3846376308807
-2543.0807307705595
-2543.4076414612678
-2548.3948972544167
-2546.602993227022
-2547.247105406323
-2552.1176968492787
-2551.9674559954537
-2550.789182441586
-2552.8834389949366
-2556.2571157053226
-2560.1245508513834
-2556.3993673141663
-2558.4403985088607
-2561.5852710092445
-2559.9710789159417
-2561.0214803483595
-2568.1794450302987
-2566.4365631187165
-2571.11722009663
-2572.153579689453
-2576.2643455014913
-2574.5461281582516
-2575.1961456166414
-2573.4433464860035
-2579.4568118212696
-2578.9035772835887
-2578.605949503711
-2583.943094498347
-2582.9808231194675
-2585.1374569874847
-2587.5980685187533
-2593.770399038366
-2592.589975822593
-2591.491383058183
-2591.4375396461096
-2596.495259697787
-2595.723988915931
-2595.413571436409
-2601.339462510634
-2600.3262442842492
-2599.2167703093837
-2605.383214259569
-2604.4080320135213
-2610.30341756843
-2609.212475691039
-2608.672193079803
-2614.3521249130936
-2613.572820517783
-2613.096116168287
-2618.419565483979
-2618.2898515374964
-2617.1417219297728
-2615.8432446653537
-2622.460977055002
