-0.8037715071409587
-0.32455070765711486
0.3052926837828933
0.03567326567625921
0.0007049155760899704
0.2502112787395182
0.34073511833745285
0.23029158779416406
0.060939342379045684
-0.03283518168704675
-0.01878193449546899
0.019804395389073918
-0.08603379496467657
-0.45812898745807423
-0.6655716857647539
-0.7495116783750088
-0.24336818259579854
-0.12059438625869323
0.18083497697883538
0.2520536914063749
0.18079090872586692
0.17267519036255963
0.20801892135686267
0.07068010404931897
-0.2849025761614389
-0.5112237299455842
-1.3051989428319313
-1.2539758976101405
-1.0763432306637464
-0.46619829092915893
-0.43514314095279544
-0.29938208205451416
-0.17121131782049054
0.04874703079903358
0.19317363631726298
0.12451368627647842
-0.28632481309664104
-1.3173849699697573
-1.4447657846340614
-1.4244804270343228
-1.516972443364871
-1.6769901979410031
-1.6529713628748284
-1.543843886322638
-0.7564899913914358
-0.28529677457232144
0.1773913925961716
0.021141329960353464
-0.5508558090228513
-0.9111408085338897
-1.0321025680017626
-1.0763579159293493
-1.1139312867903446
-1.8859399605716152
-2.0031939583508804
-1.9843379542388717
-1.324067996795095
-1.3624938886911377
-1.3291739081163743
-2.029679885139614
-2.1825530177994117
-2.15332154149936
-2.0039603942222146
-1.3899652211792182
-1.463172762141019
-1.6327912021566862
-1.7288103604678873
-1.687496404085755
-1.6387785637610377
-1.7628645547751876
-2.5352186763866804
-2.586567477639567
-2.4979906051037704
-2.3436524762714317
-2.4629622761875605
-2.3587103764097166
-1.5665804862629722
-1.7600815866822639
-1.83799008637736
-1.9017910122354011
-1.9031269601711365
-1.986923504992743
-2.553019839508368
-2.7820167228385864
-2.8183727136619154
-2.7239724784199177
-2.689146828707516
-2.7442002575764053
-2.7863562505315
-2.826922997753018
-2.8891734855131355
-2.9185866673910335
-2.89160824601971
-2.893162772533932
-2.871662078480522
-2.9298384880125536
-2.88439658886848
-2.6072543101301204
-2.585351718634411
-2.6305793438613856
-2.72747218668902
-2.877181364198621
-3.0084013977406436
-3.136005702053677
-3.2188549622460956
-3.157450108871905
-3.1088716060880808
-3.1453443767738865
-3.2133675923429457
-2.97933287122907
-2.9448137136823926
-2.941962006626906
-3.0475172454141863
-3.240503272259446
-3.3169786430945303
-3.3369959003415017
-3.317571397158977
-3.330541344739114
-3.3979587939402336
-3.522249150936121
-3.6275989707236627
-3.6223527805212017
-3.6865485605403663
-3.775598221488421
-3.8515275883976132
-3.889044282246947
-3.831579048009404
-3.8661410323078225
-3.625003845837261
-3.5446544721670628
-3.57683172223353
-4.09690594124232
-4.008358874758149
-4.13240933673289
-4.041147193389987
-3.967501701242893
-3.982310789426324
-4.1205792709323745
-4.3065776095845205
-4.434683115615522
-4.653790563268908
-4.343492647408138
-4.546840446601962
-4.733910863542964
-5.013907151083972
-4.024558860802749
-4.455098285287402
-4.220836730853422
-4.089882129616242
-4.717904755292943
-4.935226186044778
-5.343938268081816
-4.382639849100988
-4.653631512270816
-4.600183634064617
-4.63553939032693
-4.490736256773398
-5.180348413859356
-5.340578409252088
-5.433489892614062
-6.077857931093062
-5.477956244787823
-5.5759011286794085
-5.718685574320183
-5.915490870020678
-6.019072296360645
-6.781757427270152
-9.872977255802098
-9.489630300742327
-6.871961816132855
-5.9378325829657745
-4.937057489144132
-4.896622666019285
-5.925042047680414
-6.014852283205393
-6.872215913790577
-6.674530912219564
-5.322177962170223
-5.305612849156134
-5.216300980101859
-5.274479075553519
-8.427166531461866
-9.19449843809845
-8.894089201194237
-8.448966661008013
-5.961354225648751
-5.830713064378739
-5.832683706195203
-11.675487070328328
-11.636268082232355
-11.678177285304827
-9.706036837967597
-7.32143652183271
-6.738975789940635
-7.357024444938057
-11.827079387927057
-12.03513373003831
-11.809794127219098
-10.49213812456036
-6.682735007324229
-6.200138954045673
-6.282136739097879
-6.454716067257047
-8.718009493354636
-10.265906562251743
-10.088847710911383
-10.262150125897055
-10.461938329225658
-10.960200024890991
-10.918754574725888
-11.286165219848035
-11.378180572519156
-11.262583834603886
-11.592690953551935
-11.652023745072224
-12.472225643809027
-12.752523387103748
-12.904235454288372
-12.788959358191418
-12.88515285524008
-13.107906278598376
-13.197655983864719
-12.426019994178246
-12.527174217834162
-12.548076405134339
-12.6779580877379
-12.834226852341255
-12.951979030066058
-13.128919171848638
-13.196879674736179
-13.182020131118675
-13.096918581890426
-13.119919222208594
-13.163491031293594
-13.160807129499057
-13.251305497006033
-13.207335058339488
-13.624200113343406
-14.070259706936195
-14.150272211491364
-14.570656658161193
-15.267358552966522
-16.033092808293016
-16.905563442366425
-17.853120789235494
-18.541171047995995
-14.761346081661886
-13.293522967068657
-13.569322287725594
-13.931144496261902
-14.342108366047048
-14.800400880213155
-15.488726667784247
-15.90271108044733
-16.517331806174827
-14.541794260799872
-11.548095433179636
-12.469125580380704
-12.960576164915727
-13.340440674056847
-13.767612590620528
-14.223770106835131
-14.675305622640433
-15.101973283092732
-15.46484571186774
-15.809079884574043
-16.188589777429065
-16.747659141602245
-17.578705960208914
-18.29185425761755
-18.81463663271785
-19.941051731165313
-20.328255915692253
-20.36300132784702
-20.334916565050207
-20.36203217190492
-20.544232040718384
-20.80558852495756
-21.115926694716737
-21.45129177054319
-21.780665694869608
-22.141355323485595
-22.598542028266163
-23.15697756878085
-23.81454809597092
-24.57275044103943
-20.157971750506437
-20.392128840606862
-20.810925992565213
-21.166188545102877
-21.467995599956225
-21.708861730823617
-21.325082004017816
-21.392747354458354
-21.328434789197974
-21.42367662951419
-21.737641933900232
-22.16184060220079
-22.600371940252746
-23.041452068575172
-23.504319885797578
-23.900398320391982
-23.271578790414416
-20.233433619949054
-21.131870219223508
-21.986456435446605
-22.378293141127994
-23.020959661027373
-23.21600130974945
-22.474838665239954
-20.518211572324734
-21.080974229887843
-21.620156035649774
-22.193673889962223
-22.741998016771937
-23.130580579942617
-23.42397382726143
-23.658640805061186
-23.699239907017724
-23.369358278984155
-23.2832035145067
-23.43747980662802
-23.886316030646498
-24.44917912423108
-25.013941008338232
-25.59847809345774
-26.239721289328557
-27.013583027576548
-27.995310454854053
-28.733307383346887
-29.220356397969216
-29.753123821537883
-29.14126090208006
-28.67311082661243
-28.76901864164705
-29.114587387668404
-29.490194582773942
-29.829748854649765
-30.175800679664903
-30.52951758415809
-30.828108223933143
-30.889640754732834
-30.66662362689945
-30.822380981265635
-31.1987089621306
-31.566489516459068
-31.88047009996574
-32.278767122645895
-30.69154970667907
-30.454398928602334
-30.47677151379406
-31.3160232579322
-31.77506496925146
-32.01554258823476
-31.277499016222396
-30.757114171849306
-30.542287928556405
-30.632262429111442
-30.77289092085166
-31.057363460938053
-31.274704048483954
-30.797805247898403
-30.798513595216935
-31.048889201970486
-31.26601250852553
-31.52106870103444
-31.842837319041536
-32.19499411083922
-32.493549195581686
-32.549031448214734
-32.351216584910205
-32.42004008736751
-32.696677187014465
-33.09875525197491
-33.61828638517382
-34.04235460122294
-34.40692798295677
-34.690000857030974
-34.39129436919656
-33.89720545161685
-34.13399044772022
-34.50514792205175
-35.46373616382567
-36.09828696976925
-36.73803634893256
-37.32712622827543
-37.736749834914136
-38.022542955887744
-38.102952876171734
-37.814508408745624
-38.00372562235958
-38.16809737048549
-38.44796223759805
-38.83513294881427
-39.44122517007832
-39.85251935849055
-40.006488676817995
-39.84990526303179
-39.683430408035655
-39.90718495709612
-40.36789291333589
-40.552148707735626
-40.81791569716448
-41.304505624495306
-41.66057495609465
-41.3366487480678
-41.127604488481865
-41.33132647412907
-41.81398517612456
-42.821976922420504
-43.27138867924061
-43.6965470076118
-44.17877934570022
-42.76521822665314
-42.71964285998855
-43.001551304402426
-43.48131073246113
-44.69298785190357
-45.193305496906255
-45.664842844921466
-46.05583218577412
-44.82852582539988
-44.85927659686251
-45.99354917694747
-46.03107984873754
-46.34692515436089
-46.692523488611386
-47.01910804007937
-47.214355552035435
-47.5514562521012
-47.083393236103554
-47.15461813767514
-47.48870549950096
-47.947551558017985
-48.4730133796981
-48.87804655769553
-49.03750030205333
-48.894038795830184
-48.76418672599282
-48.9678467986809
-49.27475725565147
-49.65989358445123
-50.05141401279645
-51.203302365035654
-51.644784867246194
-50.18190841687175
-50.30056603925932
-51.53661324653249
-51.8484023264639
-52.22057760083452
-52.56884245024269
-52.8518412296621
-53.025720439614815
-52.94201123468888
-52.89371893096696
-53.031683174552796
-53.28208666284651
-53.65407156240727
-54.065833773218024
-54.32420554819376
-54.306142515251686
-54.16019491615701
-54.229546251993675
-54.48941198618177
-54.821828561807024
-55.08102559294854
-55.2775498942262
-55.19930012793781
-55.1656390849193
-55.298236476856786
-55.59628788951657
-55.97359351090967
-56.28437501529963
-56.275009948757706
-56.098735450943735
-55.770744541643246
-56.379244741359976
-56.894963165117844
-57.459349587870264
-57.97281286650929
-58.21125840681753
-57.92990547154509
-57.46333713487034
-57.66936713292778
-57.9988885190685
-58.84712705568023
-59.31628072797555
-58.592655253306994
-58.56798688972476
-59.171793629613624
-58.96654496861788
-59.99498290679019
-60.66367096662266
-61.08747134151684
-61.463954855701935
-61.42116133648833
-61.27264538177327
-61.31074777724685
-61.55401738334942
-61.77895162904055
-62.00604702712039
-62.248183263350704
-62.240259287340336
-62.103691562777485
-62.199653683395155
-62.510865389107764
-62.918347610568105
-63.268789041594125
-63.390727923499256
-63.28286625784775
-63.320397296211354
-63.5064801934503
-63.62689086399984
-64.03666011126322
-64.20150896243544
-64.15198953156558
-63.965280484970926
-64.08578665639456
-64.3322920783919
-64.58946893963737
-64.81965428435848
-65.22936969374179
-65.61623514163158
-66.22845662402338
-66.14266552719911
-65.6484123936288
-66.1817226435785
-66.69676800201403
-67.6431522279854
-72.79754660287296
-72.80335374753949
-72.97348600493402
-73.3106384443547
-73.69895869362605
-73.87787191644827
-73.81164581123693
-73.36960463280681
-73.58150119285128
-74.10876665654195
-74.61741753320132
-75.26572106175935
-75.4605737779024
-75.06295503328194
-75.18292943987552
-75.47459848419481
-75.79072628938606
-76.05200136723052
-76.21682369272665
-76.15628885772978
-75.83306738893269
-76.16156551506323
-76.44372074563525
-76.67676810710269
-76.73294884217263
-76.65521289683434
-76.69207376127974
-76.88831192996977
-77.09582607490809
-77.35946144318349
-77.5924684973306
-77.66231992315093
-77.52293947185242
-77.64402356443512
-77.9462794061024
-78.28520664498139
-78.47055540942564
-78.4091876637471
-78.34850167576771
-78.44541859449446
-78.62551581856123
-78.79662294340021
-78.86302743940057
-78.76183741849479
-78.68547997047601
-78.82772957137836
-79.04155501253243
-79.26002332966168
-82.30100969016175
-85.59039572609659
-85.64371872122899
-85.85502385411881
-86.09579297366051
-86.37401761775021
-86.55779808606978
-86.40432145746384
-86.37585062062782
-86.55895376181044
-86.84154034226026
-87.04836237016264
-87.10573416358773
-87.04184431109498
-87.0580778286186
-87.24234546608855
-87.52502140372366
-87.75132099174311
-87.81221774587193
-87.68831617775838
-87.62624942713867
-88.01400618649073
-88.45311536190385
-88.59102999858887
-88.58476448821789
-88.30269308601028
-88.44498859542385
-88.78721350572806
-89.10275045002248
-89.51659016747296
-89.66740725291304
-88.8275387703857
-89.04987228849588
-89.40922584164164
-89.8793252116692
-90.7676607450101
-90.99238926487442
-89.70067291587793
-90.08090076985354
-90.64797750013336
-91.38665160473474
-92.01655190782498
-97.447289640248
-97.33849720585826
-97.49487909853464
-97.79849970619364
-98.05013334813027
-98.128547487544
-97.91173006278157
-97.84920676623533
-98.0828043168108
-98.39961379805403
-98.66971277751333
-98.72487759597121
-98.61014140814412
-98.72268581401885
-98.96672529747579
-99.2881305670686
-99.62727985879819
-99.63585644722964
-99.52704924397753
-99.38179510291324
-99.63895575513617
-99.86418323843449
-99.86039231716299
-99.72324705123435
-99.77040506869395
-100.00434443480579
-100.23844222395333
-100.34845760942966
-100.29392038295975
-100.2476004118784
-100.40015964781254
-100.69966901754512
-100.74425551958511
-107.13214577202797
-107.05005888813817
-107.12716261570651
-107.31180965628717
-107.43306582932725
-107.46373438796314
-107.433688945619
-107.45822449103281
-107.57516819160683
-107.72704949195517
-107.84336364353092
-107.84204707345557
-107.78879309871616
-107.86870018852582
-108.07875640863656
-108.28133128011469
-108.31489399860013
-108.26707200129971
-108.30921504850708
-108.46779839706261
-108.6462227290969
-108.69735026800862
-108.59687882261441
-108.6260632095276
-108.78548629225862
-109.0115437833703
-109.02345163969575
-108.89021016115464
-115.13705069379428
-115.25696981168544
-115.43570386411803
-115.499346460389
-115.44474128923119
-115.40475586405576
-115.49375641815465
-115.66172553447468
-115.79787226284128
-115.78152750925496
-115.68750241538842
-115.80761136840839
-116.03207357404092
-116.28623330242449
-116.17157085596354
-116.00044247545046
-116.14819512655815
-116.29132902021266
-116.30815077731718
-116.29156170532204
-116.3572204818122
-116.39284640161321
-116.48814973799485
-116.60739020329997
-116.67370312622239
-122.97788037381866
-123.08629808398133
-123.01388522626326
-123.19032314718869
-123.28144784411097
-123.18759868863496
-123.20693056020694
-123.37428482636929
-123.53729759177838
-123.56196826608176
-123.50028708839328
-123.50021457288554
-123.59016882251234
-125.15354924286608
-123.7761760444524
-123.65396454637573
-123.71271584524254
-123.82115099858268
-123.99684710803069
-124.00094168319342
-129.41346141028072
-130.23390476744453
-130.40249068411998
-130.61641607702325
-130.85971346115372
-130.54103263794204
-136.78512360994992
-136.90802317660606
-137.04575316218634
-137.0574690993
-136.95667719816052
-136.97110348007195
-137.09567480608916
-137.2265847348846
-137.19115517362422
-137.1203147979719
-137.2108496137019
-137.35936520399463
-137.48587946348812
-137.52470899195623
-137.4909983069957
-137.5013033524709
-137.61778939684518
-137.74287287129164
-137.78369473955982
-137.71252997573515
-137.71140219674592
-137.87423290788934
-144.18667186857152
-144.14378185805322
-144.08963037644136
-144.17489648844233
-144.29237027386625
-144.3644799356645
-144.35031620712712
-144.334033485347
-144.4186320522709
-144.57985911433326
-144.70500945245206
-144.719912989584
-144.67046674793693
-144.73516065618315
-144.83595097924595
-144.89994192337375
-144.85958944172893
-144.84311356315112
-144.88912830470073
-144.99028770794186
-144.98497645805924
-151.21517699265516
-151.20137876265932
-151.38043791168337
-151.54572655384348
-151.49648347933407
-151.38741136643847
-151.42417190448347
-151.57076276006265
-151.75901351282118
-151.76161687859548
-151.69170456691606
-151.82495768163153
-151.84432660165726
-151.87586540720898
-151.85451691621284
-151.8537750318999
-151.94378815657706
-151.94632558272642
-152.00861372730807
-158.26262146533
-158.20594727442787
-158.3186232359655
-158.47825273599727
-158.53918029932544
-158.44214511985408
-158.46139945302832
-158.5996777528333
-158.74498481730342
-158.7258877854549
-158.6543163558458
-158.71088421977947
-158.80127996525016
-158.85372434018552
-158.81936248437603
-158.78900423099836
-158.88184322046186
-159.06354444523532
-158.96517684638056
-165.19323068605667
-165.21915870336346
-165.4317610216237
-165.56191104214687
-165.44511008042164
-165.3745844513454
-165.38751520132917
-165.48812639825343
-165.62046245379392
-165.59084257066073
-165.45001749690886
-165.5342613887106
-165.70642696030257
-165.7182969038241
-165.5669076061011
-165.58995018102155
-165.83485930991992
-172.10062857041675
-172.0602333067375
-172.0189547561554
-172.09572112473194
-172.20521216589694
-172.36580290078257
-172.33227879736447
-172.2880127411242
-172.26665241264473
-172.37066452671004
-172.39471501311814
-172.3299353656078
-172.32351909577886
-172.37488823224353
-172.4602654762416
-172.43644736821912
-172.39492326754018
-178.7441899655814
-178.84012342163456
-178.86451102336264
-178.80657215569678
-178.8168713203655
-178.91057868736434
-178.98220750746808
-178.9656990386349
-178.91868325259605
-179.02402456534637
-179.06925332014296
-179.12969852645338
-179.08264054770726
-179.05386060021135
-179.10422581405118
-179.15035402217174
-185.5281636125654
-185.36939933791987
-185.52427631914514
-185.60905308743617
-185.51928507592123
-185.47309150711092
-185.48452010354887
-185.571140889544
-185.65818334307974
-185.69396006817735
-185.66551876183442
-185.6713294756381
-185.7620044147516
-185.8072135496756
-185.6892268409366
-185.6997827712404
-192.0304506426031
-192.10820209216905
-192.05772765426573
-191.99580512190957
-192.1670955695239
-192.26298740557635
-192.1609781028317
-192.12904273374247
-192.14414091587005
-192.20609764391276
-192.25340494920505
-192.31993577133485
-192.21476681841503
-192.2438830717575
-192.30099343098922
-198.65390428202707
-198.56356697143912
-198.56036305822414
-198.62720587649028
-198.67708279572778
-198.63758540549367
-198.61697372690338
-198.7828630485438
-198.7838843403489
-198.74534387698637
-198.7083096977662
-198.7198467279743
-198.78214612420754
-198.81013004244915
-198.77439910355807
-198.72988452187832
-205.09626404483737
-205.1491973330321
-205.12764426264107
-205.07665450427433
-205.12187477376003
-205.19348347324754
-205.20457842575533
-205.1673663682717
-205.19162974678068
-205.22798477897354
-205.2734709919312
-205.26188289886971
-205.223380645617
-205.23822233333146
-211.5921762660662
-211.59339203420947
-211.53631859737325
-211.54806815554
-211.64297345175407
-211.6533415493364
-211.59098978979068
-211.6124070789534
-211.6692327865422
-211.69320449479625
-211.64488102103755
-211.62960264138948
-211.66960586142054
-211.71834613824927
-218.1105515080808
-217.9673565116082
-217.9516990843295
-218.01814030384625
-218.04214057984018
-217.9987793973974
-217.98436453196976
-218.0981066480763
-218.06624435932846
-218.03736933191732
-218.07518645598975
-218.10923237204224
-218.16077041142404
-218.09047976524943
-224.35392184328785
-224.36185237648206
-224.40787575332473
-224.43144892116536
-224.36968558800774
-224.34723251086385
-224.41443407285243
-224.48944846955916
-224.36663723295382
-224.3462093440173
-224.41770770107604
-224.45141457214223
-224.40180957461342
-230.76757521905833
-230.73507717329568
-230.7785213590824
-230.74198225465682
-230.717809844669
-230.74699155387498
-230.77529734877817
-230.76653893403846
-230.7183300090455
-230.71693239774402
-230.75399899642008
-230.77340247317076
-230.72672896840407
-230.7001399162379
-237.0424883463266
-237.10071969431027
-237.05342670113117
-237.01974391486598
-237.06967365136848
-237.1317566821245
-237.11456342124765
-237.03318781767067
-237.04801813314248
-237.08762054694097
-237.0622154853732
-236.97948216632648
-243.37709610524098
-243.32775091797836
-243.32089103118273
-243.2609922481098
-243.28152278649193
-243.345324049964
-243.35333972635172
-243.29191415860527
-243.29820641232342
-243.365052772649
-243.35653526685394
-243.33425043704483
-243.3081646511476
-249.60869350175648
-249.74181394966422
-249.71204781132204
-249.55593584586967
-249.5600104877556
-249.60536353745508
-249.59670494896307
-249.5302403920024
-249.5757026593127
-249.6032274533094
-249.58834868245248
-249.53879259789167
-255.79226638048456
-255.86404693970056
-255.81632739401093
-255.74567521996178
-255.7766111151635
-255.82412138880568
-255.82355815976484
-255.75884835325903
-255.75491419599297
-255.7740865387618
-255.79476040016317
-255.74663242763506
-255.72270275057494
-262.031373593111
-262.0478844085819
-261.9823190870325
-261.9430601228693
-261.9866426552927
-262.0174529833516
-261.9559736132554
-261.9139365299286
-261.95624185922213
-262.00556461766104
-261.94483952702274
-268.17016531377453
-268.21504048892956
-268.24827556317115
-268.20172109699894
-268.1366080120209
-268.15684336470713
-268.20743839396334
-268.17295183321835
-268.0950166397137
-268.1129944625731
-268.1585183237209
-268.1129802483694
-274.30947195171115
-274.33206663818066
-274.37724798636845
-274.3345449930872
-274.2853624984364
-274.2971513902795
-274.34528301443123
-274.30072703917875
-274.24908781082894
-274.2470964024579
-274.2735435710582
-274.3208574150929
-280.43315901113886
-280.4291581577514
-280.484953819688
-280.46961485544773
-280.3970699938379
-280.40401123312864
-280.46601107519876
-280.43447499893483
-280.36395505271685
-280.3879909306751
-280.40424660804126
-286.6106182864404
-286.5765071841103
-286.592955141527
-286.5773488778922
-286.56798187657654
-286.5313631548101
-286.51274529603967
-286.5381556501065
-286.52976008728683
-286.4517160026768
-286.45085238727626
-292.74713478557163
-292.72540168259053
-292.6253857522569
-292.6356807945698
-292.66729868454536
-292.59284323253087
-292.56410054939295
-292.5895167883969
-292.5990029347757
-292.54126003962506
-292.50936466275783
-298.7846678408765
-298.79858815679097
-298.76495641297834
-298.70229284583615
-298.70319831626483
-298.7432659891097
-298.69315949354046
-298.6089319793622
-298.62611362895717
-298.65209507102105
-298.55677989466045
-304.7700032533362
-304.80865398636354
-304.83394847963666
-304.73574448663953
-304.6948214570263
-304.7491020163402
-304.74205610828426
-304.66285856632
-304.6389169322772
-304.64461672697064
-304.70163013194514
-310.81724440982345
-310.77997093415445
-310.80390772631745
-310.82389040635104
-310.7307171424577
-310.71390833277366
-310.74944217596243
-310.75715136305706
-310.6430996214143
-310.62099533972184
-316.91776309431725
-316.8631855903831
-316.78132406038094
-316.78787101634344
-316.80315217236046
-316.76156537512776
-316.70097005860106
-316.7028245655089
-316.6967066269755
-316.6685311572034
-316.6648365448158
-322.8569868072438
-322.84957382923466
-322.8104739505828
-322.74727528805244
-322.7305217810673
-322.7473135187968
-322.68493567160374
-322.63340597911684
-322.646333836097
-322.74532787246363
-328.84442005751066
-328.78785629361363
-328.8247476365895
-328.7984576921196
-328.69907294504253
-328.7014145994618
-328.716016866272
-328.65300769627254
-328.5836604574507
-328.56454428743183
-334.84997986317404
-334.7870532993091
-334.6959192980845
-334.71359559534557
-334.73339339989514
-334.65348917490314
-334.58133224563926
-334.61774082044326
-334.61033205835366
-334.48538956804174
-340.731009661601
-340.7472965295805
-340.7013203400867
-340.61391592430283
-340.6016107373397
-340.6107845432764
-340.5435005852543
-340.49746162615565
-340.46990207603704
-340.46374800984097
-353.0628760744172
-340.42183079881653
-340.35290502140435
-340.36529519486385
-340.2806068980085
-340.1652682431154
-340.1787433910595
-340.2284872922547
-340.0657947698273
-346.3367994449548
-346.40298932188404
-346.3578109654958
-346.2492671295097
-346.2287930174139
-346.22584617298503
-346.1119727683195
-346.0500823573187
-346.04717570100803
-346.01315680093614
-352.2007618586484
-352.153377564955
-352.1984994775955
-352.19789924219134
-352.1116054511016
-352.0197070102335
-352.01044830612057
-351.9812294457986
-351.9107224354275
-358.1113175527923
-358.10435758392657
-358.03271611404864
-357.9407783442182
-357.9974523751058
-357.9536022052121
-357.92516318516124
-357.8007857419946
-357.7793507155168
-357.7859980922742
-363.93855464102586
-363.86707376952785
-363.87496665882765
-363.8294181256157
-363.7179998351704
-363.68597076516687
-363.7533143934578
-363.61779870817827
-363.54883408071186
-369.8299223548587
-369.8121370548194
-369.6658876008482
-369.6448898284164
-369.71105299929314
-369.583426972232
-369.5483041213687
-369.51626901397725
-369.4692048436673
-375.59394621939146
-375.5720845614293
-375.52353352916344
-375.4579681538051
-375.4103134793401
-375.38106447895694
-375.3234438624162
-375.31893291072544
-375.2166722189186
-375.1459573753619
-381.39217510218043
-381.33012409501646
-381.20677595106395
-381.194299031486
-381.2059214566996
-381.04958224852203
-381.03964011271205
-381.02059223469695
-380.9238972399921
-387.0918950811613
-387.08396698458625
-387.05378385545316
-386.9246863336552
-386.89855844754123
-386.9223374378282
-386.79017485692435
-386.7060625175929
-386.6281439700305
-392.8951810162455
-392.791528879516
-392.7086408940948
-392.6976253388253
-392.6570980993282
-392.57943168911885
-392.4868186847812
-392.4454406508643
-392.3722307048996
-398.56366342814465
-398.4993641119116
-398.43007319190014
-398.35424965264514
-398.2797109504182
-398.2169937801679
-398.1911183338707
-398.06995371099333
-404.2464753109246
-404.22253752872916
-404.16640384729186
-404.0116965302582
-403.9677409427521
-403.9573107815283
-403.8394372687213
-403.7079228864145
-403.73382819946636
-409.90815871026047
-409.75362634486913
-409.76429646145135
-409.68256964252765
-409.5305128021838
-409.48640124534415
-409.4533056718318
-409.3014619046073
-409.23525872594786
-415.4889124154478
-415.39412106961646
-415.2854209433298
-415.20699791404735
-415.1546557199352
-415.0596996799883
-414.98583777546116
-414.89712501017664
-421.1046094456782
-421.00070582303965
-420.9019459108319
-420.85129624125534
-420.78112975899415
-420.65225774673746
-420.5808035472786
-420.5645430802201
-420.4524156899687
-426.6126854865456
-426.60120134505814
-426.5041850228443
-426.3471265426303
-426.29416145389047
-426.2465021238349
-426.1430603374607
-426.03569573637054
-432.2693923047963
-432.22441314505903
-432.0684374269284
-432.0140269772211
-431.98539844697046
-431.8115820338977
-431.73995490881845
-431.6869271640568
-431.53605067323116
-437.7417863062396
-437.7266510396644
-437.6076823811952
-437.4688039907787
-437.4600564759256
-437.3497881077649
-437.21480227086937
-437.19886822143417
-443.42370780808335
-443.3265861654442
-443.19911694634345
-443.12655893323836
-443.0487203193386
-442.9753324873726
-442.8730821165834
-442.77861152792866
-449.0219904521464
-448.90982606287554
-448.7840689673494
-448.74690711540023
-448.64711680067165
-448.5127504668579
-448.4711147774716
-448.4124203092397
-448.2265803425581
-454.4432992244107
-454.4037981788
-454.2524714162992
-454.16025332042324
-454.1420156263732
-454.0129292780335
-453.8580775828348
-453.8274380558591
-460.0089223032102
-459.84272873522883
-459.776172090922
-459.69978016343515
-459.58175112942206
-459.412572217252
-459.41277318382663
-459.3205848371895
-465.45938705776626
-465.3938904480879
-465.3028929167812
-465.1894215901665
-465.0061229931852
-464.91497065816696
-464.9107666308517
-464.7725817677131
-470.95291275289543
-470.85106210614737
-470.69480032575757
-470.6012577078556
-470.53685313817596
-470.3382611506022
-470.2945154222401
-470.2207818988447
-476.395730712275
-476.235294867634
-476.1640246342573
-476.103114790539
-475.8464819746146
-475.76738769563326
-475.8191100935717
-475.6569924207635
-481.79426362121103
-481.7559483478805
-481.62495828414586
-481.4694311615282
-481.3327143702527
-481.20465313197195
-481.1826118034828
-481.1078012257703
-487.23512632744286
-487.1383508386559
-487.02112571812376
-486.92200557387275
-486.860717863541
-486.6425953412126
-486.60423424814843
-492.80230494406595
-492.67733181830005
-492.4989358631528
-492.44055391317215
-492.36324019031287
-492.1732279278797
-492.00364072118936
-492.0243507526211
-498.0753900029731
-497.98586860468953
-497.8947082337415
-497.6990581764019
-497.51810780898893
-497.51785246091873
-497.24652416373425
-497.24249522113456
-503.3906681532936
-503.31309544663986
-503.1634562847315
-503.04552044166564
-502.86542492215693
-502.81390217447074
-502.6856500911936
-502.5776660537869
-508.69990818485695
-508.5606096403545
-508.4701973655484
-508.37343556538815
-508.2042875088616
-508.12223853635265
-508.05688035134006
-514.149196410749
-514.0221795205052
-513.9450179201472
-513.7906894466695
-513.5652756835633
-513.5892952998088
-513.4511030461997
-513.2939777394145
-519.5622335282151
-519.3900682930039
-519.2203255823191
-519.1110938305239
-519.0372483731059
-518.8524216470182
-518.7557431743498
-524.9041042281876
-524.8163530039869
-524.6406013377571
-524.5545836903568
-524.3210943337975
-524.2610367457065
-524.144059750822
-524.013131345721
-530.1281746357478
-530.0192529720806
-529.8993256963087
-529.7310941853824
-529.6292517048362
-529.5121334385047
-529.3676695325472
-535.4907275966233
-535.3965517178284
-535.2337070998216
-535.0562771558248
-534.9686374215422
-534.8477409510684
-534.7039109071886
-534.5663836055849
-540.7308969388806
-540.5188887298181
-540.3891186148262
-540.2906843210167
-540.1596728188972
-539.9021556158787
-539.8919653809966
-545.9457582445738
-545.8110214611241
-545.7049598416027
-545.5922712109115
-545.4345900305145
-545.2332709518732
-545.1703021260923
-545.0120491636494
-551.1692667030941
-551.0381462700549
-550.8448708359771
-550.6553688809469
-550.6524578640687
-550.4678939114623
-550.3358854516625
-556.4577678203167
-556.335647366153
-556.1963819164358
-556.071430928532
-555.9210939285908
-555.669359275668
-555.6118955221299
-561.7516042846337
-561.606161122893
-561.4395767670194
-561.3796779433721
-561.2123435602543
-560.9553805655275
-560.8443794545404
-566.9769635232662
-566.855752965324
-566.7552673309464
-566.5337925709218
-566.2515710527358
-566.2583205947313
-566.0275171452473
-565.947843696562
-572.1728403553248
-571.9627501066047
-571.7662253668981
-571.580894769662
-571.3293808476997
-571.2605765502099
-571.2118700403661
-577.2932980084978
-577.1559794984402
-576.7244493071886
-576.7790229418897
-576.6896284380716
-576.5238836585928
-576.3231410415286
-582.2030058593764
-581.9864239635574
-581.9497749917133
-581.7300731511239
-581.7523352904512
-581.582236943307
-581.4750943479172
-587.6212925438521
-587.4839760739935
-587.3612840199239
-586.9308181902143
-586.9609570615725
-586.8886477149805
-586.7089047628962
-592.8606907018185
-592.7118768942823
-592.538741867149
-592.4096549444871
-592.1574233932087
-592.0724949487054
-591.9375621594086
-598.0962559066874
-597.8767158816329
-597.7230101716636
-597.5886249858177
-597.3367056857817
-597.226734083358
-597.1086220960829
-603.1911936543069
-602.7851320361602
-602.8449138906992
-602.4630716566703
-602.1658923276045
-602.3618519135968
-602.1768251219777
-608.2714101867692
-607.8903604699233
-607.7865067967039
-607.5783148844992
-607.5267515899395
-607.4294479185105
-607.2659823950164
-613.1530833645348
-613.0634788523918
-613.0233778893482
-612.8858035794933
-612.7542057283057
-612.5156951416517
-612.3777090512124
-618.4833650979925
-618.2639376822808
-618.1370094092902
-617.9382342879104
-617.749011955099
-617.6146478685072
-623.7247202703131
-623.5350210517021
-623.3098689522399
-623.2217496406013
-623.0204570498614
-622.8515803553473
-628.9855708083555
-628.781034167745
-628.6159917682104
-628.4485775101003
-628.2407659787015
-628.082636498548
-634.1830372454566
-633.9748222505405
-633.8020168698416
-633.6486050047702
-633.429979313989
-633.2671305557309
-639.3381741396546
-639.1551494055207
-638.9711789870297
-638.8546847335209
-638.6513413248726
-638.4468169332202
-644.5562434283934
-644.3028794778529
-644.1690739871785
-644.0351529438433
-643.8374341811515
-643.6416836411048
-643.4265309818983
-649.5089335496547
-649.2099504197291
-649.1789996633042
-648.9264837468263
-648.7123541051964
-648.5978815509304
-648.3776321956774
-654.4832332613244
-654.3305728168881
-654.1052025550351
-653.954806984929
-653.7841450638699
-653.5674065080365
-659.5896026114009
-659.4486221998047
-659.2317540418916
-659.05934211313
-658.8860302380158
-658.5984468274962
-658.4832948761949
-664.5839337104942
-664.3629994516126
-664.1748761973054
-664.0075621608648
-663.7599771962583
-663.5502971334198
-663.4066913973464
-669.4507408791795
-669.2732208316758
-669.0992749037282
-668.8751546693227
-668.6709629247886
-668.4880375694738
-674.5266572313607
-674.3581148424943
-674.1872923816574
-673.9257329168212
-673.7805682680262
-673.605922197645
-673.296341380693
-679.468193206211
-679.2658212087345
-679.0249870137827
-678.8320821696539
-678.621334075322
-678.3576332707758
-684.4514934831371
-684.2222530295546
-684.0320952090892
-683.7809951450859
-683.5917387042022
-683.3405586620503
-683.2032982623963
-689.293486345167
-689.0604541253952
-688.9344386006185
-688.714724513206
-688.4561316414992
-688.2770900077971
-688.0455978819409
-694.1002507596157
-693.9329097855342
-693.6593003852502
-693.4769081465246
-693.2917048008867
-693.0291857032963
-699.1375805686556
-698.9347693455144
-698.6710883548741
-698.4643488332497
-698.2515436076463
-697.9899983728733
-697.7682315996835
-703.8506838874026
-703.6105743529921
-703.406926332163
-703.2530729836825
-702.9998211040805
-702.8134105644173
-708.8914198527345
-708.6302748154374
-708.4292841246757
-708.189120582089
-707.9306669660924
-707.7302755103939
-713.7798594213376
-713.5313191343324
-713.3879246589527
-713.1501659995708
-712.8771005871172
-712.7073287977367
-718.7261739278608
-718.4923052934395
-718.293977402414
-717.9964037621568
-717.8113088662869
-723.8905555679133
-723.5834623405952
-723.4150056902552
-723.1664060404883
-722.9220380593426
-728.9972372677894
-728.7231104970725
-728.535522276108
-728.3233333807432
-728.1388137792684
-727.8275257227845
-733.8822027744072
-733.6632828003729
-733.4239127471707
-733.1983747851771
-732.9424551914668
-732.6865429770103
-732.4644479514167
-738.5008037850923
-738.2991387511574
-738.0556879742994
-737.8472293267248
-737.5201161277263
-737.3008437408865
-743.3133110375521
-743.1008015183313
-742.8451163568757
-742.5709149638577
-742.3771947469105
-742.1350981897336
-748.1800130481478
-747.9455643744747
-747.758240696097
-747.4604478980137
-747.2325763423374
-746.9593368652941
-746.8264255911213
-752.8000260964554
-752.5260267032252
-758.5808734355412
-758.3687085195181
-758.0046009768698
-757.807737157159
-763.8724212151818
-763.5645684927291
-763.4069362815385
-763.0655837957049
-762.7657689851311
-762.606898233607
-768.5992667127299
-768.372206927696
-768.1034739240027
-767.7476124414229
-767.5912214184432
-767.3225028314171
-773.2968710517343
-773.1243280680525
-772.8303302653597
-772.5455888318088
-772.3576863157463
-772.0411837447197
-778.0880115227258
-777.8559538019915
-777.5845452408068
-777.3086175958894
-777.062382279778
-776.7505687940285
-776.4869756636774
-782.5073198046745
-782.1955300677251
-781.971948658058
-781.6920051053069
-781.4110920411799
-781.195783258882
-787.2034762793105
-786.8759828699859
-786.6492036429162
-786.3710070416928
-786.1123099538936
-785.9007981962538
-791.8825223446008
-791.6698304172652
-791.3615683412696
-791.0683965996612
-790.7983682042127
-790.4910761352357
-796.5144167738306
-796.2807482784561
-795.9193235969183
-795.7213123293013
-795.4027000157702
-795.0695328262316
-801.149972476084
-800.866165528592
-800.5432420098172
-800.3288984472769
-800.0078126513782
-806.0181658145293
-805.7539467402614
-805.4877909200978
-805.2201859259717
-804.9292027817143
-804.6352468671363
-810.6496821772979
-810.3079827111517
-810.0295784694819
-809.931651735486
-815.7661880664203
-815.4874856714471
-815.2110234235743
-814.8831348397482
-814.6323973211606
-814.3384825979515
-820.3611413760162
-820.082102125371
-819.722777257775
-819.4890013672327
-819.183768554133
-818.8548693476017
-824.8902698057661
-824.6114399249685
-824.2864039785934
-823.9725813200444
-823.6758612582777
-823.4587821760113
-829.4168880110318
-829.054925425317
-828.7739091209941
-828.467399851421
-828.084051340733
-827.8416896419479
-833.8889394651881
-833.5503397676084
-833.336551022451
-832.9539618900175
-832.6541823898367
-832.395255336409
-838.3685455460876
-844.42465160186
-844.0715266949919
-843.8233035410987
-843.4054445770123
-843.1202144744742
-849.0961126086779
-848.8190222244541
-848.4224831781531
-848.1930976552429
-847.8755438121847
-853.7990625923795
-853.5026186156019
-853.2407985861184
-852.9551892857141
-852.587216078256
-852.2163959788342
-858.299604074173
-858.0141980753763
-857.7156814746512
-857.3216589027011
-856.939171242073
-856.6744027525252
-862.7303735644023
-862.2985114602046
-861.961917856362
-861.6429399089805
-861.3823961818863
-861.1220748368894
-867.0283372577611
-866.7508235383713
-866.4364312873004
-866.0516825001877
-865.8341282216816
-871.6374443280783
-871.3934755691603
-871.1220747212067
-870.7735141839471
-870.3998328339903
-869.9833482722872
-876.0008266827082
-875.7487639513332
-875.433284238057
-881.3409299612134
-880.9362594734808
-880.6566118526782
-880.2984852173142
-880.0597235027343
-879.6674041999894
-885.5768836779503
-885.2354426690692
-884.9609094012784
-884.6453201147469
-884.2662159575243
-883.8953440188116
-889.8772822228924
-889.5764970190431
-889.2828636773299
-888.8471771465877
-888.63254667554
-888.1566484791475
-894.0769707849767
-893.8053255638089
-893.4592983719639
-893.2070496998676
-899.006753321123
-898.666295285288
-904.663008649866
-904.2959542840023
-903.9970445335299
-903.7049339406301
-903.1969719372815
-909.2383928735229
-908.895536586628
-908.5297252254279
-908.2540628681178
-907.7915488540402
-907.4371778090608
-913.3400666432361
-913.0267319478281
-912.7153792528452
-912.3027390657971
-912.047361082527
-917.820627096284
-917.4778690417046
-917.170064374326
-916.7094026159548
-916.5187604404515
-916.106212629575
-921.9655346463228
-921.69583944535
-921.3218557506358
-920.9890227800953
-920.6360890087691
-920.3771752994451
-926.1923843549837
-932.042735187887
-931.712866321876
-931.4270932655248
-930.9705395406586
-930.730137498696
-936.6169236810136
-936.1668915919981
-935.751383488981
-935.3754229242788
-935.0812587847349
-940.9954668841954
-940.6519010811987
-940.3165858164156
-939.9600303388929
-939.539723944487
-939.0458053132022
-945.010013915751
-944.6731030157049
-944.2560211646625
-943.9475699426304
-943.56121818392
-949.515177743143
-949.0670131641236
-948.6206165848415
-948.2509030670813
-954.2036009080147
-953.8769435420505
-953.466262647372
-953.0612022434428
-952.7152088160965
-958.6187431132431
-958.160592407415
-957.7475844656792
-957.3259885059009
-956.9932368514606
-962.9366781965248
-962.506124080602
-962.1637966161951
-961.7512375846254
-961.4016201429233
-961.0364575037185
-966.8393587326519
-966.4302135770412
-966.0109573422034
-965.1190180772425
-965.2630249755348
-971.201149129228
-970.8412618287763
-976.7132145692549
-976.3156762943902
-975.9417578681259
-975.5221020545654
-981.4249124326618
-980.8262498839175
-980.5016293250252
-980.0902958026245
-979.7045604411747
-985.6488288569551
-985.2434879818672
-984.8629824495092
-984.444660384231
-984.008905102201
-983.6579788342763
-989.475995205468
-989.0559271888
-988.5189574063137
-988.1479705586295
-987.7569624722555
-993.6437959713389
-993.2834593357126
-992.8469819569572
-992.4328914265905
-992.0465619180438
-991.6072049499124
-997.5578086826156
-997.1063556330936
-1003.0103374807856
-1002.568488043257
-1002.1668831978412
-1007.9527805313348
-1007.4623606057283
-1007.0700467056377
-1006.6038074011118
-1006.1998887349188
-1005.8946811163784
-1011.5872960150039
-1011.1826735630128
-1010.8059270249963
-1010.359946685659
-1009.9787997699017
-1015.8142597608916
-1015.3597564505186
-1014.9857527347195
-1014.5622141264876
-1014.1637005733144
-1019.9180378808289
-1019.5786832327263
-1019.1147155915224
-1018.6897816873886
-1024.5732576647636
-1024.0068575738535
-1023.1418923815556
-1022.5692711763738
-1022.6213326289234
-1028.365595802071
-1028.0720726771249
-1027.5548293915165
-1027.0880435720542
-1026.360160855851
-1032.5234213650438
-1032.1109187603329
-1031.6055871094286
-1030.7750282496659
-1030.701051857779
-1036.5587899760872
-1036.1148692364454
-1035.2396497020868
-1041.4565818404917
-1041.0193263835033
-1040.5187190030038
-1046.4422701673611
-1045.9300637291126
-1045.43991153378
-1044.9701378606408
-1044.5093296803093
-1050.3845041936897
-1049.8963583321245
-1049.459215450218
-1048.9231505616897
-1048.2298935254298
-1054.3004333554877
-1053.772266909134
-1053.340642152292
-1052.8182320043288
-1052.3879638024005
-1058.1811902317124
-1057.7305031950252
-1057.1280023159431
-1063.0278200188768
-1062.5799359583632
-1062.0046207709756
-1067.8507384361417
-1067.3229445531242
-1066.8558492935497
-1066.4049037066118
-1065.9193896995966
-1071.7409746131025
-1071.234263066457
-1070.7371651314384
-1070.2324449071614
-1069.719857793696
-1075.5671826440228
-1075.0272730655404
-1074.5912767963991
-1077.838661094453
-1079.8528066004662
-1079.1882927709362
-1078.891451088215
-1078.3461927846095
-1084.1177465808746
-1083.6984612680062
-1083.1762833760972
-1082.7192354643391
-1088.4720099156552
-1088.0113348759269
-1093.7761488646825
-1093.271881648148
-1092.7895810807029
-1092.2831816761839
-1091.781387089614
-1097.188539601461
-1096.5534826766125
-1096.557365962392
-1096.0231878903874
-1095.555324398822
-1101.3004915951983
-1100.835721838236
-1100.275421051451
-1099.9269288546438
-1099.5427072290872
-1105.275854106138
-1104.821546019973
-1104.2733985432048
-1103.7848799354667
-1109.5460413604649
-1109.0559903094813
-1114.3361547785362
-1113.371436923029
-1113.814837806722
-1113.2829634672703
-1112.7994706515256
-1117.8739282491895
-1117.1666482584299
-1117.4888212209046
-1116.988804210677
-1116.4949272024744
-1122.2878993448237
-1121.800312257755
-1121.2109005427014
-1120.727408075482
-1120.2708984224714
-1126.2470375154044
-1125.7779372732086
-1125.2052724970952
-1124.7023913189082
-1124.1465511494694
-1129.9620158239898
-1129.3376389613454
-1128.8330475173805
-1128.3892389391783
-1134.132392891827
-1139.9404117028641
-1139.3743405761518
-1138.8706238140664
-1138.3351794037817
-1137.8325738559956
-1143.692710130816
-1143.2848404153547
-1142.788588220855
-1142.2540495148517
-1148.031225140816
-1147.4815598955306
-1146.949209987453
-1146.399570762077
-1145.9009782892244
-1151.62695124392
-1151.0730829034255
-1150.5237134600418
-1149.9985402734826
-1149.6119613777068
-1155.4863775983342
-1154.9569376000518
-1154.417427317805
-1153.8559526050599
-1159.649176608245
-1159.0731398984083
-1158.5460840805083
-1158.0085944278712
-1163.7746840689017
-1163.2142228019354
-1169.070490697553
-1168.7158043783693
-1168.103678628203
-1167.6043961914777
-1167.0200088021975
-1172.7704738639384
-1172.2120923180844
-1171.685274770363
-1171.1152372750396
-1170.5678092444832
-1176.460910454338
-1175.9968153880902
-1175.4907003898782
-1174.8848367966423
-1174.3827738851364
-1180.0748341676199
-1179.534591718735
-1178.9708726239348
-1184.6988815192067
-1184.1397181525278
-1189.9753420791687
-1189.587944110459
-1188.9942492734804
-1188.4712804154287
-1187.8876550695243
-1193.599216832778
-1193.030977639448
-1192.4581711970034
-1191.8831940218345
-1197.7387238946894
-1197.3328216696366
-1196.7346533324944
-1196.1912478896702
-1201.8738878473916
-1201.326279721595
-1200.7208597635083
-1200.1626044098473
-1206.0302748660868
-1205.545757788954
-1205.0390257893544
-1204.4023254921476
-1203.880523143368
-1209.554037113945
-1215.2748645532995
-1214.645825950545
-1214.2361975281938
-1213.8175350042318
-1213.2020592571018
-1218.912824017793
-1218.2921558787045
-1217.7410116521432
-1217.1352645731913
-1216.703967016059
-1222.5373773701256
-1221.9271805376688
-1221.3376786794677
-1220.738863261956
-1226.4304305481887
-1225.8297638644112
-1225.2498704962504
-1224.7809327708292
-1224.354279027046
-1230.0302832231005
-1235.6857330540497
-1235.0920747669784
-1234.493773212432
-1234.0462401822904
-1233.5836192923741
-1239.2608372144673
-1238.627919942642
-1238.0392574007872
-1237.3981155389783
-1243.0835893694245
-1242.6285863469789
-1242.168695285484
-1241.5366287976497
-1240.9714632932848
-1246.5913364989628
-1245.9966742331753
-1251.8060581885711
-1251.3391685511783
-1250.7542648800757
-1256.3587543131994
-1255.7817032559553
-1255.1080233187913
-1254.522947417892
-1254.0092924669343
-1259.8410500349412
-1259.1917228317013
-1258.5874968013259
-1257.953028919684
-1263.5931564999346
-1263.158586476807
-1262.626742605912
-1262.03222141128
-1267.6502381458888
-1267.0432706480199
-1266.3870968322444
-1265.9217437766067
-1271.723946245838
-1271.0751695161637
-1270.4279386766973
-1269.790688991589
-1275.575789847717
-1275.0848460096063
-1280.741679607221
-1280.0945823372692
-1279.447853280581
-1278.7779897548069
-1278.332759124769
-1284.0612298694398
-1283.4369128291492
-1282.7741733908922
-1282.1514068329398
-1287.9181131656712
-1287.4274702442922
-1286.79278102098
-1286.1075383754578
-1291.74693147831
-1291.2239336085856
-1297.0300702201457
-1296.357866949549
-1295.7217815907463
-1295.0233293711879
-1300.6550509635942
-1300.1289554199689
-1299.63914820593
-1298.9608914995695
-1298.3081341946386
-1303.9068326449164
-1303.4289755547238
-1302.9288119819155
-1302.233887543048
-1307.8461811689162
-1307.15389505863
-1312.9596594498985
-1312.419194901094
-1311.7631590096255
-1317.3413335981984
-1316.6724715201788
-1316.1446720607407
-1315.6447511340752
-1314.9566718536878
-1320.5751018050796
-1320.0526234010354
-1319.535414088299
-1325.1327538937946
-1324.4326359536997
-1323.7445395623924
-1323.210356167095
-1322.7275405739747
-1328.2781606615324
-1327.615313549746
-1326.893900105804
-1326.3804875783756
-1332.1389586814394
-1331.452519942763
-1330.714271518785
-1336.5265567758559
-1335.9733725551223
-1335.2890567046697
-1340.8342035274281
-1340.156107660416
-1339.6061919430158
-1339.0744487318284
-1344.6778377370729
-1343.950380169783
-1343.4079938024943
-1342.8843983667753
-1342.1918887082745
-1347.7357870041806
-1347.0292938587963
-1352.7950583255817
-1352.2505999089892
-1351.5112423975877
-1357.0920664768928
-1356.5099894798002
-1356.012904489567
-1355.2935912246253
-1360.8540786946926
-1360.294655470428
-1359.7695653465723
-1359.034164627668
-1364.5956908814665
-1364.0598282393798
-1363.4869715920365
-1369.0637093729565
-1368.3193245934183
-1367.5883960376032
-1373.3082165232504
-1372.8001143304587
-1372.0387814079668
-1371.3078164542594
-1377.0209519126267
-1376.4961779151329
-1375.7287804291077
-1375.0028931128782
-1380.7139720781295
-1380.1795552889962
-1379.4242463354992
-1378.7134477147338
-1384.3969704284948
-1383.8611187280594
-1383.095097286269
-1382.3530463403952
-1388.0543086761475
-1387.5186952507988
-1393.037314287705
-1392.309531546632
-1391.73805126493
-1391.1623765157428
-1396.6860832882173
-1396.1168524309153
-1395.5668227741949
-1394.8080641558097
-1400.3153936668525
-1399.7351334240393
-1399.1958345765297
-1398.4219616892774
-1403.9606182586276
-1403.3714128726592
-1409.1050844324207
-1408.3032936577838
-1407.550090248445
-1406.9471477706702
-1412.687143198692
-1411.9006802147571
-1411.36450729949
-1410.7524421529406
-1416.2640322202917
-1415.4564892847088
-1414.9280871688898
-1414.2992526626872
-1419.860740757004
-1425.3125296616306
-1424.783314060509
-1424.160825506403
-1423.4050461862068
-1422.7914668830379
-1428.5006966542664
-1427.6936127367567
-1426.9459890676046
-1432.6189954587244
-1432.0315742141595
-1431.2372840251105
-1430.6752299934453
-1436.353830555113
-1435.5638914565636
-1434.74824969036
-1440.4494833840124
-1439.8632016314439
-1439.0733371102249
-1438.4714423568623
-1444.1554662076605
-1443.3577125745808
-1448.826018844236
-1448.2124665027627
-1447.6251685162945
-1446.8449340182763
-1446.2254581737275
-1451.9222166740105
-1451.1023569165884
-1450.3000403043256
-1455.9698327085823
-1455.3692205779955
-1460.8313646615297
-1460.260369712444
-1459.6229094915045
-1458.818357641528
-1464.4710135667976
-1463.8715018771297
-1463.041298345976
-1462.2581277927536
-1467.8882348159646
-1467.305680255547
-1466.4567476638456
-1465.855087617642
-1471.5078610834862
-1470.7121043284856
-1476.3453649506193
-1475.7649607277299
-1474.907687355647
-1474.2984059755995
-1479.9426750069242
-1479.1358769093752
-1478.281646182024
-1477.6863317930718
-1483.314539538747
-1482.4910766197736
-1481.8518520865443
-1487.5420977366691
-1486.6585055946098
-1486.0670442099765
-1491.6963618581271
-1490.8736068816404
-1490.2273242074355
-1495.8836706155994
-1495.0155779445868
-1494.4231026076038
-1493.7274223678282
-1499.1919230739709
-1498.5611518625194
-1497.948105518891
-1497.061938257205
-1502.4767861911785
-1501.8206703940175
-1501.2076066454895
-1500.3463317436185
-1506.0050407766096
-1505.2589135899982
-1504.4657031867107
-1510.065844286506
-1509.4763355449663
-1514.8217792879448
-1514.2331822696817
-1513.5054133877884
-1512.7141506087435
-1518.2876511578975
-1517.632904888877
-1516.7712857181966
-1516.173614922982
-1515.4870247458248
-1520.842780317016
-1526.5039236046605
-1525.8669862569227
-1524.9897826322358
-1524.3320086352915
-1529.9026376867853
-1529.0444990196152
-1528.3975570234975
-1527.716616438756
-1533.366090858667
-1532.7080296489578
-1531.7993544850979
-1537.3979266857937
-1536.669897978176
-1535.8403232770174
-1541.462762443026
-1540.7993087057464
-1539.8967511890537
-1545.5050813591886
-1544.8231152772544
-1544.5833304157677
-1549.5386873101086
-1548.8555189040628
-1547.9488052577333
-1547.2673592297876
-1552.8716208351939
-1551.9623568770555
-1551.2902534770612
-1556.889088336034
-1555.9735505139522
-1561.5541753785305
-1560.8827635612997
-1560.2187866008624
-1559.5229398865406
-1564.8632252838743
-1564.1897482846498
-1563.4756683952487
-1562.5946654426057
-1568.1667375196118
-1567.485827545867
-1572.8083406017015
-1572.144754895316
-1571.4268231548228
-1577.0479781630104
-1576.3186876268257
-1575.3986806916275
-1574.674329088326
-1580.2634056207
-1579.3369614677572
-1578.6533622206925
-1584.1951869148243
-1583.2920215763943
-1588.8869695246967
-1588.171672307896
-1587.4659491978882
-1586.7347507126449
-1592.1219345604404
-1591.4024636114095
-1590.6958082668575
-1589.7648952102718
-1595.3415927802328
-1600.9093117170205
-1600.1952041736783
-1599.4027213790357
-1598.4865473467598
-1604.1190120074207
-1603.4109639515548
-1602.2985893556813
-1607.9978122283467
-1607.287314673353
-1606.611761634068
-1605.7083125327356
-1611.0647400943574
-1610.448679990181
-1609.7658670542658
-1615.3011222952832
-1614.4685542052657
-1619.9088631099053
-1619.1964762318219
-1618.4498689338054
-1617.501020023173
-1623.0758158721178
-1622.329897839963
-1621.5993012595068
-1620.8693232562982
-1626.0555792010275
-1631.7383516485781
-1631.0400040379473
-1630.2835703879875
-1629.4135879787038
-1634.8577603738674
-1634.153186148931
-1633.2213338898073
-1632.6854475549817
-1638.0883287674294
-1637.2418574873764
-1636.5077414524696
-1641.9900034894379
-1641.3249835059246
-1646.8616488238217
-1645.8649286838215
-1645.1195148714187
-1644.2893989697093
-1649.9153518916166
-1649.1752922658552
-1648.1929548567211
-1647.4465722976724
-1652.976561502508
-1658.528431131727
-1657.7555074743454
-1656.797871235671
-1656.008427592045
-1661.5584113175348
-1660.771700944786
-1660.0277675065324
-1659.0556781106234
-1664.603358572513
-1663.8328679941008
-1663.0839425592258
-1662.3231199899878
-1667.555889635224
-1666.851200866009
-1666.0768250658225
-1671.6095022916627
-1670.8498619710144
-1676.393967623912
-1675.6192216701895
-1674.6113820607331
-1680.1237830723903
-1679.375318623516
-1678.5669352981583
-1677.8447686241648
-1683.0770634593314
-1682.3225143508762
-1681.5644178398877
-1680.7765162751637
-1686.3206496716784
-1691.8199094711147
-1691.0414273366644
-1690.0353429100487
-1689.280516487009
-1694.7811516392126
-1694.0040206916701
-1693.2080100404703
-1692.4495069709733
-1697.9560804437097
-1703.2139141764744
-1702.419885876631
-1701.6674228533707
-1700.8635837094027
-1706.3954419410854
-1705.5812117782807
-1704.8460358890256
-1710.0723006082605
-1709.2807636452899
-1708.4986180649482
-1707.6999372253404
-1713.2193070945539
-1718.7272230343713
-1717.938155695859
-1716.8663560080079
-1716.129164164401
-1721.592281144316
-1720.8335200463814
-1719.9914572312048
-1725.5111754227262
-1724.6959744674598
-1723.6374159175941
-1722.857434137551
-1728.3289086516108
-1727.5536640269129
-1732.9996309467483
-1732.2287181511906
-1731.4208404000267
-1736.927655164856
-1736.0830048677221
-1735.0069133841937
-1734.19386141931
-1739.6895805985514
-1738.9182489113434
-1738.0758335573828
-1743.559428917058
-1742.7121570324496
-1748.2541875284185
-1747.394044872057
-1746.6379408979087
-1745.811484654249
-1751.0555406407807
-1750.1560315742079
-1749.332267148341
-1754.7846614024388
-1753.9913249138324
-1753.1455692313398
-1758.6031671203314
-1757.6361246083743
-1763.2652789510505
-1762.4025302618886
-1761.5828812155848
-1760.5018666374158
-1766.0102197996016
-1765.1486409709526
-1764.3275054015362
-1769.7234793430741
-1768.906521570406
-1774.374262272174
-1773.520104949889
-1772.752980662244
-1778.19379391709
-1777.2918962595138
-1776.2548088089761
-1775.474453036612
-1780.7834280321485
-1779.8893612767613
-1785.3146766300454
-1784.489622986876
-1789.9396965456324
-1789.035240830733
-1788.1919815721255
-1787.231879246518
-1792.7982629415837
-1791.9120891646628
-1791.0939729404322
-1796.524326113564
-1795.6347621748546
-1801.0340714778583
-1800.2283355398642
-1799.0321785702918
-1804.4807092688932
-1803.6163370013026
-1802.808908025992
-1801.8440387091412
-1807.2768008057133
-1806.4072495166995
-1811.7687858696477
-1810.9133812530263
-1810.0406659989458
-1815.4678409522264
-1814.5174447873956
-1813.8278283670195
-1812.6637682855846
-1818.218427952155
-1817.244098561526
-1822.670693728048
-1821.8089850470583
-1821.0762536846478
-1826.2782362863923
-1825.4371145233124
-1824.5337728994377
-1829.924964832095
-1829.002797857306
-1828.0860033022554
-1826.8803143517366
-1832.2507710885272
-1837.6581640215272
-1836.76641907559
-1835.8119318262397
-1841.1939204251182
-1840.2385737499199
-1839.3268492474135
-1838.472205599293
-1843.8357126563385
-1842.9630330894447
-1842.175671471432
-1847.4073011418552
-1846.4796507261556
-1851.8503094423595
-1850.9163904338268
-1850.0005885792334
-1855.367456234165
-1854.4217323651685
-1853.526378856486
-1852.5630205157424
-1857.9246439399965
-1863.2528844258834
-1862.365533815151
-1861.4276598200265
-1866.7362001057313
-1865.8990520698512
-1864.9068719395655
-1870.2658714976903
-1869.2951068746588
-1877.535662727952
-1874.5080015629958
-1873.0971589437904
-1871.9710895433514
-1877.2541160729656
-1876.294285451755
-1881.9318605332637
-1880.7777535947932
-1889.604669427745
-1885.5871723967564
-1884.3575249367457
-1883.251934015633
-1888.5628360020921
-1887.548438540615
-1886.8235266609254
-1891.938690148534
-1900.872520970489
-1896.328710821705
-1895.5263014806962
-1894.5258662340666
-1900.2816668101036
-1899.2332536886636
-1898.213532360443
-1903.5239047251648
-1902.5366234250591
-1907.8867876942381
-1906.9605405621612
-1905.947851495951
-1911.2164280318946
-1910.3380317332067
-1909.3951237220783
-1914.6253015412276
-1913.7198211725172
-1912.790695345563
-1911.785282209526
-1917.1293136215436
-1922.4556450592422
-1921.477993414864
-1920.5288725449302
-1919.373668777386
-1924.907759584358
-1923.9347888755947
-1922.9564967749134
-1928.1216747015503
-1927.3169240228412
-1932.4168153068586
-1931.8087028227933
-1931.033320579284
-1936.3579476236769
-1935.4088746317288
-1934.1393754162102
-1939.6695975773791
-1938.6436046664378
-1944.061107580524
-1942.7402506678766
-1942.014415925041
-1945.2537962786823
-1946.4565182827293
-1945.489351556648
-1944.445262356462
-1950.161730757025
-1949.1620336733913
-1954.4385546314004
-1953.4310570957857
-1958.8021035020763
-1957.8333132885527
-1956.841021934291
-1955.8890706677548
-1961.2108050424613
-1960.1489426108217
-1959.1900923896164
-1964.495045635268
-1963.5552924286462
-1969.199786340824
-1968.2179383815233
-1967.2023129870086
-1972.4941953687196
-1971.5099713385964
-1970.570446990676
-1975.8830931899606
-1974.8911749340675
-1980.1850699394715
-1979.2221684727135
-1978.1755860689007
-1983.8572067278312
-1982.8446179691862
-1981.863221078966
-1987.1723617475236
-1986.1530719204147
-1985.18082457512
-1990.4652907587897
-1989.4632198244433
-1994.769028439937
-1993.769628885719
-1992.7782820171296
-1998.3790767098735
-1997.3957945122731
-1996.3997594060909
-1995.4163873174912
-2000.702533586443
-2005.9730049231007
-2004.9854883445505
-2003.9776299917153
-2002.956394998312
-2008.5604030407846
-2007.5245932288753
-2006.5719782117867
-2011.843005009935
-2010.855573442229
-2016.1025195018872
-2015.0866024913194
-2020.3610668075223
-2019.3527358289036
-2018.6830122396793
-2017.6764285727916
-2022.9507612615935
-2021.9087982153922
-2020.8698140900508
-2026.1539750372558
-2025.1489091455715
-2030.7317318245252
-2029.7113593850265
-2028.7872795715052
-2033.9748240139993
-2032.9154848204348
-2031.9130021772323
-2037.161591367837
-2042.4062590181622
-2041.3787709466833
-2040.6779970013229
-2039.7224282253096
-2044.941804906229
-2043.885489118849
-2042.8627931603164
-2048.1001497659727
-2053.3558656130585
-2052.6394740798414
-2051.624021984879
-2050.5794046635574
-2055.8060759323357
-2054.7888406861025
-2054.0530702297715
-2053.0392727589488
-2058.2909026404745
-2063.507930696956
-2062.4752773323453
-2061.4523205536643
-2066.655237853513
-2065.927044931204
-2064.8481968383135
-2070.1365000061655
-2069.04514679639
-2074.2986845775395
-2073.199906910699
-2072.142593869983
-2077.7060020357503
-2076.6503988710897
-2075.5275641930675
-2080.8197732411218
-2079.8034813312333
-2085.3237765894305
-2084.2496002648027
-2083.1713486151684
-2088.389789549222
-2087.126912983706
-2086.214771116278
-2091.3868969761074
-2090.7073688877695
-2095.9299150988772
-2094.90198173999
-2100.1024644609693
-2099.0408565272946
-2098.288756326302
-2097.18385502527
-2102.362136859389
-2101.3031955080237
-2100.1907530795743
-2105.7591358305685
-2110.961143463061
-2109.8811356510178
-2108.804787019758
-2107.680347259093
-2113.296234679794
-2112.185432960662
-2111.1318432119733
-2116.2816168642107
-2121.393729423402
-2120.33876109744
-2119.1667221861894
-2124.7867072636286
-2123.6877693225792
-2122.603879983397
-2127.7644214402953
-2126.6706445060604
-2132.2054840297483
-2131.1227806239267
-2129.984126437451
-2135.1570843109057
-2134.0445689317653
-2139.5795837405703
-2138.4749693610456
-2137.36419731621
-2142.8902426033483
-2141.7902929606003
-2140.6745193093743
-2145.809222964846
-2144.6961624089913
-2150.2214992481127
-2149.0976302191025
-2154.27426792711
-2153.1284066530015
-2152.0225688781497
-2157.5385695779332
-2156.4150513261575
-2155.307440195773
-2160.4309330428355
-2159.287577441037
-2164.831475815852
-2163.682015539571
-2162.5869285277813
-2167.729030034677
-2166.5722545991553
-2165.765377514288
-2170.9520364257246
-2169.8172318043553
-2175.138837960476
-2174.1095033651955
-2173.0693094777625
-2178.1747202085357
-2177.010556191493
-2182.5522165985876
-2181.383605311574
-2180.2604882508344
-2185.3785780907156
-2184.2222977059687
-2189.7760352359833
-2188.5995633530847
-2187.4594711167915
-2192.957788794135
-2191.785878722858
-2196.9168038941198
-2195.737965021951
-2194.5615062414768
-2200.1066870828445
-2198.9140864588817
-2197.777557155297
-2203.2626984966
-2202.107343176894
-2207.193281876726
-2206.0463691622504
-2204.872960112686
-2210.380088669326
-2209.1555248893096
-2208.045623071873
-2213.527378396516
-2218.6429030579725
-2217.4621263094464
-2216.249020529381
-2215.09402692087
-2220.5871774859584
-2219.4107145528787
-2224.524560603219
-2223.695174842685
-2228.8163289951563
-2227.5982656248075
-2226.458546365518
-2231.5561877438545
-2230.749755190338
-2229.592564533544
-2234.670096316855
-2233.8553962083433
-2238.962825924025
-2237.7682214539955
-2236.953094722514
-2242.0408024574645
-2240.825874268938
-2239.623553681234
-2244.7033333180284
-2243.8889507061263
-2248.965889017715
-2247.7534322592114
-2246.946153173702
-2252.0233930081804
-2250.793118807258
-2256.305749351294
-2255.127531247376
-2260.194951333867
-2259.3819335077787
-2258.1646773116295
-2263.2593520235405
-2262.034887980199
-2260.828171617456
-2266.286040965086
-2271.3412835858117
-2270.1091763468357
-2269.2934483709873
-2274.346527300187
-2273.1248694258206
-2272.30719598601
-2277.3616259381683
-2276.1499726569605
-2281.5959845725415
-2280.3663488543884
-2279.15353047883
-2284.6050549618253
-2283.381905794977
-2288.440690638006
-2287.1926982743257
-2292.2397073033744
-2291.4348618316503
-2290.2114011934236
-2295.2755836829942
-2294.4476794473403
-2301.9566066577304
-2298.254129574668
-2297.436003639392
-2305.7453327876656
-2301.2079831043657
-2300.418551312795
-2305.4718468393494
-2310.4996929442927
-2309.7652722427324
-2308.4271211902333
-2313.461701290187
-2312.6647686393108
-2311.3264693610067
-2316.513125756254
-2315.5493122371954
-2325.50185350689
-2319.315364440879
-2318.61226192543
-2323.46840022533
-2322.305664431221
-2321.38450836021
-2326.6821435253814
-2331.51401593388
-2330.6412630954756
-2329.3812128783834
-2334.481941333603
-2333.5941289267826
-2332.3872905108333
-2337.423590228223
-2336.5286678396287
-2341.589984756121
-2340.2547496289912
-2339.4686979293265
-2344.5877268284453
-2343.3132913652344
-2348.840920855417
-2347.5300519388024
-2352.678417232572
-2351.8079248790864
-2350.5036719249088
-2355.5611786161885
-2354.6972205159323
-2353.4404112990487
-2358.4448627042616
-2363.8007435626278
-2362.890101187882
-2361.1095878390993
-2360.2995251273273
-2365.4313783467805
-2364.1761826537204
-2369.6278089156867
-2368.3964558352077
-2373.4716615862712
-2372.4875005057916
-2371.3837915352756
-2376.4721109155194
-2375.4170334232304
-2380.503361562245
-2379.286208210941
-2378.9303131611346
-2383.4540965081164
-2382.0547970985226
-2381.3617167459133
-2386.41488870203
-2391.358097133936
-2390.7037587556174
-2389.785762114361
-2394.9840151161343
-2393.5980165038213
-2392.733451884472
-2397.885932908769
-2396.580017535059
-2401.250460900701
-2400.8960070540984
-2405.9752524654145
-2404.962305082392
-2403.9107844045097
-2402.617128571981
-2408.0889435460426
-2413.1744194199546
-2411.880563188549
-2411.376060688954
-2416.3863709772463
-2415.078645364563
-2414.4237927208883
-2419.693538089941
-2418.6161439943876
-2422.5955454024866
-2422.1353627099325
-2428.0764252549025
-2426.7930314581936
-2425.9098151037615
-2424.9157223652287
-2429.951666715665
-2431.5346905783745
-2434.457419334552
-2433.001504061063
-2438.591839376405
-2437.8022917672542
-2436.9595354565095
-2442.035697304643
-2442.0454929350744
-2445.813684426594
-2444.5242691980234
-2450.5043034305154
-2449.0434408734636
-2448.2343964383476
-2450.5781068602387
-2452.7885784606533
-2453.5717890863325
-2455.384963193335
-2455.7257613833194
-2461.2178942364794
-2459.542707681788
-2458.942830574523
-2464.6221927951483
-2463.632647483894
-2462.594518267178
-2467.563230309976
-2473.4507913759294
-2472.6594681859897
-2471.586549138576
-2470.805979167063
-2476.445215157071
-2475.135085409977
-2475.1792019008335
-2478.9604547427098
-2479.808446402226
-2480.930882104968
-2482.345934425656
-2487.1665738543725
-2486.451267946306
-2485.9381958131403
-2489.4372742007695
-2490.782492367973
-2491.6334576525105
-2491.4156115590963
-2494.0899327322536
-2498.673250077165
-2498.247091626444
-2497.2542942473133
-2503.704539571143
-2502.136354025562
-2502.4573853033294
-2503.9369760921295
-2511.7120330626913
-2511.3551410654113
-2510.197396317868
-2509.790231851252
-2515.3876167209064
-2513.925589317828
-2513.7374294590813
-2518.798650622751
-2518.2951674696187
-2517.549696450166
-2521.0353777766354
-2523.00182188818
-2527.690896853803
-2525.3339128543125
-2527.014409657119
-2531.135921436936
-2530.1861703645145
-2529.6326085002406
-2535.893845866472
-2535.2191364077785
-2535.7926215181838
-2536.2925686737717
-2541.644994104678
-2541.150271251825
-2541.374972908434
-2544.124379424971
-2546.0878984645874
-2545.8371757677037
-2547.3901061282327
-2550.367942952634
-2552.997736259121
-2552.2146871757227
-2552.9618273784968
-2558.655081228542
-2557.7153810842015
-2556.8438898384607
-2558.7876402656343
-2562.3151974680322
-2562.674800022248
-2561.318630262791
-2567.087661239147
-2567.160299286374
-2568.1366580023937
-2569.282113653305
-2576.233339050127
-2574.2422568373277
-2574.5421121125005
-2573.3268639353305
-2579.240668737326
-2579.282366487217
-2579.7151100914425
-2584.0225669666684
-2583.632159025674
-2585.139850340814
-2586.7968650029384
-2590.442096623007
-2592.0552706584645
-2591.0957132887124
-2591.7354124971107
-2596.4563945541827
-2595.8139879186597
-2596.108529756428
-2599.5447948600518
-2600.345388345952
-2599.413032719112
-2602.502254929624
-2604.732539495107
-2609.368435631152
-2608.142783077937
-2607.9476370015445
-2614.2203122781184
-2613.174135153018
-2611.991061789214
-2618.3676911740667
-2617.604996679283
-2617.5783710586084
-2618.5349005738335
-2622.590453756911
