-0.4486772930320272
0.08422989221122518
2.4181696926419223
0.03539877061838352
-0.029494503444970385
0.24458459633352111
0.9852340803842008
0.9063580807402247
-0.4353508957583443
-0.10631451468152026
-0.06897042849119256
-0.7054046526595878
-1.3781386199670438
-2.526471459803289
-2.7460177695947703
-2.772434528434931
-2.2201114294809816
-2.1218495377849864
0.07685268849976723
0.2510280013881847
-2.2345640710423105
-2.438537096079376
-2.19139268882172
-2.265793988372635
-2.787021984301247
-2.4543959503438746
-2.1899497632835923
-2.4462405596309487
-2.4473278289412566
-2.511888276847126
-2.419557300316289
-0.7768871669724269
-0.6123638490252272
-2.8957665886496198
-2.7136607329391174
-2.9943784368064694
-0.8201221121741328
-2.4158201509179285
-2.240978402144103
-2.3065263186383183
-2.5251208501011098
-2.524329705666981
-2.3653116309702793
-2.293300306448333
-2.685584005498138
-2.8006984020780106
-2.98127737469353
-2.826377404011012
-2.650009510600315
-2.578840735719438
-2.4637185724764854
-2.392579165489192
-2.4492677559248155
-2.464070702560586
-2.4380464606185592
-2.3911208987816184
-2.451745714458803
-2.5450740404488634
-2.472988704329352
-2.3743666794468306
-2.361289899903025
-2.5354304236097756
-2.5024536228020406
-2.329261425789239
-2.3243242410785037
-2.497027235567459
-2.5541005429967845
-2.3918701499063935
-2.2743114667458797
-2.418746066855461
-2.5366997149068875
-2.4267799562641135
-2.217716388251245
-2.41315616455749
-2.6159985226788867
-2.630670445736848
-2.56364561196182
-2.41455091706182
-2.595595338440031
-2.7153795029862673
-2.544713459825031
-2.4413935246885847
-2.502658847930059
-2.6418690287601203
-2.6942768279539515
-2.58312809534457
-2.483234713476915
-2.5890288787983464
-2.618320971352823
-2.5940228777039835
-2.5869640419430557
-2.7479795039203943
-2.5909142250359247
-2.6816954942346247
-2.723723970622813
-2.650499734871911
-2.6197277080394605
-2.7429773364861707
-2.781824823060213
-2.742912201925916
-2.8712422451910355
-2.702662385328554
-2.5981165969646707
-2.7287111673096334
-2.944768177067819
-2.7288671561536657
-2.625919139078932
-2.8269181645583252
-2.8366939180659756
-2.9634878055855576
-2.744996930524287
-2.959060778606029
-3.0416822160422265
-3.055603353741497
-3.0349216696625185
-3.17997200950878
-2.851010894352479
-2.8818683033698362
-2.9202546332159485
-2.9348295242556945
-3.116622997417571
-2.928267043984354
-2.920520436558316
-2.96298204805615
-3.0066961858244627
-3.0181509750956916
-3.002879225537155
-2.9958398355539284
-3.4400267645549274
-3.115606678380664
-3.0752272689761053
-3.0470429157252488
-3.1991075960461983
-3.193577295933992
-3.166421699100216
-3.1328166333145577
-3.1861024512884
-3.2547159867821773
-3.2442321701703456
-3.1925365841383146
-3.222733135348375
-3.3961698457984295
-3.3899607110229186
-3.373604722489166
-3.283331597696916
-3.522112159786592
-3.422559965462395
-3.4395936804301175
-3.5706952186867342
-3.5344144417626047
-3.532192483681214
-3.454277785675822
-3.7057237091250403
-3.674778926590263
-3.7011661499847075
-3.6619603864246955
-3.8099024588129513
-3.8980581972760886
-3.943943071530216
-3.8893090987704375
-3.6275115882132316
-3.9956070980342893
-4.088116652002221
-4.058791968431089
-4.021524504788595
-4.163893940214564
-4.266456110616163
-10.53972127715279
-10.459072476419681
-4.255709067281716
-4.40108609115731
-4.394780371932456
-4.3073844101111405
-4.3636904037179365
-4.501522155990168
-4.576435019197746
-4.5032232129821725
-4.435496641656807
-4.606889098550896
-4.713408011342793
-4.658394766061021
-11.376423853677595
-11.124228381890495
-11.321951997330064
-10.266328512260396
-4.78585155890101
-4.881660694600043
-5.00134342898976
-11.244373671287295
-11.179039546373916
-11.294301590426517
-11.494078693747456
-5.154287727603726
-4.9538359258127915
-4.972795275562298
-11.537890738579986
-11.582681843685199
-11.439709182618008
-11.375070567885595
-5.300526420457246
-5.458140732233654
-5.335447480055261
-5.242064952228321
-5.3676210478660655
-12.036643088365725
-11.813366566206494
-11.697688127945094
-11.745553633074092
-11.87381136930689
-12.049284906671039
-11.854615333571616
-11.889601018567253
-11.797388457085999
-12.170931548387252
-11.971208126451959
-12.101354043210868
-12.270597635888253
-12.381933743138669
-12.292985197697652
-12.271363988348606
-12.360181364989607
-12.387927864240687
-12.324646000819682
-12.271539342709861
-12.309304046065241
-12.42753822344219
-12.580593243323866
-12.678843739797356
-12.82202904694917
-12.992144027768552
-13.097899430187363
-13.019266283457133
-12.756243490339527
-12.26674406071288
-12.126511374536467
-12.401440529158455
-12.61806189872129
-12.883713682402428
-12.940472271618631
-13.386338646684269
-13.699949495827248
-14.173478412676317
-14.758059902370489
-15.113687485676593
-16.00565779611987
-17.710377312317643
-11.929486388301909
-12.421568118234301
-12.854544658098389
-13.136493692434536
-13.505822186375006
-13.981548958532521
-14.421140948347874
-14.932689604840217
-15.54823212653915
-16.082862265854118
-10.54731161315752
-11.63843403115118
-12.351415876927334
-12.651872880144843
-13.12243540918818
-13.647410721748908
-14.13581039194349
-14.587724634158374
-14.988177546483513
-15.341653691342817
-15.696169463899105
-16.240934658541498
-17.633730515238227
-19.038168219684334
-19.68117111686169
-20.187544584929746
-20.39351164748705
-20.342176698299543
-19.657475349531154
-19.633909023566023
-19.88344216432436
-20.266144959093282
-20.688157892553086
-21.068591309402162
-21.42877794876862
-21.8117878644865
-22.27873850940301
-22.873937830213507
-23.567942618580922
-24.233415856418706
-18.641037840361868
-19.748918120000955
-20.452325454573707
-20.817686081535584
-21.088661166193962
-21.183447121385512
-20.67578426742639
-20.540814994113354
-20.893717441200007
-21.19815168478645
-21.585532907979815
-22.04391242159165
-22.452199528383744
-22.91174995503157
-23.35675664325779
-23.771259693100173
-24.213552637600856
-18.4833335860794
-21.575404375349937
-22.446138124717773
-22.92487617479735
-24.23208785773632
-26.117392101414545
-20.32829303627587
-20.860556023028924
-21.265439250323237
-21.712948238759257
-22.21306405851281
-22.72113315849898
-23.128693182594937
-23.340298535724884
-23.402940808885614
-23.25710384540276
-23.216375284758012
-23.35298170580825
-23.612050691415924
-24.057069255069685
-24.67138211796742
-25.327177950563375
-25.954496582511485
-26.582385115009934
-27.555259266912184
-28.269761848083903
-28.75968586794364
-29.05225425421142
-29.71607592448198
-28.640409766610716
-28.659648422041847
-28.99055638041692
-29.35168727414094
-29.727269171123286
-30.06300370973046
-30.42189476113358
-30.82853886923355
-31.21088525993987
-31.030723472358527
-30.739894757954968
-30.936801027243817
-31.36847554371697
-31.858538277257303
-32.235930675186786
-32.856409476182165
-33.59717621064412
-27.548105272498375
-28.59720926529629
-28.921693218654223
-32.04307132983966
-35.07995745355086
-28.768705954455605
-29.222601792957146
-29.50058166282769
-29.951004169214063
-30.55114823839674
-31.082318672778364
-31.430965414800202
-31.50729152168094
-31.45388019453898
-31.406683706427916
-31.519279336639933
-31.76405528415084
-32.1470187146675
-32.5859568044726
-32.98419852306061
-33.34854547992243
-34.11586303640643
-33.93668075476165
-33.51994760698474
-33.77861052982618
-34.3342289286199
-34.75746291206289
-35.19458970031213
-35.629618752629
-36.31500394681221
-36.99540519462864
-37.36383591600794
-35.954049940935235
-36.95850099505262
-37.001566846797445
-37.41905140159687
-37.86591685722456
-38.24561714273518
-38.629730777532956
-39.10722642116316
-39.30760215947993
-39.10486939701914
-39.021217118369606
-39.23066048310455
-39.67595634175764
-40.05883028953915
-40.54495455056447
-40.96371259730655
-41.44655248789969
-41.207560422840174
-41.0297666177603
-41.08967436988375
-41.57404602629478
-41.96161800088785
-42.31404642793604
-42.85534046851803
-43.36204208825986
-43.90013310594168
-43.85620378242565
-43.539442630394674
-43.51646906130851
-43.86086083867017
-44.28699786190569
-44.726961376786385
-45.103870215615444
-45.34523159791938
-45.61873209423454
-45.1668811992605
-45.352358801244954
-45.72806597826701
-46.19688150379788
-46.65533410857737
-46.97368012811942
-47.14266462602011
-47.26997536671745
-46.8684119755249
-47.08081376903511
-47.44422317909353
-48.1266574853718
-48.72848201937777
-49.27116873506622
-49.6967413898575
-49.945886733245125
-49.51911610254895
-49.49223648930426
-49.79458284657087
-50.17862849369356
-50.539528802894054
-50.93031262549264
-51.28188194853987
-51.23586570084831
-51.043905163568795
-51.24692834681265
-51.59065392394782
-52.04540877552507
-51.70211505147835
-52.68145838146414
-52.775487239607216
-52.7216487679088
-52.48985614019926
-52.72742848030985
-53.04585637967088
-53.32964033844373
-53.58115098342371
-53.60020454616904
-53.46555120661418
-53.524541281828675
-53.76471690714462
-54.105969009599015
-54.56058144370914
-54.93423229479833
-55.12985134442851
-55.170348208576456
-54.88157803950337
-55.14293581643779
-55.51679845619531
-55.898377989188994
-56.23659371581727
-56.59264616008093
-56.38863174909011
-55.915694649442194
-55.97700148105978
-56.36752315813846
-57.166561446795285
-58.26323870796646
-58.865832748943205
-58.1446274361694
-58.97579217290751
-58.86654656732592
-59.102329799269754
-59.0107840566915
-59.30879858297688
-59.80673689592672
-60.627759839993814
-60.03654960935121
-59.7916124010168
-59.93511998987808
-60.43890797126414
-61.02224505302457
-61.30279215042882
-61.08220098377048
-61.52133505368323
-60.87513035423587
-61.18249519738801
-61.44790479453766
-61.76593346927707
-61.95397486093746
-61.863158794324555
-61.6821064290181
-61.854828213329235
-62.07622144107912
-62.30268168656442
-62.58388870127253
-62.81214016444497
-62.72876596550974
-62.63688836539348
-62.85893508482115
-63.269959376471675
-63.71301156596919
-63.961978159868536
-63.949005507128696
-63.90505075491934
-63.93747608919349
-64.12854777067972
-64.32968873228126
-64.58160169235721
-64.82465554960868
-64.45457484872193
-64.45535744793088
-64.70971347624531
-65.10039675175499
-65.5962453968719
-66.17162509243884
-66.54742661932875
-66.45360526829782
-66.12371481667785
-66.25939762800205
-66.89808634940455
-67.35952001482059
-67.6936727541183
-73.93107800014103
-73.66478310226803
-73.75003423773849
-73.98710408800511
-74.21810488249814
-74.42652011043991
-74.61910768294659
-74.58413730043385
-74.44563082087242
-74.66135414814875
-75.07693984886994
-75.59476469839424
-75.81464605311852
-75.76524665697477
-75.68955169567606
-75.8537451109232
-76.03863079880382
-76.26256237221438
-76.41215116260433
-76.39123814631947
-76.27199723294652
-76.34652973897857
-76.57602298457354
-76.80200855736157
-76.90710894157802
-76.80003056169006
-76.76309524847962
-76.91215604929552
-77.13316255687391
-77.37589098758158
-77.64862996889508
-77.77178426425834
-77.65156988675984
-77.73068415136373
-78.03023793041665
-78.35890358778856
-78.55339661915082
-78.42654030180945
-78.34705185854845
-78.39535630808038
-78.57399686481827
-78.8087873855055
-78.8866425371374
-78.82371860533956
-78.77958823739357
-78.94373613325993
-79.18631573096214
-79.44375933253936
-79.45295627796915
-85.85311379991764
-85.85314803108112
-86.02863122485176
-86.33782609454212
-86.58017011237646
-86.73517879097207
-86.66337399832203
-86.53371386269947
-86.72342112986415
-87.0329925899445
-87.31069439226683
-87.41328936276996
-87.20117604748161
-87.09647824833702
-87.2900493662931
-87.65483768787936
-87.90526160254515
-88.00437516351188
-87.69818895007401
-87.6324941880964
-88.02791726631156
-88.44988922083391
-88.70151936032451
-88.66572691011935
-88.48700875181413
-88.57258868624793
-88.92773065719136
-89.28312466854061
-89.46844171265599
-89.36735684222315
-89.25992199666804
-89.40164776051213
-89.70220115723563
-90.12888233394922
-90.54184162825611
-90.49268713293668
-90.25673250862125
-90.39654397907526
-90.69557020356325
-91.11812700093085
-91.24778633923499
-97.34143077496594
-97.29262148254696
-97.5041638676267
-97.76861984077117
-97.94210110173717
-97.95720906562188
-97.82850277164535
-97.85176940707565
-98.01667634579294
-98.27991018289467
-98.44612938324859
-98.4279030178189
-98.4210608282581
-98.56842015498799
-98.8104425405922
-99.0697123068879
-99.21771233854062
-99.18042465396115
-99.09409635969739
-99.1853787277438
-99.43577470035108
-99.6231182131631
-99.58897303427344
-99.49336158740653
-99.57344354679597
-99.79566295158321
-99.98643576415533
-100.03960620653531
-99.94783203387883
-99.94854066671012
-100.1286552167253
-100.24623899733606
-100.44530524328046
-106.65988432337598
-106.64230638389515
-106.79725801755936
-106.9911930154247
-107.071185280483
-107.05001030926161
-107.0244999332
-107.08208305650739
-107.21215402344639
-107.357430769365
-107.41135499844249
-107.33401199835895
-107.31514354727453
-107.44878216788344
-107.63673364399776
-107.76684080203388
-107.65885216225712
-107.57143510566925
-107.88059143943289
-107.97853600537391
-107.93054674140457
-108.11179042406384
-108.00547359788068
-107.96028683804595
-108.30033547137583
-108.44998847835532
-108.37680347470152
-108.21172391753039
-114.58103858282179
-114.77007103958513
-114.92600410301827
-115.07231904895039
-114.8598201196711
-114.8901057851173
-115.01990608687494
-115.16357252744497
-115.23148213689605
-115.15499801285144
-115.13048708750298
-115.32063489521556
-115.53061397333727
-115.69689444499863
-115.49662016095198
-115.56787871443262
-115.70917186529944
-115.85796879205972
-115.886973519626
-115.84040419077992
-115.86492409800618
-115.97853516365497
-116.08586030294848
-116.1379941563486
-116.10872637890022
-122.37068718576744
-122.35847691477012
-122.51861712118608
-122.64184275649285
-122.63519615457169
-122.57320268197402
-122.69540879787701
-122.8650454056888
-122.95843447412824
-122.94195720911924
-122.90176723899525
-122.9612552863113
-123.0637029076672
-123.22837510039564
-123.20229204878088
-123.17312932900477
-123.21238489981533
-123.3440020469472
-123.46975023444249
-123.4871720274788
-129.71014857923464
-129.73408936475943
-129.89837146192238
-130.05079762984064
-129.96320603823924
-129.8903990631316
-136.20296254199982
-136.36159899533487
-136.47775030102432
-136.42919808274388
-136.349139309721
-136.4579646077012
-136.6930318057741
-136.77427804564263
-136.56925363466132
-136.65147707003686
-136.73486268153687
-136.87161512546166
-136.95286752028105
-136.95405893532276
-136.95428701900673
-137.00150779686106
-137.13618840742535
-137.30206466576408
-137.22289003094704
-137.18119973515743
-137.317162777343
-137.4113827571979
-143.76902690086123
-143.52312609971548
-143.63176239895228
-143.6092402844958
-143.82975458544476
-143.74037232032325
-143.66748615408804
-143.6722897293012
-143.82278495492523
-144.04953457300954
-144.12472337583895
-144.10785374696928
-144.09158752173883
-144.2134583109622
-144.30728879250378
-144.3187233379779
-144.27704270102774
-144.31676677929244
-144.46554664185138
-144.4812356266023
-144.34414790557372
-150.7033665883933
-150.72356154486934
-150.81696831628062
-150.81889227577318
-150.79116643966637
-150.8949802603673
-150.81333836276144
-151.12075634026183
-150.76029941274544
-150.93454506393175
-150.5522908544153
-151.17042723340248
-151.13297385005086
-151.16262661295937
-150.62895880306084
-150.76378364917178
-151.30305127120556
-151.4361676143157
-151.33658622645137
-157.54693587230355
-157.67854883596962
-157.8387030287263
-157.81995001459276
-157.8036097894604
-157.86931337041662
-157.9568035617102
-158.10064147190906
-158.12628224278856
-158.08005487614886
-158.03123704785378
-158.1513713655154
-158.24395430718124
-158.2473372699044
-158.17050209577732
-158.16592198875534
-158.29257482948165
-158.33520157590553
-158.229492195632
-164.61958910764352
-164.67411348757233
-164.77626780540658
-164.71260863303283
-164.69171705699978
-164.80867489221708
-164.86224501350995
-164.9774293546186
-164.97323037179288
-164.90041110463122
-164.8632214820256
-164.96686066294185
-165.08732406249632
-165.03488316056146
-164.9621848297031
-165.0364695035809
-165.22611905188518
-171.54939173485099
-171.48460794876172
-171.4742521980271
-171.57724840566397
-171.67915379627829
-171.6969869805411
-171.63982299364278
-171.62910668041872
-171.6728729219955
-171.74986731535174
-171.73455852144838
-171.69345751989474
-171.73942143503484
-171.84085982039744
-171.87366473484826
-171.8066705486039
-171.80074284946033
-178.22043460892417
-178.30822839742513
-178.29035458889985
-178.236381588665
-178.30074748223015
-178.37828617585643
-178.42870086623145
-178.3718857770736
-178.31631286463823
-178.4189655155424
-178.48843891131978
-178.47853027845068
-178.43318578584208
-178.46869469832794
-178.5652245725018
-178.57447393087463
-184.86193069192393
-184.8377516084288
-184.8998268837299
-184.96148301922207
-184.79531988972016
-184.90848400865144
-184.93598119472844
-185.0507469503486
-185.11424451232293
-185.01861200569164
-185.01436205335523
-185.07323564853453
-185.17231636317956
-185.18116822522157
-185.1240790668333
-185.113898880558
-191.51807919463414
-191.5568533844747
-191.48306983871868
-191.49248721188522
-191.53489823365354
-191.60134809446407
-191.37728505083916
-191.403870499591
-191.56090505532305
-191.62123792890083
-191.6645461171228
-191.645074833629
-191.62414119388325
-191.68899927224592
-191.73041137314186
-198.01088383115473
-197.99004816227088
-198.056858518709
-198.095595412256
-198.11837779767018
-197.92413424785585
-198.06675317247056
-198.15213774003018
-198.16761713508757
-198.12924367948162
-198.12565734281284
-198.15640769587404
-198.21672473307643
-198.2284603221448
-198.16506694182766
-198.17651506859931
-204.41629170410758
-204.4043132077015
-204.40855538363448
-204.51672294578205
-204.594185884523
-204.63651925187386
-204.44945017681215
-204.58060348872297
-204.59425217877336
-204.65376522658536
-204.67908622842887
-204.66063064522933
-204.77073613090297
-204.81668285027462
-210.8847156358141
-211.01820593215425
-210.81900675656766
-211.00279495010915
-211.10288620356107
-211.04015693971152
-211.03239133881894
-211.16497250709858
-211.1033053280064
-211.23527443746698
-211.05757477815433
-211.200764538582
-211.10525831506928
-211.27845902479834
-217.28448066447586
-217.41638715571216
-217.4515414319145
-217.48627221686053
-217.52324572597527
-217.43240189349652
-217.48169827547812
-217.4874221442759
-217.6228810724152
-217.42140907534028
-217.5827546782377
-217.47953542787863
-217.5131275483266
-217.62768422738233
-223.7858231801445
-223.80549599267093
-223.90150949785627
-223.8658212703911
-223.74149698256272
-223.7837052546148
-223.86524078174068
-223.84586749682128
-223.76588796594692
-223.9102641601094
-223.8317987194065
-223.85294639426795
-223.78277916149702
-230.01913296992123
-230.16699179633997
-230.19361448836725
-230.07977019683628
-230.13725188891564
-230.18677778175015
-230.15410337303294
-230.1672176807491
-230.14356837894204
-230.14331824639422
-230.18986752996304
-230.17293522575716
-230.10249101800142
-230.12177720820443
-236.45311865656416
-236.50359607770102
-236.40220767461165
-236.43279205893373
-236.4921948744795
-236.5492602056961
-236.46587910232225
-236.60247842528577
-236.63784465155803
-236.6674006000874
-236.4661854428122
-236.56677978089985
-242.7383907878138
-242.768478857854
-242.70983127517098
-242.7008224342004
-242.72525922200785
-242.77475982262712
-242.7727183067144
-242.67293704339937
-242.87130699292564
-242.93908167070234
-242.77368981982843
-242.72109272910004
-242.71003839634903
-249.04927671862632
-249.04147191980456
-249.0210729209688
-249.00813958499666
-249.01506347581537
-249.08795349961002
-248.91906279929512
-248.95338791794478
-249.13062822943675
-249.037821075011
-248.98954957179117
-248.9207902587772
-255.25227425403503
-255.2021050252136
-255.2291921576044
-255.18967174729505
-255.24316506088428
-255.2766593833976
-255.36991093792471
-255.32127087227735
-255.3340716355267
-255.3765659209281
-255.37961864642506
-255.15344473482736
-255.1689516953328
-261.46812033383816
-261.5021477627746
-261.4150177796912
-261.4770435378139
-261.41933239148824
-261.45446941754426
-261.511713179897
-261.4848951289626
-261.3878181062557
-261.4061036274522
-261.4983421294541
-267.6825960872821
-267.6232317856372
-267.6374488757963
-267.69709822163935
-267.648062762558
-267.56243725118674
-267.61559739940833
-267.7130449487924
-267.4998423851392
-267.5482737539376
-267.56651588971374
-267.6521738093894
-273.6723436589965
-273.7110295248242
-273.7727030012915
-273.84000706520493
-273.8067408598578
-273.6500101659157
-273.75670997862574
-273.86568311532125
-273.6724826901703
-273.68039480858675
-273.7006738335785
-273.6041064274009
-279.8189184900317
-279.83706117610717
-279.8848707206708
-279.9285639971403
-279.7643569071912
-279.8453717920058
-279.880308687596
-279.8205733404916
-279.78286535960785
-279.81924843542834
-279.8225994721595
-286.0201888028299
-285.9903005336773
-286.09165488942114
-286.0758883499974
-285.97290200193663
-285.9532903457768
-285.96995534242336
-285.9899418402648
-285.9464158645914
-285.89547466124117
-285.93060712009583
-292.1130374026868
-291.9687884397456
-292.12176265252333
-292.2335057312302
-292.2455157454442
-291.8565667302842
-292.03557759335683
-292.07343339512863
-292.0600411272328
-291.98548136615915
-291.9667188821345
-298.36225224047615
-298.20081360730086
-298.3213334043754
-298.01343066309045
-298.29404968924945
-298.22212773134254
-298.1562816049702
-298.09588175829
-298.13234873046065
-298.12371571797405
-298.01349853717875
-304.134457072024
-304.16418485523354
-304.2099080338618
-304.10432988655054
-304.05532686735967
-304.2471254714297
-304.21615682204384
-304.1326893150556
-304.1400695353701
-304.1422025237086
-304.07361812351445
-310.32024955871987
-310.18681685609585
-310.16474543868236
-310.2775267273879
-310.1428431346903
-310.2163404344651
-310.24005504987764
-310.2127079219801
-310.10413916966945
-310.2754271877269
-316.3777742108365
-316.32798910955137
-316.3172443876261
-316.3892066823809
-316.21170574244286
-316.24851090279986
-316.1926278265339
-316.2152817032639
-316.18548898702636
-316.1628399120959
-316.1939448040353
-322.4749301453671
-322.47143018498485
-322.4104467938204
-322.35645414918105
-322.3702706863872
-322.2659695593619
-322.1960156803914
-322.29885926852694
-322.28158659808724
-322.2751190299829
-328.44542803636637
-328.4208994008416
-328.3838413644251
-328.4168361448391
-328.32127529354625
-328.39383571575837
-328.36918308315927
-328.1913915715862
-328.26319746856285
-328.2260435595136
-334.5091348281731
-334.3907835713783
-334.14452168544364
-334.26887470741985
-334.37287896889154
-334.33927106230476
-334.2528075604203
-334.3023689537216
-334.19359971985455
-334.15275751977015
-340.3905804201422
-340.2748354743956
-340.35080204830837
-340.07144969602473
-340.04840894509516
-340.22978844436966
-340.2207269425134
-340.12441148122326
-340.0839671542653
-340.086871946257
-352.68565617527565
-339.96824004714745
-340.04158552685846
-340.02640033309183
-339.9053883989155
-339.79540806855874
-339.83156457748703
-339.88538639775675
-339.7076050600471
-346.0162296654293
-346.07118788759897
-346.0009041087436
-345.89649221201836
-345.9219082978295
-345.87123688738956
-345.8215649118442
-345.71705921903845
-345.77445279928634
-345.6737790774483
-351.9227962128068
-351.8946949795403
-351.91209054648186
-351.86284837603824
-351.77898632254613
-351.68689572723645
-351.76457764444365
-351.6533253516924
-351.61983146764584
-357.8788182307659
-357.8861397214305
-357.7786933096467
-357.72994267523023
-357.7134690147974
-357.6222756237188
-357.5930120295737
-357.5527626118234
-357.56109930012406
-357.5193794613371
-363.7353141170342
-363.672480004542
-363.6830773884363
-363.6288614247009
-363.35882317173315
-363.4590916243149
-363.4969004707312
-363.3955127657757
-363.30171382184767
-369.64550383688413
-369.5768577112041
-369.44058267858117
-369.42425929328846
-369.30565374569153
-369.2923448551431
-369.2635703492159
-369.30085898467763
-369.1947663989755
-375.3972931367643
-375.3838879013074
-375.3220962141447
-375.26359178505743
-375.21013325022665
-375.1790170935719
-375.1331350085969
-375.09150453507
-375.0213115332315
-374.9538017654668
-381.21533463898146
-381.14849035411254
-381.0288272811749
-381.0419435511498
-381.03259440999426
-380.872453731427
-380.8467669922309
-380.81738743010305
-380.7662130973695
-386.9342279875942
-386.9421709678715
-386.89351449968154
-386.7866300945339
-386.69812030872936
-386.72429123324355
-386.62883115523886
-386.5167946576479
-386.5329233131899
-392.7932051374225
-392.6886588417721
-392.59904216766336
-392.5947020150808
-392.56244625525613
-392.4548018846726
-392.4185193509101
-392.3828251066998
-392.2825366837675
-398.47844117559487
-398.44692892254
-398.36861574380634
-398.3006515278561
-398.26401217874934
-398.20187772883367
-398.13623562961794
-398.07309744285817
-404.25716586801127
-404.2241650476081
-404.1744745472462
-404.0202347136075
-403.9812551572543
-403.9701636906122
-403.8257490358623
-403.738241976264
-403.7562672844771
-409.94462177971934
-409.8049300932868
-409.8130467168875
-409.73444096171414
-409.5620440006266
-409.5593327313979
-409.5295659108397
-409.3930941778806
-409.322772691856
-415.565141162433
-415.47801497365145
-415.3821343724748
-415.3120106430337
-415.29193444669704
-415.19525294976097
-415.0843066192841
-415.04419327977513
-421.202100474574
-421.1039180104644
-421.03398500522275
-420.97832142529177
-420.9213167286954
-420.823728318599
-420.7834859956357
-420.723756184649
-420.62437142511635
-426.6700490840605
-426.71248637702706
-426.62512314482274
-426.5141089662737
-426.46819373675214
-426.4530735652898
-426.2995671088397
-426.19290159728445
-432.42693561266253
-432.3717530388549
-432.2383609383922
-432.17060246698964
-432.08448846873745
-432.0178657979137
-431.9169807946385
-431.91682615249545
-431.7971756162831
-437.9422236859485
-437.8236520687704
-437.83367616391376
-437.69746970094945
-437.6522846127847
-437.61600187238025
-437.473402709328
-437.39838036185665
-443.6527543662823
-437.2752260258777
-443.4117720344932
-443.37004772515417
-443.27242956445644
-443.17777213483254
-443.09928428138323
-443.0037150744222
-449.2558054903193
-449.1669582443216
-448.9974436959621
-448.99140923060105
-448.888520507291
-448.75006223645255
-448.68818584634454
-448.65359692291736
-448.5392204006049
-454.7444858789789
-454.7381551362815
-454.61141462946716
-454.48105644835726
-454.4150597305706
-454.2929948823843
-453.4794919164748
-454.1134058619067
-460.3782519761286
-460.233404200355
-460.1625325627647
-460.0195109951222
-459.9534696439138
-459.8508910584722
-459.7917621869977
-459.70484781495617
-465.90644840031837
-465.8236428243705
-465.75407735659206
-465.64173678010735
-465.4946687344357
-465.4036213462176
-465.32706900194927
-465.20498522559234
-471.42020471005765
-471.3600370173708
-471.10321340674165
-471.10459216143664
-470.9946467690147
-470.892036824136
-470.77284456106156
-470.68377277986326
-476.9242424157508
-476.78014646149114
-476.66994692562844
-476.6157525667576
-476.4495783539211
-476.3203473460634
-476.2891565956741
-476.18171826613434
-482.36533090936
-482.3053604220624
-482.20465830768575
-482.03159283866876
-481.9332553144318
-481.85365528072447
-481.69989461608367
-481.63005508741566
-487.88260526299155
-487.75751428701534
-487.65777874255093
-487.5523952259664
-487.4289754222992
-487.3488738517422
-487.2181741838507
-493.4652879362745
-493.38908387129277
-493.2421553581537
-493.1477066661345
-493.0219243039281
-492.856910505005
-492.75252512455353
-492.7004520192762
-498.870228089013
-498.7612452256794
-498.7162942726706
-498.54275684502096
-498.32353528650646
-498.25391946584926
-498.1160438374625
-497.9786703687247
-504.23488779007033
-504.1127936119139
-504.0274953893612
-503.897401339567
-503.7171214110654
-503.5746518510931
-503.4366523561211
-503.338318894705
-509.58289984237626
-509.43392248664566
-509.33927716322694
-509.13682824558185
-508.965029198982
-509.12883198631107
-508.79925872930596
-515.0638108279861
-514.9040994174727
-514.8274408420317
-514.6997268720756
-514.3812682657932
-514.3060466523006
-514.195103745825
-514.0899314299411
-520.1764441657074
-520.0838881239115
-519.9100010937941
-519.7955636504241
-519.6848421299292
-519.6353880220835
-519.2138498574243
-525.7552856909709
-525.700880769472
-525.5695025114625
-525.4756297548892
-525.6911611459025
-525.0115712866595
-524.8932281936936
-524.7854780186058
-531.0240380129496
-530.9974205872062
-530.9119221094372
-530.7584536217582
-530.4054859484148
-530.2959436158692
-530.3635043935427
-536.3036021605126
-536.1801053400133
-536.0453787830145
-535.8778986399551
-535.6398302135855
-535.628798114968
-535.4128152485249
-535.2592724702477
-541.5447014887167
-541.3755822662631
-541.2184901349626
-541.3098676352636
-541.0183769367627
-540.8236912247656
-540.5991652338586
-546.8338946630062
-546.6610273347557
-546.7404149285192
-546.4658633342004
-546.1456306591697
-546.018350669224
-545.8813661634068
-545.8238044363096
-552.0173720637142
-551.9022543366387
-551.7129309062893
-551.4373298755697
-552.0885349647601
-551.1866069400511
-551.0411323876873
-557.3537477340828
-557.1170124282025
-557.0787555110071
-556.7783493406104
-556.618522487765
-556.4431694393405
-556.4120988739785
-562.6765698199233
-562.5186811157062
-562.3460053465024
-562.1568921101236
-561.9200391265675
-561.7011896889202
-561.6006352814751
-567.8462537084664
-567.783640969017
-567.6902437698576
-567.5046966633881
-567.0972661384405
-567.042884309915
-566.8836161925367
-566.6647380558559
-572.9728528527928
-572.9389973986547
-572.7319476004785
-572.3946533108789
-572.2382560339432
-572.0759226226988
-571.942303097144
-578.2695245923811
-577.9177114163152
-578.0035564758289
-577.6038424741151
-577.4329683462486
-577.2834245555437
-577.1296636273669
-583.4705109073484
-583.1877252620924
-583.1967514386132
-583.0125652962568
-582.5603469489849
-582.4719874435847
-582.3003969543308
-588.6212897276185
-588.3601860751955
-588.3648439969304
-588.1425836747106
-587.7493188544827
-588.860389968102
-590.1388878793475
-593.7972079661796
-593.5278860175604
-593.4668241990055
-593.3052701818183
-594.0400310545187
-593.8967767849431
-592.6159830594098
-598.8683281006386
-598.7824504109583
-598.6161604655642
-598.3497210431987
-598.3205164789381
-598.1186599022121
-597.7888249163027
-604.0759977975891
-603.8764800267936
-603.6353751489083
-603.5358318266498
-603.3729009770404
-603.1723959399764
-603.0489117649527
-608.9710583100494
-608.8590966174075
-608.6537056458114
-608.4566634897458
-608.3994762505106
-608.3104413026156
-608.0998518330263
-614.1003700388632
-613.9458248951145
-613.7121240945055
-613.596424126016
-613.5822083648508
-613.329830093372
-613.1168002307304
-619.1599685575866
-618.971330669007
-618.7825077551569
-618.5893460073571
-618.4661293315644
-618.3750491223944
-624.4785124564754
-624.1647748339839
-623.9609986800656
-623.8848610214459
-623.6139038500904
-623.4241942657351
-629.5475736714577
-629.5120894895039
-629.3250349305463
-629.0090857861087
-628.8281974819894
-628.7059294029934
-634.7880025783495
-634.6704482773904
-634.3297517774339
-634.3288866608125
-633.9527687225409
-633.8138883033309
-639.9095268263778
-639.7198063315466
-639.5313519722775
-639.4035407301736
-639.3023294641952
-639.0846908525212
-645.2559729756613
-644.8914284034154
-644.8673280297854
-644.5409945303031
-644.4335491177695
-644.2549425145259
-644.0593715867197
-650.1717177044931
-649.8152197530644
-649.8074158599669
-649.5416326263586
-649.3023893754722
-649.136052514794
-648.9267302545292
-655.0481558307908
-654.7831027325707
-654.6700374604574
-654.4624765627028
-654.2715468947997
-654.088260252471
-660.0531900804193
-659.9768042758802
-659.6431263480786
-659.5707332316026
-659.3733844136441
-659.1190999912924
-658.9686985204002
-665.1167981775109
-664.9646789387482
-664.7048740118009
-664.4434904257503
-664.2276410954639
-663.9641959256776
-663.8541749026488
-669.9527825065018
-669.6757812482309
-669.4591970414087
-669.1685909651789
-669.2824727270237
-668.9083414285775
-674.9833152349179
-674.7377276926974
-674.516057012667
-674.3146031067591
-674.1401128952705
-673.9962786684506
-673.7043491119742
-679.7750144111866
-679.6270344504729
-679.313754553929
-679.1771289697779
-678.953697276509
-678.6788112824867
-684.7889332445847
-684.5048422197201
-684.3260873151078
-684.1152288569966
-683.9263528609871
-683.7096716920543
-683.5068163897664
-689.4876990001794
-689.2899104922153
-689.1368518172513
-688.9509718402232
-688.682901172049
-688.5006866834393
-688.273704623005
-694.0224478993845
-694.0772008070687
-693.6765918131345
-693.690381567692
-693.5199438183681
-693.2703068004154
-699.1331744826164
-699.0648367481583
-698.8584594554652
-698.6261537164281
-698.3996813762811
-698.1669002960515
-697.9380191157809
-703.9982707070199
-703.7504456496766
-703.5315265765958
-703.4216408952943
-703.1609613672069
-702.9033389323405
-708.9829015686933
-708.7003177090869
-708.5107370128613
-708.2660079946862
-707.9742102644824
-707.8082846405899
-713.816017991529
-713.595203460222
-713.437067315774
-713.1572088156968
-712.9614574480903
-712.703816032487
-718.7636333123739
-718.513087532561
-718.2934009855014
-717.9956744721828
-717.7907136339606
-723.8952538379053
-723.5828514468499
-723.4186201284466
-723.1341266108661
-722.878029217052
-728.9625707685032
-728.6934774945732
-728.4944370170715
-728.2717405100867
-728.0073030845475
-727.7549087981243
-733.8140617764902
-733.5964595644396
-733.3592578610051
-733.1398413276235
-732.8763358494107
-732.6230683548981
-732.3927804406487
-738.3831661207432
-738.1880743844982
-737.9504540048796
-737.6610334235678
-737.4306729325333
-737.158270039133
-743.2263766934991
-742.9948241970011
-742.7159374505633
-742.4427033697795
-742.2391695270877
-741.9813502167511
-748.0123336055619
-747.771424193583
-747.5333787053474
-747.304314106546
-747.0521852577363
-746.7672300769302
-746.5387874871872
-752.5788089012188
-752.2975577012169
-758.3365216754154
-758.0773701634187
-757.7865805026976
-757.5943927593946
-763.6102941588335
-763.2906703654926
-763.122481874811
-762.8613621116039
-762.5414329242731
-762.3710614172064
-768.296244204124
-768.1117383243801
-767.7981518255181
-767.5145728679554
-767.3380911563326
-767.0541590051862
-773.0340415161976
-772.8575404428508
-772.4951342335038
-772.2514839668659
-772.0470428668771
-771.7105444580627
-777.8138971242328
-777.5393443677102
-777.2068869987679
-776.9256345847677
-776.6948640691137
-776.4063067867473
-776.1538287420025
-782.1257701587659
-781.9034475271385
-781.6821023122616
-781.481018699469
-781.060359956203
-780.829281873337
-786.7815461315687
-786.5239218713758
-786.2875136738313
-786.060561094893
-785.733220580801
-785.4948349345901
-791.5515384532217
-791.2247642801176
-790.9793300229901
-790.7070166354133
-790.5539055113601
-790.1102516303415
-796.0930338695903
-795.8772263534963
-795.5599696525309
-795.317939176355
-795.0859005378253
-794.6746724434478
-800.7972715366601
-800.3711824866456
-800.1940531101226
-799.867017738515
-799.6472432099613
-805.5575077553527
-805.2715369370393
-805.0103021166735
-804.7433651064725
-804.4701319023467
-804.1838833355438
-810.4651222005214
-809.8287949114682
-809.5930323767585
-809.3293679347665
-815.3068404788274
-814.9762093080682
-814.6545881072093
-814.5215395798155
-814.0584499652424
-813.7584441702488
-819.8008694373727
-819.5997007109412
-819.1704122645159
-818.9752728002562
-818.7999949613323
-818.2937811310663
-824.3194311822681
-824.0348795303096
-823.7255245393414
-823.3978790432562
-823.1025537898694
-822.8723083355274
-828.8889722101557
-828.4611800162415
-828.1845444912096
-828.1074126539692
-827.5244788440427
-827.2506665451237
-833.2695297249871
-833.0439522273525
-832.650741592318
-832.3498517508577
-832.1112510512476
-831.7055847528081
-837.6742783635041
-843.699443888589
-843.4162765169363
-843.2839266711802
-842.750684857954
-842.4457328548709
-848.4551962923662
-848.2176098328453
-847.7138463525121
-847.4832949611094
-847.165971838103
-853.2529665412277
-852.7974620028174
-852.4781934969084
-852.2844573917707
-852.1222273572375
-851.5581558091018
-857.5293907760006
-857.2322189430107
-856.9460403706496
-856.729955806864
-856.2056176968658
-855.9782169362821
-861.9381980795263
-861.6903291873202
-861.2560649230995
-860.8875235108121
-860.6312814047466
-860.3221575996185
-866.4236689403205
-865.9321666376635
-865.6180010138515
-865.3085181393545
-865.0180322641733
-870.827646314677
-870.6838958207953
-870.2873464067707
-870.1127132369402
-869.5764791412183
-869.1481568276926
-875.1605468316328
-874.9382446966468
-874.7370336172752
-880.5242058953908
-880.0498254602609
-879.7693418046757
-879.4800995053027
-879.1542915892671
-878.6150558240448
-884.9144232340163
-884.5887206422377
-884.3022167861504
-883.6826146075517
-883.4571408509559
-882.9404054018928
-889.1773449808659
-888.8809836042386
-888.5863854258357
-887.9491926155354
-887.7164877860496
-887.1787065054975
-893.2968210113738
-893.1663000349481
-892.8206628533998
-892.282340699649
-898.0333847137961
-897.83471878791
-903.8134040528364
-903.4544467693605
-903.0334160080395
-902.741246222664
-902.2378994980439
-908.3418654778732
-907.9808083521773
-907.6925229298707
-907.303739321983
-907.0264769281832
-906.4609823587596
-912.447960843332
-912.1666135575724
-911.8196315396688
-911.4000030542841
-911.193912965319
-916.8771439798343
-916.6415927554602
-916.3010034803991
-915.834232741727
-915.5494044235335
-915.31105215058
-921.0929265264173
-920.7685528475607
-920.4038918259354
-920.0000683205237
-919.6138370145125
-919.2706561589773
-925.2422114654688
-931.0913656559786
-930.7778037639941
-930.328230801338
-929.9688967840982
-929.6726835310416
-935.6656559292256
-935.262856560392
-934.7106740505673
-934.3906591104359
-934.0715453112205
-940.0472908043558
-939.7238311852979
-939.3594906023552
-938.8767995528507
-938.6778222719198
-938.0430064531928
-944.075591083559
-943.7218476755411
-943.2420785519007
-942.9351169299632
-942.7233950238791
-948.5853978173194
-948.1284775082137
-947.6770624230197
-947.3951886480628
-953.2427559331421
-952.8682203669339
-952.5428198909426
-952.2091568127353
-951.821743002087
-957.7215236096584
-957.2657932910226
-956.8172091336585
-956.4097761328886
-956.0758982811
-961.9961747687507
-961.6270517556326
-961.2783586643097
-960.8124379673706
-960.5051907305383
-960.0855700096815
-965.9585120473571
-965.5060931347194
-965.1222307007091
-964.7390613455173
-964.4205160547447
-970.31250919204
-969.9148873243429
-975.8070793212878
-975.4905890314508
-975.1077751861995
-974.7000634522482
-980.4560638292776
-979.9687813656997
-979.6188544034202
-979.2737197936008
-978.7775435619312
-984.7391085188483
-984.3558579810294
-983.9755133454889
-983.5010295261287
-983.0768642909431
-982.7467624377136
-988.6419770157147
-988.3041796468037
-987.5865326311421
-987.2549757533973
-986.9444178008005
-992.8089238383958
-992.4165077987143
-992.0071777410691
-991.6627405944517
-991.1322567046809
-990.755247003528
-996.699695661014
-996.2506088813575
-1002.1683764292138
-1001.6653775913279
-1001.3117316298338
-1007.2092864981595
-1006.63911045614
-1006.2343615866063
-1005.7845594494902
-1005.3607440598622
-1004.9367843650427
-1010.8341471436888
-1010.4415805544792
-1010.0341363262713
-1009.6149712572424
-1009.2238543831124
-1015.0742547958283
-1014.6594158878697
-1014.2157755825938
-1013.8015032427774
-1013.3715121588987
-1019.3214159337516
-1018.7951325575352
-1018.3433164542283
-1017.9619228925405
-1023.8954338895247
-1023.3609079789644
-1022.6993276801135
-1022.3125422905587
-1021.9564756736538
-1027.8405836567156
-1027.4307268234825
-1026.9286569359012
-1026.4133210528364
-1025.994729861672
-1031.9268545681107
-1031.5227652264175
-1030.9832171338142
-1030.6186457193828
-1030.1666128015918
-1035.983513997069
-1035.5455126052761
-1035.1085745054759
-1040.9135315770889
-1040.5122031745193
-1040.04346960304
-1045.8989281604245
-1045.4054890294633
-1045.0281707557922
-1044.5655433700829
-1044.126325695002
-1049.9364075129465
-1049.4776567716362
-1049.068020188354
-1048.555705306181
-1048.1185189578305
-1053.9386343567212
-1053.4751768086205
-1053.0424256746003
-1052.5784160675194
-1052.1513379203793
-1057.9603467184422
-1057.5005976505713
-1057.045503421267
-1062.847521173237
-1062.4036898702964
-1061.8769757964717
-1067.748058182179
-1067.27494980774
-1066.8088402487642
-1066.324049533463
-1065.8649718476638
-1071.7099985838981
-1071.2279913547316
-1070.74397808378
-1070.2759871041778
-1069.7791885774895
-1075.6133468059822
-1075.103366968325
-1074.6693613901266
-1080.4389584477722
-1079.990862621284
-1079.4928979095578
-1079.0340518061423
-1078.5417101766116
-1084.3254105127228
-1083.860193810848
-1083.3621719164973
-1082.895046410254
-1088.6616123848305
-1088.2113931168562
-1094.0017514540414
-1093.506203133326
-1093.0289995835712
-1092.539340686785
-1092.052220938688
-1097.827204887576
-1097.3271523621333
-1096.8526205639319
-1096.3325413631871
-1095.8815589830926
-1101.631066486966
-1101.172052237551
-1100.6273246107296
-1100.2929197494736
-1099.9313660520727
-1105.677888336525
-1105.1211099071527
-1104.58027287656
-1104.193659330977
-1109.9776672699552
-1109.4781740622236
-1115.1490674896954
-1114.5987832790302
-1114.243738347617
-1113.723792081181
-1113.2145439402223
-1118.8711100681132
-1118.4634802393327
-1117.9845036639326
-1117.4468517505404
-1116.970745821879
-1122.670998887688
-1122.193151485914
-1121.6676345228866
-1121.1868276168575
-1120.7681894657403
-1126.4842655353284
-1126.1704062236993
-1125.5960865543836
-1125.1519948499863
-1124.5899013003204
-1130.3465840860981
-1129.8148748249932
-1129.289909937764
-1128.7967375337385
-1134.5286405181507
-1140.3018318149536
-1139.7352217337361
-1139.267790374306
-1138.686695887505
-1138.2148801885144
-1144.0629560338946
-1143.6693446835568
-1143.1632892333103
-1142.3902892561582
-1148.225421861067
-1147.6754078171352
-1147.3018146552622
-1146.7689437098627
-1146.208557925255
-1151.8156945047656
-1151.1799810310256
-1150.9037362438603
-1150.3640244325557
-1149.9355753402954
-1155.6705003049817
-1155.0455397029914
-1154.758823206758
-1154.1899432637847
-1159.9385119491835
-1159.1439616323155
-1158.8173927495488
-1158.2839205935525
-1164.0406987456531
-1163.4793197369652
-1169.3074632938046
-1168.9409541459204
-1168.3549646336862
-1167.844528507939
-1167.2596457780892
-1173.0215531869512
-1172.4199091188539
-1171.9023818885687
-1171.338976707749
-1170.7803201897345
-1176.663142378947
-1176.0484480049026
-1175.6263966878016
-1175.0754438483489
-1174.5535251497813
-1180.1222828869993
-1179.608109375219
-1179.1299254785965
-1184.8434418574343
-1184.284649803046
-1190.1045734058969
-1189.7299898016183
-1189.1268712739197
-1188.5794336718623
-1187.9999672887902
-1193.7154845787416
-1193.1452000813886
-1192.5348152606364
-1192.0004249559308
-1197.8323373036587
-1197.4246055067065
-1196.818267524665
-1196.2751770585978
-1201.9269826254188
-1201.3513053659824
-1200.7514233632648
-1200.2102450922716
-1206.1039307949693
-1205.5619812234781
-1205.0796396319824
-1204.4418924817564
-1203.8828555523191
-1209.5694521551798
-1215.2996302157424
-1214.675090138367
-1214.2602949771087
-1213.8251130174745
-1213.1975106777688
-1218.9202131883706
-1218.2996305348872
-1217.7339995308396
-1217.1237066483288
-1216.6891018954664
-1222.5297018973115
-1221.8963785585152
-1221.3281322097007
-1220.7195430115435
-1226.4090264417157
-1225.8123406772318
-1225.215636025548
-1224.7484012834982
-1224.3113303203015
-1229.9852897840624
-1235.6591336855834
-1235.0660931741209
-1234.4498226691749
-1234.0126099639122
-1233.544437808647
-1239.2318800451505
-1238.6057359115111
-1238.000701022411
-1237.374488939893
-1243.058921659771
-1242.5929632641742
-1242.1498437664245
-1241.517523003761
-1240.9194210085582
-1246.5550564204955
-1245.9652023492313
-1251.7632485046738
-1251.2897442851342
-1250.7079333892004
-1256.3240801756917
-1255.7486110187324
-1255.0781635534381
-1254.4877070724249
-1253.9908625643702
-1259.820271593665
-1259.1834975283941
-1258.5534837598118
-1257.927509530246
-1263.5766588134622
-1263.1412630636298
-1262.6197449321835
-1262.0006664834411
-1267.6303669718955
-1267.0103649221467
-1266.352498742313
-1265.886480334063
-1271.694483440274
-1271.0555963804184
-1270.404263061336
-1269.7666032956338
-1275.5576054684054
-1275.0683290963418
-1280.7345185042504
-1280.0636646942935
-1279.4318749026704
-1278.765463298015
-1278.3271196290002
-1284.0593001858058
-1283.4444429825785
-1282.769756193601
-1282.136082704626
-1287.9170340937678
-1287.4164289605237
-1286.781788505979
-1286.0905967624851
-1291.7322406738242
-1291.2240628335019
-1297.0229308585058
-1296.3567114308562
-1295.713413573055
-1295.0200900118828
-1300.6551457024416
-1300.1352931399094
-1299.6437593725839
-1298.9658433433847
-1298.3238141066606
-1303.9087732888254
-1303.4261986109088
-1302.9267960455622
-1302.220899214553
-1307.8435812879668
-1307.159826048353
-1312.9645264622625
-1312.4332567802783
-1311.7682225386147
-1317.353496324804
-1316.684273812257
-1316.1526219737398
-1315.653546651911
-1314.961352356207
-1320.5865054854687
-1320.0526636400689
-1319.5313614903453
-1325.1350738365998
-1324.431093430861
-1323.7458367337015
-1323.2159798651505
-1322.7372105329332
-1328.2973161982993
-1327.6350562432335
-1326.8975286736877
-1326.3904268262165
-1332.1456032344493
-1331.469585530591
-1330.7485890786165
-1336.5518945345507
-1335.9874400655344
-1335.2968925700936
-1340.8459616079876
-1340.1655442331526
-1339.6251971668253
-1339.093006990261
-1344.700522802462
-1343.9807945631776
-1343.428472477592
-1342.9013111772022
-1342.2136534008685
-1347.7635818330036
-1347.068021360343
-1352.817367239002
-1352.2832960176136
-1351.5345891388736
-1357.1371315624435
-1356.5466181651163
-1356.0484998427771
-1355.3184168715657
-1360.8928377066238
-1360.328452613429
-1359.8098032460696
-1359.0394481143564
-1364.6387089148702
-1364.1051600181313
-1363.527144926788
-1369.1102321284473
-1368.3594143688697
-1367.5974424034084
-1373.34833232924
-1372.8122255445664
-1372.0450102357365
-1371.363965511001
-1377.0761556106363
-1376.551159622822
-1375.7859768774313
-1375.0688675260021
-1380.7730039452058
-1380.2298896141333
-1379.4829306281365
-1378.766940845877
-1384.449132473689
-1383.9195960400832
-1383.154243440731
-1382.4220876686018
-1388.132190686634
-1387.5959890526294
-1393.1098344883444
-1392.3722385332517
-1391.8050685709184
-1391.216437247143
-1396.7181991487794
-1396.1881269184364
-1395.6436527639996
-1394.8680073651385
-1400.3998657803556
-1399.8063884422302
-1399.268853201477
-1398.4896827398022
-1404.0346901957907
-1403.4333487739698
-1409.1697317046687
-1408.380512887667
-1407.6222420348486
-1407.0255084255252
-1412.7659338983833
-1411.966782252736
-1411.41505989401
-1410.82457474825
-1416.3467528455326
-1415.5441760976285
-1414.9924811107107
-1414.3925716813455
-1419.9132499628695
-1425.39489316861
-1424.8424106227726
-1424.2396209908227
-1423.4572415639477
-1422.852571062781
-1428.576403533475
-1427.7790685917512
-1427.0011852668065
-1432.678696942675
-1432.0976127644344
-1431.3026497447454
-1430.7109514681151
-1436.4082005330656
-1435.6261083219274
-1434.8120835117002
-1440.4985459635975
-1439.9096991783672
-1439.1138883091237
-1438.5131925546802
-1444.1934610236767
-1443.4029969927535
-1448.883086479453
-1448.271456727051
-1447.6680511650536
-1446.8798600781142
-1446.2673372387403
-1451.9628287454225
-1451.1333262747605
-1450.3273358368997
-1456.0054892882172
-1455.4087038482467
-1460.8658358518967
-1460.2861296585013
-1459.641972753928
-1458.8359369218695
-1464.4949586654825
-1463.8980678833366
-1463.0615977010782
-1462.2727893960669
-1467.9001341244327
-1467.3077449345149
-1466.457533324498
-1465.865292346983
-1471.52136816134
-1470.7227272456141
-1476.34366811615
-1475.7559486158993
-1474.9053172127094
-1474.2960647952143
-1479.9417292463443
-1479.1397862618078
-1478.2747840675158
-1477.6698728981162
-1483.2970085850466
-1482.4791967117812
-1481.840822893536
-1487.5224537643537
-1486.647078811413
-1486.0470834672417
-1491.6696139573842
-1490.838150282131
-1490.1933918020363
-1495.8632271206768
-1494.9939711985721
-1494.3800510333308
-1493.7105736331787
-1499.1693898012695
-1498.522231277283
-1497.8996962501424
-1497.0177856639816
-1502.4616762074315
-1501.7900009263637
-1501.1851828593137
-1500.3079704523295
-1505.9682759748825
-1505.29110251073
-1504.4483606753347
-1510.0517631118996
-1509.4462069771703
-1514.8447226920262
-1514.2143247601166
-1513.5279869530361
-1512.6852715715381
-1518.2792829839677
-1517.6626988085538
-1516.7834877837868
-1516.1523598803399
-1515.4530325020035
-1520.8738740886304
-1526.4997171462246
-1525.8517664170606
-1524.9632269236295
-1524.3214395015343
-1529.915800159128
-1529.0379819957798
-1528.4022401443574
-1527.7278555903285
-1533.3317849421755
-1532.6885041694286
-1531.784629745097
-1537.4076385897943
-1536.7464790035601
-1535.8647567817773
-1541.4652659135988
-1540.814698707369
-1539.9107708053416
-1545.510046032444
-1544.8500463359853
-1543.947533094476
-1549.5526812900378
-1548.8939641571874
-1547.9876977215833
-1547.3122151418459
-1552.9225906642132
-1552.0185110871962
-1551.3217539376285
-1556.9392676361572
-1556.03673503143
-1561.61368996946
-1560.954036390528
-1560.2829425111336
-1559.5916943302773
-1564.9427139711759
-1564.2646628476975
-1563.5733700431629
-1562.688683028029
-1568.2622193480768
-1567.5921710158573
-1572.918112062727
-1572.264043670582
-1571.5484816052137
-1577.1712519912553
-1576.4390863420776
-1575.539537346698
-1574.8366964082002
-1580.4288524643146
-1579.4820372277172
-1578.8144225722533
-1584.3813409871955
-1583.4489449431635
-1589.0220613650583
-1588.3291024153095
-1587.631281376453
-1586.9433118154589
-1592.2723924558172
-1591.572727997647
-1590.859261948317
-1589.9318382755166
-1595.5076956381088
-1601.0816183663628
-1600.3629100124544
-1599.6684994399761
-1598.7280258463875
-1604.2887865894832
-1603.5735066938707
-1602.6175197481623
-1608.195437065205
-1607.4659661630621
-1606.7818197524048
-1606.044941650737
-1611.394709594371
-1610.6327465462548
-1609.9499650148712
-1615.4817639711598
-1614.8053261588327
-1620.0908171027606
-1619.3999256170382
-1618.6493975825006
-1617.6998510114458
-1623.2554040590517
-1622.5289954171044
-1621.7806748614346
-1621.0842043157213
-1626.4043242606879
-1631.932099405331
-1631.2371869186434
-1630.4850551132783
-1629.7676495715607
-1635.056279983308
-1634.3440216635292
-1633.5923898828214
-1632.8804616235038
-1638.409693413883
-1637.4338702773357
-1636.6829550580867
-1642.24673601781
-1641.485026400764
-1647.0458093568432
-1646.0519380531173
-1645.301015829718
-1644.571419063422
-1650.1031379109972
-1649.3579058550065
-1648.36971855188
-1647.6059133217618
-1653.1527409217479
-1658.686700473796
-1657.9452220125452
-1656.9674361243342
-1656.1725034300603
-1661.7312704589758
-1660.9703419204543
-1660.2334528603535
-1659.2180701962297
-1664.7614264945676
-1663.9910685117675
-1663.2688112896944
-1662.4752263691776
-1667.761125493064
-1666.99356889159
-1666.226969928476
-1671.771430542507
-1670.994204050686
-1676.5277003359865
-1675.7648166829385
-1674.730928793648
-1680.246526288695
-1679.4949792968573
-1678.696127470331
-1677.9596366373153
-1683.2023028111228
-1682.4333225949558
-1681.6700074069686
-1680.8956583093513
-1686.4097168822038
-1691.9359684313092
-1691.1470022072745
-1690.110662021535
-1689.3435437578187
-1694.8573456343117
-1694.080314542457
-1693.2930505756433
-1692.5149328026598
-1698.019058891198
-1703.2681925544423
-1702.4668247245222
-1701.704412905717
-1700.8886779691804
-1706.4142551841205
-1705.592370664197
-1704.8471796137073
-1710.0630509125285
-1709.2680515826637
-1708.4809187608462
-1707.6826098169713
-1713.1896584888686
-1718.6776208300307
-1717.8864299113877
-1716.833464286369
-1716.0474735936925
-1721.4999010647948
-1720.7392038233552
-1719.8940397669771
-1725.4116426539156
-1724.5901565713175
-1723.5175279114662
-1722.7430980489366
-1728.1820617859705
-1727.413902507026
-1732.8606542687453
-1732.0896772665294
-1731.2377295673255
-1736.7439645946386
-1735.9139199695535
-1734.8361181610571
-1734.0283807587614
-1739.4945685948799
-1738.6820595446559
-1737.8629644556775
-1743.3529407396913
-1742.502052034729
-1747.9950877852666
-1747.1620603793478
-1746.3636081029754
-1745.515178989913
-1750.7090941711112
-1749.8838474701286
-1749.0666718161228
-1754.5159636539393
-1753.6969467298222
-1752.8591632031025
-1758.3233564838579
-1757.5169053275183
-1762.9454586622192
-1762.123839953265
-1761.2735410425512
-1760.1808276852798
-1765.6128516688896
-1764.7830836809096
-1763.9343011635399
-1769.3818152479014
-1768.5445318432405
-1773.989096100296
-1773.1466573927146
-1772.2939678858888
-1777.7539429354251
-1776.8923566398685
-1775.7739911329372
-1774.9230749856079
-1780.3600389277374
-1779.5193320681383
-1784.9345840178278
-1784.0971429349859
-1789.5097030869356
-1788.6631916045596
-1787.8008725370614
-1786.9764887458628
-1792.3650931794214
-1791.5263294530732
-1790.6518438842495
-1796.0994598257596
-1795.2211168765994
-1800.6339710180305
-1799.7683918510654
-1798.615029223365
-1804.0504383661287
-1803.1563166021162
-1802.290986411228
-1801.4228881606318
-1806.850839563208
-1805.9663670306825
-1811.3741141315672
-1810.5048918223367
-1809.614563172857
-1815.0391554023493
-1814.1462740910154
-1813.2906018103631
-1812.3898092763
-1817.8106306136444
-1816.9104066760467
-1822.326308887552
-1821.4403468040027
-1820.5500891944625
-1825.9530965589895
-1825.060574732889
-1824.1938806023159
-1829.5525608623136
-1828.6797370590275
-1827.7676150558382
-1826.5826256862697
-1831.9856549485157
-1837.3489414163687
-1836.4808935287
-1835.557636618242
-1840.9602822344511
-1840.0450097337337
-1839.1496480946612
-1838.2433108020828
-1843.6203326549423
-1842.7335731201258
-1841.802014309431
-1847.2045740836998
-1846.2600751837208
-1851.6731918623723
-1850.7538770028782
-1849.8273170866323
-1855.2199627795949
-1854.280553020544
-1853.387791699572
-1852.459964904672
-1857.839845309481
-1863.1916628317445
-1862.2702431864025
-1861.3666485230083
-1866.7447944379305
-1865.8369114794862
-1864.876643639195
-1870.2497449997913
-1869.3660267279608
-1874.7321608298153
-1873.79032768553
-1872.869776162262
-1871.9379778617101
-1877.2275508234575
-1876.3617810070614
-1881.7215549020138
-1880.798478946574
-1885.988703215515
-1885.1925599181357
-1884.2865935645711
-1883.3453562628
-1888.4675649578655
-1887.7116709668144
-1886.8218886533505
-1892.1182777847657
-1897.2867678633513
-1896.5359140060175
-1895.6235531164507
-1893.6554030039117
-1900.2981245403487
-1899.4110430914889
-1896.946481951758
-1903.5496182692577
-1902.8114735722909
-1907.9719042363718
-1906.318058259629
-1906.2898006589087
-1911.613075479385
-1910.4576642294098
-1909.1440477413116
-1915.0652658775116
-1914.0885984110885
-1912.9784669134854
-1911.4591045163072
-1917.5563364812479
-1922.829741186223
-1921.7704416617432
-1919.7886917676478
-1920.0056409414449
-1925.3165265079738
-1924.2043964646148
-1922.4222316307573
-1928.7372746204437
-1927.7416468404456
-1933.381136211851
-1932.4479920526883
-1931.508400377239
-1936.6814535807698
-1935.8219258188076
-1934.8697235121751
-1938.8828413222095
-1939.0787888190532
-1944.4991612211409
-1943.5559565210358
-1941.7696824611762
-1947.7238579841344
-1946.8932890723202
-1945.9438838807714
-1944.3987693731967
-1950.5908217181081
-1949.477758893298
-1953.921433971561
-1953.8004509958382
-1959.2191554989877
-1958.2732506444556
-1956.1280355985666
-1956.3055030368878
-1961.6012801267457
-1960.4714568648562
-1959.155040669384
-1964.8138963148292
-1963.932441708365
-1969.552091200109
-1968.5888941513354
-1966.768638186711
-1972.7441554367579
-1971.9097124357206
-1970.8918528650622
-1976.1883185808344
-1975.145297415784
-1980.473484895497
-1979.5107566494519
-1977.9934822940656
-1984.1280415537465
-1983.0070474703712
-1982.1065303068167
-1987.4116763574025
-1986.3944631767417
-1985.3632880628738
-1990.1244997693443
-1989.6341770106565
-1994.9484424989225
-1993.9463750350073
-1992.9599180937223
-1998.463656401784
-1997.5536945818164
-1996.5156181418238
-1995.5371831626153
-2000.8135496759514
-2006.0793493740828
-2005.0784829042834
-2004.0547239849382
-2003.0453316527767
-2008.6444541915944
-2007.6386419554203
-2006.626357019823
-2011.8815530821503
-2010.8874966585508
-2016.1372919600453
-2015.1234419125817
-2020.3855494726572
-2019.3414599681214
-2018.701958699991
-2017.6531086931777
-2022.9291560221363
-2021.8775144737615
-2020.8415504816344
-2026.1316270665873
-2025.0653002001786
-2030.6951819858039
-2029.651216479853
-2028.632233459594
-2033.9006469915462
-2032.8340571987326
-2031.8310942610278
-2037.0784179189336
-2042.3210388118177
-2041.315939268528
-2040.5917826411726
-2039.5789525646576
-2044.8021425564664
-2043.7652774779722
-2042.7298306997304
-2047.9577134273854
-2053.217630605135
-2052.502764234572
-2051.480981249137
-2050.4400792517426
-2055.6639346971197
-2054.637298189027
-2053.9069767451765
-2052.8668663987855
-2058.1016899600118
-2063.3323103962853
-2062.295102533723
-2061.2283011608047
-2066.456093236026
-2065.752332493113
-2064.700800022834
-2069.9260512728965
-2068.867555924228
-2074.0928626402474
-2073.028569123969
-2071.9646781822853
-2077.5270152451994
-2076.4749364241775
-2075.4138629793993
-2080.6225476872182
-2079.5840594993106
-2085.1252402636474
-2084.085556710963
-2083.0206836504885
-2088.2122595661813
-2087.1516394592513
-2086.05613106076
-2091.2391600094165
-2090.5500771565753
-2095.747252615537
-2094.6974269306133
-2099.8986082691317
-2098.8208306532692
-2098.1078981044493
-2097.02372858438
-2102.2284076181804
-2101.1301972079136
-2100.0231394623543
-2105.5875086736864
-2110.779119384215
-2109.713318908604
-2108.622868411221
-2107.525241177198
-2113.093235780254
-2111.994569886347
-2110.906534182214
-2116.0909592487255
-2121.261099509303
-2120.1767225398426
-2119.066321507374
-2124.6329329772966
-2123.523379692147
-2122.422820040337
-2127.6182038372353
-2126.5050619678714
-2132.0671813537756
-2130.9552833021444
-2129.84212979335
-2135.0160539513217
-2133.8948372792242
-2139.4580477236846
-2138.334907603155
-2137.2214184771847
-2142.7485386104677
-2141.6479047759713
-2140.5347507408555
-2145.680874803257
-2144.571909483829
-2150.1093546844772
-2148.981719629994
-2154.162978135956
-2153.0208727034674
-2151.897810373771
-2157.4258081368
-2156.29974522557
-2155.2472745730934
-2160.3967554654223
-2159.182206896909
-2164.78620699069
-2163.5827661704006
-2162.470596742831
-2167.62925330566
-2166.4706664431014
-2165.741785510354
-2170.8674453915683
-2169.7365363362737
-2175.247880675183
-2174.108139552492
-2172.986494990812
-2178.1062731776947
-2176.9333473265615
-2182.4590121533915
-2181.3099155474824
-2180.186443376826
-2185.3051766141657
-2184.1458010200286
-2189.6838517608107
-2188.512571576027
-2187.377331833029
-2192.881375435644
-2191.7218202368817
-2196.8544131851318
-2195.678443745643
-2194.5189382120107
-2200.0358606893
-2198.853042700653
-2197.6998620971785
-2203.177827590004
-2202.0251548049623
-2207.148261859576
-2205.978817979498
-2204.828209109955
-2210.3090696836407
-2209.155949525902
-2207.9881898871517
-2213.480915365299
-2218.5914216911647
-2217.4040279598253
-2216.21885437767
-2215.0564057353326
-2220.5224265706543
-2219.355649567476
-2224.4685551146626
-2223.6457193720594
-2228.7547036277474
-2227.5634086008163
-2226.375450043344
-2231.501035758781
-2230.674851565571
-2229.5099279104443
-2234.624529794877
-2233.8113977881335
-2238.91625043737
-2237.7195222224786
-2236.9139899634724
-2242.002365478758
-2240.784414224682
-2239.5945468532814
-2244.679185101281
-2243.8618280894048
-2248.9438298168857
-2247.736409939257
-2246.92067219269
-2251.997499802356
-2250.7786259063973
-2256.277299807577
-2255.068007080144
-2260.148442841372
-2259.3524508037635
-2258.1483906212193
-2263.234597035745
-2262.02082709017
-2260.801010426295
-2266.2884189885285
-2271.341388906653
-2270.1385480430026
-2269.3184430421343
-2274.4043916641976
-2273.197028993191
-2272.348234558933
-2277.4029172579426
-2276.2061472677374
-2281.6098297328954
-2280.42703447098
-2279.2522321119714
-2284.7177724831595
-2283.486273198146
-2288.5136637193486
-2287.2608566110102
-2292.2973333115137
-2291.5293589662374
-2290.320971475016
-2295.394342376426
-2294.5213822793003
-2299.619510537718
-2298.3933284772975
-2297.5895103376633
-2302.596000680482
-2301.3911553553435
-2300.0712348550846
-2305.631455458202
-2310.654873410219
-2309.8449232218813
-2308.600832779643
-2313.6301048695495
-2312.831687746522
-2311.5408382094097
-2316.0513742056064
-2315.765831028808
-2320.7816488953677
-2318.993553170853
-2318.7153826732547
-2323.727039653983
-2322.5458183275614
-2320.95372612685
-2326.7255819336483
-2331.7640199157877
-2330.907144929596
-2329.6848457056403
-2334.6949009964683
-2333.888981860619
-2332.631971365298
-2337.4147161258115
-2336.851798636735
-2341.8733974549277
-2340.3103552506223
-2339.685503660288
-2344.8867543631127
-2343.669168971967
-2348.9944087058734
-2347.9111897532443
-2352.959919272141
-2352.147090195659
-2349.740762248475
-2355.89401083446
-2355.052635387726
-2353.4593474264234
-2358.785333642696
-2364.1477334005817
-2362.918198479265
-2361.619331737685
-2360.75392749101
-2365.7998023683167
-2364.17594403798
-2369.9384370934404
-2368.718528985917
-2373.308269068172
-2372.656178883914
-2371.612120160906
-2376.31055599888
-2375.7111525598975
-2380.904332841089
-2379.6100710991573
-2378.8300808539625
-2383.8071884707274
-2382.5289866526577
-2381.80847837055
-2386.78885514863
-2391.7661421767893
-2391.022268271921
-2390.1683192476607
-2395.286330445748
-2394.1088710574045
-2393.200777783377
-2397.6628805299442
-2396.988511505542
-2402.5501670348203
-2401.3446732915536
-2406.2912632072052
-2405.619627258187
-2404.339541041689
-2402.974835163793
-2408.616664703234
-2413.6522625154175
-2412.2555275206564
-2411.771612683646
-2416.416665100986
-2415.4450951645495
-2414.774051231234
-2420.160683262609
-2419.069591816887
-2424.190589870159
-2423.3125127372746
-2428.525278712609
-2427.2750987572804
-2426.5289312466593
-2425.266158153995
-2430.298628547705
-2429.6514845056563
-2434.6927814929704
-2433.405618380757
-2438.9153829947927
-2438.213431463076
-2437.0763915548087
-2442.2141294543985
-2441.418995629554
-2446.665908651167
-2445.475064950537
-2451.0619170179643
-2449.8532267499386
-2448.673546179262
-2447.411213023943
-2453.430413201732
-2452.305096096489
-2457.737170904204
-2456.5735986864624
-2462.0762393107484
-2460.7174019424556
-2460.1531021403316
-2465.419059621423
-2463.910363183992
-2463.282198490004
-2468.5637206026904
-2473.9050033080202
-2473.140365248958
-2471.8903453594316
-2470.9862444615806
-2476.520741147387
-2475.198198425625
-2474.529530098971
-2479.877042492918
-2478.8827900290726
-2478.380320848911
-2483.4369875945044
-2488.8909689555135
-2488.1171943606555
-2487.338560445361
-2492.817158899694
-2491.3785125773884
-2491.425901586594
-2489.8647692040136
-2494.7922834373653
-2501.096378238105
-2499.5663295373934
-2497.877762535634
-2504.3050879300067
-2502.2847245778958
-2502.114340669048
-2503.6158200075806
-2512.3332746589476
-2511.8251655854083
-2510.7502338047784
-2510.1096232826203
-2515.6598547719736
-2514.6302062181935
-2514.0238107778805
-2518.8685553096475
-2518.44880140063
-2517.4190472552127
-2523.106874875271
-2522.456542243851
-2527.7395506098587
-2527.008176236389
-2526.0095758812895
-2531.5860691169282
-2531.1249773219083
-2529.679222294068
-2536.120809091987
-2534.800501219516
-2534.105691466118
-2532.11594405505
-2543.3208402266673
-2537.2267814330385
-2543.0597682896782
-2543.1570405682587
-2548.6098408911294
-2546.19520805825
-2547.2575846700533
-2551.956049903844
-2551.8109131693764
-2550.4790061455674
-2552.9254984132376
-2556.121144574856
-2559.506048631989
-2556.7071463201046
-2557.9136235328515
-2561.911620397363
-2560.0874253711386
-2560.9972538076718
-2567.669538142105
-2566.2172854057703
-2571.187266229249
-2572.1741963676254
-2576.3490702425615
-2574.616439850183
-2575.1739780337216
-2573.4508427011524
-2579.516250102331
-2578.8835235146885
-2578.4509149161872
-2583.9317867726927
-2582.909047315125
-2585.137476103183
-2587.6097577644796
-2593.745591131929
-2592.6064319701936
-2591.4315612960613
-2591.3949818216784
-2596.4587857396878
-2595.6626699944936
-2595.414281165848
-2601.3674742445987
-2600.306794772397
-2599.2189897975954
-2605.259936991095
-2604.461061933174
-2610.312643483765
-2609.182525738595
-2608.64416341835
-2614.359621766924
-2613.536210304
-2613.000777368687
-2618.412650660235
-2618.3295082042146
-2617.1141842055094
-2615.834385577412
-2622.4459313344605
