-0.7687231247665954
-0.49500290754344445
0.7496275897804547
0.03550961606688671
-0.0019149165134989543
0.2507093946219144
0.43125354762559226
0.31689063002693324
0.02761227780279962
-0.03856645203964807
-0.02153919358550052
-0.004521105336687586
-0.15939356531563786
-0.7645671355176373
-0.9542173071625354
-1.1179983005565557
-0.3737856471357027
-0.24608698942097282
0.1765798910715117
0.25199354139412805
0.06473500325050358
0.0009742858175259216
0.10559023911935891
-0.0017534468119261093
-0.4910191953479964
-0.7941254534535793
-1.8305123725188543
-1.9290156316152671
-1.8339192657492889
-0.7787252200470295
-0.7544000867341992
-0.3321107127414837
-0.2001986472138476
-0.22021326639496164
-0.07442064907794796
-0.09801632022673505
-0.32155015080572613
-2.1670933891458755
-2.027929590199322
-2.047975561106758
-2.3141551702939043
-2.395636830126006
-2.2121948186130056
-2.096401819292551
-1.1948483412137603
-0.7561863102752827
-0.13249141231604394
-0.31503167204115734
-0.9602911266747186
-1.436657987193781
-1.5866314976372968
-1.547899057840936
-1.5332207237146225
-2.4115843807135375
-2.4333204486493485
-2.381383653224273
-1.7685752353377864
-1.824275564009094
-1.822533101424318
-2.3579817981915503
-2.4163719959443495
-2.5229128358773574
-2.470833845156709
-1.854692888590776
-1.907989462518527
-2.102431464568216
-2.1931130739478344
-2.0753755411080848
-2.0016156180216758
-2.1678520054812482
-2.6482387211535228
-2.57100316917768
-2.4395878092871657
-2.3781436887705185
-2.6893247314136977
-2.696301369157916
-1.7811896384151729
-2.179295559645373
-2.3569073395837092
-2.465144771818847
-2.3801540498332017
-2.3326847158969066
-2.6884500298262517
-2.838779361751316
-2.83329014212809
-2.7155290656193145
-2.710566375221207
-2.805490033105001
-2.8164040961421284
-2.8031487758778386
-2.852326388094139
-2.912746660802922
-2.8562973543081713
-2.8823949104178306
-2.870774966025064
-2.9424433521897737
-2.9142137017747927
-2.7613604609436417
-2.7861287105952837
-2.8736120607009665
-2.8876980846188034
-2.870828877924543
-2.876900928491074
-3.0258969823399635
-3.2016984847813803
-3.0299930329030467
-2.950679871071003
-3.1264462489804346
-3.1725414250836614
-3.0436196018873263
-3.019532285042856
-2.978009556417862
-3.0538009828002846
-3.248611173949514
-3.3072534981705908
-3.3308584367583265
-3.2841686505803023
-3.3115998049770647
-3.3655918313507254
-3.4521315152475314
-3.5899830464027858
-3.4352027150614863
-3.4279239887970756
-3.4650311277692585
-3.5165051733824124
-3.5413958311419216
-3.4992092132844617
-3.7072700575197524
-3.6190758187255008
-3.5464236397029305
-3.549244796774493
-3.8674652644097396
-3.654777181438162
-3.9498257561263004
-3.895417078756193
-3.8198553437881526
-3.8286851578282284
-3.9556403013685735
-4.097030130232684
-4.176200740887475
-4.302201971684956
-3.867980431904085
-3.975874060311793
-4.0473890353454305
-4.5953437424408445
-3.807010527829127
-4.220924379378485
-4.116583584280639
-3.955588470202233
-4.129692718534233
-4.190261710655252
-4.910197104281168
-4.082920352569
-4.452210239077103
-4.41776080784545
-4.437744373945764
-4.149988413438994
-4.40761256302944
-4.4623406823749105
-4.4575346763170405
-5.555576689878633
-4.529223381750827
-4.61677339215596
-4.671275353588595
-4.791744480448577
-4.78104307292428
-5.153791732666872
-10.795719636961575
-10.736217777528328
-5.444398179593304
-4.853931255834083
-4.6509200597958245
-4.585368514492816
-4.880224771723221
-4.938503061367293
-5.187033179283304
-5.193185400415101
-4.742256093330585
-4.86008901779375
-4.940213252049456
-4.9004093745304145
-8.648279172385
-9.723967913616436
-9.318633418622545
-8.490212653790566
-4.993443028191362
-5.085135901590041
-5.195591254425018
-11.517432358963987
-11.455733342984571
-11.564311116364564
-10.365211177105696
-5.346663153133001
-5.201705939070142
-5.249840855358779
-11.810684239278013
-11.84264922735997
-11.691213472990723
-11.561380131504377
-5.559457984966719
-5.707976619408978
-5.607151250784682
-5.503004417388449
-5.5144399266598505
-10.489228423414744
-11.764139230270795
-11.717884318791263
-11.840568850051758
-12.06069122603996
-11.150361091699867
-11.709409441371047
-11.795029821908502
-11.33638459450231
-12.027088626852612
-11.70793392948842
-12.375374090111208
-12.5807863755702
-12.677731214824078
-12.747185118257613
-12.81455042523492
-13.022142852805821
-13.100599638095565
-12.518422581092228
-12.550397476222129
-12.671438780294492
-12.864338459105566
-12.973129714402985
-13.05443244331412
-13.236933852496957
-13.430896893501233
-13.342007900099695
-13.069882800090971
-12.936246522362136
-12.860428028338276
-12.819408072385889
-12.946584315479237
-13.031910479689602
-13.340311976350884
-13.90361756221488
-13.827981738263002
-14.154959994361157
-14.766394817029758
-15.58186471727512
-16.592369110311516
-17.65948504275235
-18.260224971909004
-12.4246139971635
-12.91980128641989
-13.308786518844034
-13.638857609864472
-14.008481377615063
-14.438025867870266
-15.256954059053124
-15.772223091857558
-16.22811395600785
-16.758661567960534
-11.219679775006584
-12.181595912797057
-12.690060222459048
-13.076816291324523
-13.518416072259482
-13.992912072832869
-14.461823480374207
-14.899696582698814
-15.278461939531168
-15.637806243474465
-16.007121554041316
-16.540669317761616
-17.60486842050169
-18.826661886323816
-19.688370647131304
-20.430099337993937
-20.66997720426697
-20.367808492555643
-20.056509409262848
-19.949113800798358
-20.17397709148175
-20.52094715268764
-20.895242377933457
-21.25320646306971
-21.600602408058553
-21.967338159006744
-22.419257854928034
-23.002120287987466
-23.738603292391193
-24.274784530985546
-18.766530989335422
-19.91986103809216
-20.701665212756808
-21.112562747225645
-21.421884143857138
-21.594171224698496
-21.293775171608115
-21.21708566400496
-21.008485394253547
-21.264271631400263
-21.6569910693922
-22.103927700206093
-22.569667497949595
-22.95199251974398
-23.389635119743193
-23.82427875691039
-24.244818914060417
-18.619680173596482
-21.25893061668533
-22.275866688638548
-22.47859544335443
-23.489949867618186
-24.379234697251327
-21.680432252379088
-20.58385631390522
-21.199949683430567
-21.711172445452526
-22.2173169458929
-22.755249825984365
-23.14557571624907
-23.418518674956584
-23.533760254866284
-23.435814825601796
-23.278826711169938
-23.30292199257388
-23.532822767496203
-23.961715982829293
-24.504484226948147
-25.057547326230935
-25.636083104884065
-26.26367797835945
-27.04394291174305
-28.130504060389704
-28.951897461422668
-29.35955801594618
-29.80222842195747
-29.135124401106346
-28.62802425509521
-28.887706058477455
-29.27435310169362
-29.643734208034914
-29.986406347783657
-30.33189545097565
-30.707591978673246
-31.011015797743113
-30.946633956294775
-30.704587980103657
-30.8731582175574
-31.26255192451109
-31.63912826518078
-32.007133520305636
-32.43381210870307
-31.84935850267642
-30.409304429831476
-30.330623082676713
-31.078408032219066
-32.03269619673884
-33.038756818459014
-30.970424557459204
-29.660380092609483
-29.50883710621765
-29.899952953245872
-30.418117842884357
-30.904737185286344
-31.182317360829877
-31.215698928942412
-31.13188775954507
-31.232413258109407
-31.373647874425615
-31.60668633394168
-31.933343311761703
-32.27094756382179
-32.651543287293045
-32.970406387583616
-32.977847999376166
-32.78584802276146
-32.89550329239054
-33.24535220738413
-33.73248578577611
-34.13507728312307
-34.526160958849424
-35.12054537877111
-35.682311914784364
-34.78547973570784
-34.41996428300768
-34.60156623877025
-36.050422972035726
-36.57609369115163
-37.10297624297024
-37.61263574436526
-38.01348976753606
-38.356459464597215
-38.61850231150722
-38.01525614070472
-38.159828926293564
-38.30692267047113
-38.594419046445005
-39.01657016623164
-39.70349236384504
-40.12975902219748
-40.44791657361205
-40.454648487356636
-39.83533557461909
-40.076355028606415
-40.63115066672865
-40.86269870614168
-41.160916428650346
-41.71733460488689
-42.304718797310066
-42.02559565937773
-41.58638019708261
-41.740252139751156
-42.300095732387355
-43.05801354408928
-43.46985380630063
-43.89795286714366
-44.38572030431215
-43.86286689547358
-43.54155285839783
-43.748717147765774
-44.242989159618865
-44.99526128114934
-45.384615058248286
-45.85902941970689
-46.266648051060336
-46.18712990212351
-45.99444096703302
-46.439148755335125
-46.36182373400055
-46.650249455958765
-46.99763175077339
-47.357201095694876
-47.68997586525342
-48.236012584040786
-47.64477734926661
-47.6107770370489
-47.9002731690254
-48.366630052252304
-48.91642758972857
-49.358562801452784
-49.61472226472403
-49.60326984609592
-49.28269272800278
-49.45119696675808
-49.74189291089033
-50.194910750602126
-50.66463076714908
-51.383396655345976
-51.80991296110414
-51.302325032844585
-51.17485484974927
-51.891932223723025
-52.07252464912568
-52.393286088248544
-52.73259703537575
-53.036362456913054
-53.26461507309665
-53.23923189706408
-53.12215567363777
-53.18307533330469
-53.44487195874849
-53.828197021443565
-54.29810401870015
-54.608598468274366
-54.696735887683204
-54.54393533639263
-54.56908370452638
-54.78656167776151
-55.10956631877144
-55.398574788912626
-55.686027995264006
-55.69827546407107
-55.56112969583696
-55.57892698734075
-55.84069993709496
-56.24202251375063
-56.68350301378717
-57.054144772285134
-57.08576439072332
-55.93626858119054
-56.86008442697582
-57.37381502875792
-57.95435786075495
-58.38605863228338
-58.76877443206177
-59.10982652907864
-57.616317183972825
-57.872864488320374
-58.268592372779054
-59.24902749691246
-59.894081187335594
-59.00664902493747
-58.96958435695232
-60.71670180935799
-59.32945252161277
-60.68296352365623
-60.90481863455745
-61.23962131786294
-61.585069247323204
-61.78113028511394
-61.6299043782522
-61.53408026263004
-61.689361967438266
-61.921586876480355
-62.15206025940639
-62.41837399247879
-62.59220936250214
-62.505054342164726
-62.43180567963005
-62.68649009230729
-63.08120757702395
-63.46457597571522
-63.64793042370486
-63.60137826207693
-63.579245553228255
-63.69528490746306
-63.792695323743345
-64.16070110365295
-64.37938970596299
-64.43593380188354
-64.23072289666452
-64.24609596925727
-64.4796949605071
-64.77678670563724
-65.09900797158258
-65.27578886272045
-65.3322035059613
-65.16743274312961
-65.29210729862075
-65.71689997778215
-66.323185438211
-66.79656504815877
-67.03153356881523
-72.95170160081162
-72.95627620461696
-73.20701518903215
-73.538426572797
-73.77932158989297
-73.94862359777959
-73.93827468387019
-73.60000948650587
-73.77116635947982
-74.16652430661802
-74.67003748375781
-75.3176018992962
-75.67643512517283
-75.31366248528717
-75.26710448626135
-75.55956211004434
-75.88398651598837
-76.14859253300561
-76.30800534735988
-76.24728727964705
-76.11933314297637
-76.24982248766251
-76.51729743565329
-76.76292816827693
-76.8958344959047
-76.80342509210614
-76.76809592555081
-76.90511006439081
-77.14626990662119
-77.41605715572278
-77.7029560284353
-77.79147760851488
-77.65421986465155
-77.7298216634227
-78.0303300302678
-78.36540897625035
-78.5646337945454
-78.5211904600776
-78.41909461198703
-78.48062321635392
-78.67125546765699
-78.82573010798521
-78.900826187019
-78.81959078896087
-78.77365725529583
-78.91777509566158
-79.14176266011826
-79.38269106551745
-81.86787425761113
-85.78578835093991
-85.81399488074095
-85.99974826254861
-86.15137437829274
-86.52945521440303
-86.66906760496472
-86.58475895931207
-86.5133212827679
-86.67839188982634
-86.96638291049787
-87.2048902177327
-87.2909839322521
-87.19929229010312
-87.17420306312007
-87.3476368829117
-87.6351285667859
-87.90164431085745
-87.95571224534342
-87.69052511271502
-87.65535853078217
-87.98436842756601
-88.4300516749676
-88.59392076665553
-88.58450398345555
-88.32149018492322
-88.50517471357821
-88.79212231551973
-89.11019407510159
-89.33528553906697
-89.29851620488765
-88.86163944498801
-89.07680383178372
-89.4272085502851
-89.88967503974682
-90.45232649098922
-90.53881202551857
-89.78901236879516
-90.1160904880792
-90.64546917992631
-91.1137688066823
-91.27790444639707
-97.27972476399688
-97.18889835167774
-97.41692944364264
-97.72390921908863
-97.94258620290229
-97.96373246810843
-97.77471651563008
-97.77728408115053
-98.0179537870606
-98.29588764636827
-98.49865840741383
-98.4656827881769
-98.43261159290212
-98.59962138621546
-98.86837431291502
-99.1762523738799
-99.40595037401269
-99.35271318765612
-99.2194186300425
-99.30489763022948
-99.55302622521317
-99.7800964383883
-99.76700759222065
-99.63327491788554
-99.70071076188972
-99.93746172410113
-100.16676140167648
-100.25753946181831
-100.1828870027083
-100.16314383281704
-100.32403914025988
-100.55838734954358
-100.76895431293497
-106.98744924844507
-106.91687140853077
-107.05732287678988
-107.21511335562825
-107.32720614987329
-107.32632629224844
-107.28927272164923
-107.33732132001653
-107.46804669208764
-107.6165745579165
-107.7140071135747
-107.74641560194237
-107.69888992470288
-107.78388105774202
-107.99008869717632
-108.15468432439769
-108.17228697244266
-108.12236637138443
-108.17594523224284
-108.3472217955578
-108.52193066459061
-108.55961716893616
-108.45429965751937
-108.4246810483467
-108.59271553139736
-108.813014805115
-108.88315610324679
-108.74848190537516
-115.02814654706141
-115.11711568081863
-115.29686396000356
-115.34179309052443
-115.27301796788767
-115.25564212642081
-115.36780037032031
-115.5271454653006
-115.62836034118828
-115.57718466618586
-115.5110908467259
-115.65917168613356
-115.87997487667262
-116.00428973987545
-115.92326688560937
-115.85851406815347
-115.9709910688468
-116.118718695267
-116.17577442019149
-116.14493484023566
-116.143182294861
-116.22388844333986
-116.32740312527909
-116.4137524636656
-116.41724902023068
-122.66438146961748
-122.77734889746529
-122.85195253997132
-123.01838437892033
-123.0731587852777
-122.9860615438438
-123.03482185360436
-123.24818801193257
-123.3471586767275
-123.3568308662443
-123.3058344959996
-123.32772204208786
-123.42591048425287
-123.52547337469049
-123.53560439837511
-123.48441323173044
-123.49803882829214
-123.62268883598283
-123.78049754502578
-123.83640307414052
-130.0429227696921
-130.03829472526752
-130.19917095228453
-130.38803452569243
-130.54866872987634
-130.35261160000374
-136.66818346738498
-136.79289692580502
-136.8786503399297
-136.876806226966
-136.78408975642543
-136.82212312685078
-136.99089071632727
-137.11158493776338
-137.00880723471815
-136.94291429172569
-137.03458520987934
-137.1822424578389
-137.2883951850547
-137.30704602809033
-137.2837835777327
-137.32537794827766
-137.44366809080628
-137.55915947981902
-137.57861266651457
-137.50237632550431
-137.5410379762847
-137.71261949777224
-144.0263295185243
-143.96356619151192
-143.95895016181026
-144.0559365516066
-144.17516213305672
-144.19238369957262
-144.1620097039845
-144.1431723081678
-144.23223537321317
-144.36928861416766
-144.46975215291812
-144.47315309387693
-144.446104522848
-144.52125523412136
-144.62459651481444
-144.66314312616962
-144.6245616132682
-144.62830729090462
-144.69890145175367
-144.78715245294683
-144.84765689598612
-151.07450373755927
-151.06773043512482
-151.16737820869517
-151.324801100542
-151.27357177755346
-151.1854173009755
-151.24377258507525
-151.38423981583855
-151.51405824737702
-151.49241734750572
-151.46453312336587
-151.69584446580402
-151.6287794621721
-151.65468645657452
-151.6361865493388
-151.6338857518294
-151.81368383636544
-151.75889919493727
-151.81701160990508
-158.04570820608268
-158.00908690816428
-158.1755033618074
-158.32938955726473
-158.31602709709009
-158.22376381304628
-158.31071783212442
-158.4106986788467
-158.5079375916665
-158.47624527056195
-158.42848687451854
-158.50196649677196
-158.6021075399159
-158.63528586855207
-158.5709985756193
-158.5563834229172
-158.65820889874314
-158.90718430382637
-158.74107178635592
-164.96381939964462
-165.00354951944612
-165.17298927099876
-165.2894113136587
-165.21531151906527
-165.15196138881004
-165.18228093305635
-165.33145041402702
-165.37432012688933
-165.33112905894112
-165.26376179768096
-165.35132930021916
-165.47744703753744
-165.45408949667282
-165.37140514568458
-165.4177804061237
-165.5912524882631
-171.94124282421913
-171.83690782226182
-171.8043844211592
-171.8923164546958
-172.00107167368188
-172.07863722762553
-172.03226355311577
-172.00248152445644
-172.04306355489769
-172.14043489118183
-172.14167100270652
-172.07651422017136
-172.09833465995223
-172.2051026830861
-172.26852003753106
-172.22199051933063
-172.19542301240463
-178.54440754708682
-178.67049408901877
-178.63301503702283
-178.57610881930913
-178.6069018497549
-178.71312275784175
-178.77634813730177
-178.73836253973198
-178.71584605843202
-178.7950288265295
-178.87858715388683
-178.8887297405724
-178.83875374552
-178.8555830774698
-178.9296912397275
-178.96129564449342
-185.2473675367071
-185.20826886757484
-185.25125630273243
-185.3316775951441
-185.30391491570012
-185.30523613293315
-185.32117654958606
-185.4146996523086
-185.49199414544526
-185.44397319474726
-185.40907671875166
-185.4538163667558
-185.55388964300943
-185.5827725841931
-185.51500185562003
-185.48946429051264
-191.8785244991889
-191.94041714614752
-191.87974257067017
-191.84175358539045
-191.8962285823337
-191.96998517590217
-191.93879167999253
-191.96125461972332
-191.96175723887828
-192.0268346259976
-192.0658095078652
-192.06752622905148
-192.0374794315456
-192.07290479502595
-192.12614247826485
-198.4284986098266
-198.38912913873577
-198.4012611312841
-198.46622026807532
-198.5132371050091
-198.47374080869074
-198.44891142105234
-198.52289997939272
-198.56054405899062
-198.5464401193898
-198.52490743976298
-198.5488068987503
-198.6095862311229
-198.63274217607218
-198.58779680523136
-198.57077036407617
-204.91060083562115
-204.9883300081437
-204.9688482351393
-204.91766298134735
-204.96644457805925
-205.03317052511093
-205.0068362295071
-204.97843233450672
-205.07535964224974
-205.04561980414465
-205.08798774276704
-205.06876085492175
-205.02458804489308
-205.05830117876917
-211.39591453799105
-211.41641960748854
-211.36851564836866
-211.382175015636
-211.47077569572062
-211.4698572764748
-211.42245812902493
-211.4121688193286
-211.48251228742149
-211.49457601493089
-211.46469964097406
-211.44674559640572
-211.48599642291697
-211.52740589494908
-217.8370700960884
-217.79190539610155
-217.78102499965556
-217.8620724763554
-217.87061861837222
-217.8246878587739
-217.81832869574848
-217.8668421708913
-217.88449395867147
-217.83520528360935
-217.83024897299265
-217.8786909213428
-217.91855975809128
-217.89505673141633
-224.1820576721842
-224.19370681618344
-224.23507981245692
-224.26684305995406
-224.1942196314027
-224.18151835666825
-224.25704500238228
-224.26048273542568
-224.17920976440527
-224.15133937026152
-224.30415495640955
-224.35931579853457
-224.2096801060633
-230.49672585783028
-230.58404643531358
-230.6152890394473
-230.56882488214606
-230.55625443831832
-230.5898485547098
-230.60520544234407
-230.5700139232768
-230.54335170434925
-230.59659284688598
-230.56680077057158
-230.5753427782937
-230.59523511072385
-230.50677430992945
-236.87966683406816
-236.92959898540522
-236.87161659133406
-236.85348341598757
-236.91515427325618
-236.96839304114573
-236.89258009784967
-236.85071398239575
-236.87934288680512
-236.90920613016564
-236.9367565813637
-236.81211442484292
-243.1369375198241
-243.17309592966657
-243.1531236466728
-243.09560826978907
-243.1259943710731
-243.1916224608366
-243.20034710450759
-243.1785361491462
-243.11827429962588
-243.18808041373913
-243.256489563196
-243.1206018129061
-243.0996757332531
-249.44881812292556
-249.45707122628502
-249.41387181458668
-249.3870655534375
-249.40240541482885
-249.41553894141288
-249.41825542151145
-249.41976049801968
-249.3643973325022
-249.48893275016306
-249.3938579057707
-249.31091895153367
-255.59973862796792
-255.66777043399526
-255.65249439677268
-255.55381180829758
-255.58570354502555
-255.66334331019974
-255.61713280256006
-255.56614099314248
-255.57053038725869
-255.6088529783238
-255.62062503996674
-255.6164778812752
-255.60968734418643
-261.85538197876235
-261.85721981207354
-261.78508549692503
-261.7845296930024
-261.8349783875625
-261.820598925777
-261.75722545340716
-261.7191653999498
-261.7690189774166
-261.87162230401543
-261.7449335447187
-267.9761004057437
-268.0170818943356
-268.048537238443
-268.0027454618832
-267.9401509024452
-267.9690768528377
-268.0092658328422
-267.95741737156675
-267.8869382263825
-267.91957125481997
-267.95682699375163
-267.89641608391287
-274.1164061125654
-274.17989618826203
-274.2145866187013
-274.1401701046126
-274.0980914721864
-274.12280674799354
-274.1521988834208
-274.1040219740535
-274.0570694110004
-274.0565368761445
-274.0838529511973
-274.0619678706525
-280.2770275610344
-280.25796603588486
-280.3023841869669
-280.27099727175437
-280.2285613449492
-280.21424229883564
-280.26805007929954
-280.22076056938533
-280.16578994675143
-280.1942433894128
-280.2064916633973
-286.44679627522095
-286.4136833807886
-286.40747483774675
-286.39350969568915
-286.4027335080668
-286.32901898621367
-286.32131219392534
-286.34774019075326
-286.32795304740864
-286.26130472502626
-286.2698310250888
-292.6001296227287
-292.5672100277701
-292.48120975485733
-292.49711978425717
-292.5227113608803
-292.4400939165403
-292.3620946307254
-292.40485256332227
-292.4120018776245
-292.3448522128903
-292.3145413432792
-298.63361067161696
-298.6497366607534
-298.6064058644316
-298.54911236089634
-298.55627314976726
-298.5583015536304
-298.4948624914701
-298.42837530862454
-298.4567989878862
-298.47133050456836
-298.36801898419856
-304.6256124660643
-304.6652163305228
-304.68674548680383
-304.5853714272566
-304.55339199177354
-304.5806062649614
-304.56944892970563
-304.48536113421477
-304.4573558604672
-304.4742719960217
-304.4667745491942
-310.67313777438767
-310.6450725268651
-310.6677326637264
-310.6761045912127
-310.5852893473142
-310.5424225391475
-310.58213444743654
-310.57169651692635
-310.46358512429333
-310.4595127504765
-316.7898236993295
-316.7226855075826
-316.6411156032743
-316.6510653058842
-316.6645330156154
-316.5844669367939
-316.5349918441177
-316.54781355717097
-316.53335807533057
-316.49515330196397
-316.4617281047441
-322.73655499928265
-322.70365679588605
-322.66193492703115
-322.6032114973324
-322.6151543320613
-322.6000563933821
-322.53019983277585
-322.4767469449243
-322.49923994895755
-322.52158618183796
-328.70002407644023
-328.6587067958892
-328.6896976587091
-328.6592094129604
-328.5797345820147
-328.5607994264836
-328.58089534282317
-328.5067932163411
-328.4360720568949
-328.433902158007
-334.7485236798797
-334.65285475508415
-334.5794907973344
-334.59604308297827
-334.60854008603576
-334.52059527253334
-334.45434372371085
-334.494572601922
-334.4787030530624
-334.3635217626765
-340.61345948644197
-340.6567455166538
-340.578423045975
-340.51285273852613
-340.49018155827946
-340.49266507437187
-340.4191478629335
-340.37711204776195
-340.3564836011894
-340.34127379831835
-352.89540812716336
-340.2677684916146
-340.2033322025695
-340.21799315043444
-340.15060709464063
-340.04849565212805
-340.05729013631185
-340.06385410658146
-339.99543133736574
-346.19433123601885
-346.247726003081
-346.20129569896955
-346.082930589988
-346.09273082089044
-346.0923020873631
-345.99547026905594
-345.9332238408661
-345.9375276486022
-345.89132250999774
-352.0974581549388
-352.04801597623936
-352.05941235269916
-352.0395892382743
-351.9597821850893
-351.93731368473175
-351.90188576968
-351.86908327809743
-351.76208716557096
-358.01998712504184
-358.0228265731626
-357.9427941359132
-357.85917955855155
-357.8628128503815
-357.8386286086527
-357.75520590045153
-357.7303632410597
-357.68603040143046
-357.66098830864144
-363.8624511150561
-363.7933978464748
-363.79981205071465
-363.7506552609683
-363.63894218857854
-363.6171017758718
-363.6259815643431
-363.52079463386855
-363.46400754629366
-369.75101895601017
-369.72937427900695
-369.57822468570834
-369.5694728844806
-369.58520637035656
-369.5135357216983
-369.4147896371441
-369.40014633683995
-369.32887579345964
-375.52663022562757
-375.51331046035943
-375.46357419285727
-375.3922797658139
-375.34759643863555
-375.31112081840377
-375.2580726634524
-375.23356745569544
-375.15698666971014
-375.0702124038166
-381.33989372256514
-381.274939727232
-381.1484121314403
-381.14674350822395
-381.1578993944428
-381.00573592296433
-380.9553265256991
-380.9794962763795
-380.884822944842
-387.03628543758686
-387.0456981431773
-387.0423894074068
-386.88602367377655
-386.8408776232945
-386.8551953103551
-386.7631435648483
-386.6505248299587
-386.60555746990116
-392.8704029163683
-392.76632909035993
-392.7109725671196
-392.6960399136913
-392.6251871158111
-392.54873607639666
-392.47165196415534
-392.4328618078675
-392.3345398458071
-398.5437718811851
-398.4999482041089
-398.4294108155403
-398.36001615415415
-398.274225505233
-398.2148229048131
-398.1758219983532
-398.0791499503631
-404.2589233037221
-404.23272285011507
-404.17557864213956
-404.0202405497401
-403.98013965594146
-403.9713314921473
-403.8170292621591
-403.7205898075776
-403.7468290531206
-409.9143196186734
-409.7647263971121
-409.77385347953344
-409.70235304295085
-409.5316405441419
-409.4989024024954
-409.4653310463679
-409.32781695825423
-409.25859492400195
-415.5139719284209
-415.42181578094045
-415.3234352113729
-415.247788322724
-415.2035162988962
-415.10599658996097
-415.03268842344596
-414.9450761808877
-421.14856975085877
-421.04583167764065
-420.9583210804615
-420.90876886207167
-420.8350941842877
-420.7137018255139
-420.61716478892885
-420.6202797025144
-420.51956453278956
-426.68321111602575
-426.65222407082433
-426.55759605929313
-426.426371934
-426.3700843003422
-426.3161836171008
-426.18636568229357
-426.08194562552706
-432.33067452610663
-432.2555160292674
-432.13025188191693
-432.0781539103895
-432.04797623442875
-431.86816147662563
-431.7857480790313
-431.79065984502887
-431.6551960157134
-437.79816861021504
-437.77651603369077
-437.6849012520464
-437.54368358237923
-437.50846303189434
-437.4601052468753
-437.31783049170554
-437.2509102897608
-443.4790551795405
-437.0975906302213
-443.25015797126576
-443.18123786127103
-443.10793313740356
-443.02333316615415
-442.9313272275657
-442.8419488117741
-449.0697361947518
-448.9941907327799
-448.86512407213604
-448.82180967933624
-448.7110965561544
-448.5776940548067
-448.52781592301193
-448.4709524469476
-448.31669366902224
-454.52476088501703
-454.4976217732818
-454.3556484440771
-454.2499404968832
-454.2171407080541
-454.08936008984386
-453.9370807645125
-453.90355011688644
-460.0680421545314
-459.9484981227989
-459.8829138783
-459.8146908919682
-459.67533363412633
-459.57419654922177
-459.5129489477228
-459.42183505309373
-465.5619567756285
-465.46642796211523
-465.4243612711399
-465.3118082152977
-465.1860928595725
-465.09258014677704
-465.01613720650323
-464.8867694823236
-471.03679979230066
-470.9609367005108
-470.8467665788166
-470.7479198880715
-470.6623630833758
-470.5528544419512
-470.42575851797613
-470.3467941466008
-476.5493496641765
-476.39771081334834
-476.3131817120344
-476.25807090751425
-476.0851330669062
-475.9773631805504
-475.9446334123474
-475.7991140356718
-481.9537945901655
-481.9144176351487
-481.7979958568912
-481.6354404894966
-481.5703312127743
-481.4659227942583
-481.3199580251933
-481.24410532741445
-487.3865553342749
-487.31899213482257
-487.2156582335496
-487.10390859985216
-487.0311065803009
-486.91947379236905
-486.77248115311835
-492.9922698690314
-492.8852430534386
-492.7139862020583
-492.6442265625117
-492.54402318925554
-492.3581942117467
-492.2786760224653
-492.20325364575757
-498.3022877539527
-498.2014698034525
-498.1264582831586
-497.93416301392426
-497.80861794390347
-497.7168706409069
-497.56277033136655
-497.4385921124409
-503.6388164170906
-503.4681480884091
-503.41243819091204
-503.290160471228
-503.16980683026645
-503.02092331017184
-502.88575529528924
-502.7872925659511
-508.9514315294642
-508.80593706138575
-508.7137165273444
-508.57748479314574
-508.41390091247945
-508.3220884980578
-508.25904501972946
-514.3948653296411
-514.2555231956633
-514.1761410662765
-514.0351931437912
-513.8570833705838
-513.7810379733346
-513.6522884821893
-513.4905557922044
-519.6763034043539
-519.6299029450961
-519.457718486757
-519.3480063904998
-519.229506755418
-519.0764343157628
-518.9515591388725
-525.1660363918726
-524.9741211525368
-524.8902033987006
-524.7358127293744
-524.6348731718655
-524.4722752366007
-524.3623829353751
-524.233454744064
-530.2948625151698
-530.2186943105656
-530.109373875068
-529.938102314264
-529.8525231431971
-529.7395738687452
-529.5962527687901
-535.7208901140968
-535.5930362066333
-535.449575849501
-535.2788912199483
-535.1952985568519
-535.075086297411
-534.9504898219942
-534.8029558489072
-540.9419802124295
-540.7548356343616
-540.6116136756565
-540.5868441369294
-540.4148653669507
-540.2357501587289
-540.1299714712477
-546.1889580776792
-546.0305508627252
-545.9974257585982
-545.8218815393561
-545.6838744635713
-545.567940738791
-545.4188620537524
-545.2556881505559
-551.3920384875687
-551.2697664678535
-551.0780123929375
-550.990713284714
-550.9036182500304
-550.7233895497255
-550.5918266955329
-556.7080211205787
-556.6004562091712
-556.4252148556172
-556.3327244497168
-556.1736435447216
-556.0030200308594
-555.86960278944
-562.0126826530419
-561.8404928425277
-561.6735897218001
-561.5573254454831
-561.47059207103
-561.2859050711074
-561.1791542417469
-567.3052847126669
-567.0903560359649
-566.9932220739724
-566.7903674121305
-566.651676335185
-566.6080361043804
-566.4131785216673
-566.219455844044
-572.3738881803306
-572.2808900651524
-572.0749389899458
-571.9470701267327
-571.7699646491882
-571.6282134930401
-571.4906593547271
-577.5426586078277
-577.4822865397415
-577.2689969695375
-577.1593287720414
-576.9891096084889
-576.8115477102193
-576.7056822886758
-582.7460794878733
-582.5234956707105
-582.479350350881
-582.2755830903322
-582.1314599167808
-582.0116454414418
-581.8545084152563
-587.9416077166463
-587.8217904005346
-587.6820341854145
-587.4032467575042
-587.300890118329
-587.151837287694
-586.9761402572458
-593.1431488906227
-593.0095560791272
-592.829582894
-592.6797966134061
-592.5266144848614
-592.3343179564594
-592.1871556309432
-598.3597502393675
-598.1063795885779
-597.9520063468052
-597.8775612023433
-597.667537236952
-597.4829878624236
-597.3459502153595
-603.4047266313868
-603.2119263764938
-603.0469290666539
-602.882531796195
-602.520977515881
-602.5876760301435
-602.4153289736294
-608.4865254349595
-608.2843884581147
-608.1778932848197
-607.9850942128197
-607.8628798822001
-607.72784197647
-607.5130609364663
-613.5658661350493
-613.4811549873455
-613.239374646234
-613.1498568140328
-612.9978652146601
-612.7415806615778
-612.5969302088714
-618.689006100853
-618.4510180029692
-618.3389000935482
-618.1312414120129
-617.9505783589589
-617.8256279084715
-623.9192007237878
-623.6628614506365
-623.548293283495
-623.3923795030812
-623.1913305195407
-623.0233864988958
-629.1863772975288
-628.9817039838534
-628.8098882521645
-628.645200265406
-628.4141538968614
-628.2371572770985
-634.3763265913974
-634.1550624809487
-633.9823994126132
-633.8243057886126
-633.6016821002942
-633.4167426108343
-639.5115954619706
-639.2732747463712
-639.1482588841126
-639.0132195833291
-638.8247671262822
-638.6176985590829
-644.6910152948163
-644.5194409128908
-644.3122588143248
-644.1758328528484
-644.0102651077772
-643.8133527251252
-643.6190064892936
-649.6467958204341
-649.4722185228678
-649.3062388920506
-649.1145123331252
-648.8980491936672
-648.7458404364879
-648.5184591689274
-654.6038977607997
-654.4563653162088
-654.2271115766769
-654.0864778081728
-653.9222359446776
-653.712655455363
-659.758648524793
-659.5627534883671
-659.3434500870204
-659.1613666294787
-659.0117911441384
-658.780733457434
-658.6181035347879
-664.6896034207554
-664.4778976394057
-664.2895951834773
-664.1210003698098
-663.8886045147559
-663.693780481722
-663.5350901802218
-669.5617834828291
-669.3787391492067
-669.2234905306012
-668.9880019760614
-668.7735334501905
-668.6128615169955
-674.6455468769002
-674.4670550852644
-674.3003454307188
-674.0478261726954
-673.8734513081986
-673.7086454751163
-673.4356892323372
-679.5706875047307
-679.3597645549538
-679.0954761475585
-678.934195060686
-678.7004079648353
-678.4410318832493
-684.544541915499
-684.2918869399646
-684.1178489349882
-683.9055303717079
-683.6987256116748
-683.4344855045323
-683.2985484515148
-689.3640881549292
-689.1466377413363
-689.0031320307663
-688.7782547506706
-688.5238303258508
-688.3382760254018
-688.1108692529633
-694.1433746222683
-693.9909640943035
-693.7179593319763
-693.5373826951565
-693.3515300786208
-693.0926802515052
-699.1825281085547
-698.9680385090882
-698.6853293647727
-698.4999394562926
-698.2678850939466
-698.0082603214144
-697.788369604235
-703.8581436776931
-703.637071778858
-703.434985706981
-703.2665225620246
-703.024106525372
-702.8385261321982
-708.9006901543255
-708.6348789667918
-708.4296458584085
-708.1837835064334
-707.9292666948985
-707.727204185422
-713.7726593404309
-713.5226677307016
-713.3728373112782
-713.1396329838852
-712.8764830612091
-712.6984732538489
-718.7103335588631
-718.4777116571397
-718.2826575458141
-717.9651338137015
-717.7645362976735
-723.8631289588205
-723.5627234997866
-723.3913289836888
-723.1360129298049
-722.8801606855048
-728.97917557252
-728.6956006224041
-728.5074286777343
-728.2939552181534
-728.0359384277886
-727.7795637466268
-733.8332966464059
-733.6146633113614
-733.3720879997862
-733.1610364616993
-732.8970426060697
-732.6461607518786
-732.4186895338299
-738.411731337184
-738.2096276105407
-737.9813064281464
-737.7115910320427
-737.4666892809003
-737.2225225944183
-743.2600873753792
-743.0347681655569
-742.7824528528413
-742.5069485741445
-742.3071251594528
-742.0647313600563
-748.0671905933604
-747.839117910346
-747.6076889170955
-747.364872504859
-747.1248473583781
-746.865581530134
-746.6478068296326
-752.6880192602795
-752.404866312258
-758.438222587947
-758.183406333101
-757.8861847289465
-757.6848206723236
-763.7185834096537
-763.4027834882061
-763.2382987715721
-762.9385644257511
-762.6485531367745
-762.4741311836916
-768.4282362519536
-768.1980953468551
-767.9344003740474
-767.612068841974
-767.4545928432791
-767.167175334569
-773.1594416486652
-772.9877598210867
-772.6613063768737
-772.4313200080379
-772.2127641043513
-771.9183033324013
-777.9534305963729
-777.7115885218989
-777.40984875509
-777.1479750452403
-776.9009981236009
-776.6211926786432
-776.3221888200462
-782.317439872196
-782.0408987867188
-781.8225840044512
-781.515500944787
-781.2258169321278
-781.0120697921876
-786.990338596354
-786.7180664008754
-786.498341871258
-786.2189263833405
-785.9324701318644
-785.7121142819465
-791.7219755470279
-791.5222438172239
-791.1480433987485
-790.8890585360352
-790.6295727375121
-790.3104008083291
-796.3295956367828
-796.0765030882039
-795.7298479134465
-795.5255537681826
-795.2010587584037
-794.8790187207941
-800.981997619502
-800.6422836250135
-800.3665333312827
-800.1192345498124
-799.7951282761506
-805.8068143161747
-805.5690511082613
-805.3096170775713
-805.0309624157916
-804.7151586295635
-804.4253244534092
-810.4366536133099
-810.0755363545222
-809.8201478773591
-809.6481917477369
-815.5427555969702
-815.293631525325
-814.9986320399319
-814.6545342142851
-814.3907312461921
-814.0879761351365
-820.1549225014383
-819.8650940142544
-819.5212185908039
-819.2712984336453
-818.942777396746
-818.6151709736786
-824.6837505712903
-824.4083062955151
-824.109336561954
-823.7513289126503
-823.4481940766435
-823.2280510548486
-829.1751270476644
-828.8535065170488
-828.5745939700987
-828.2302753293625
-827.9439189524024
-827.6878654395416
-833.6804905410975
-833.338937307463
-833.0614688316246
-832.7809370514892
-832.53935559729
-832.1410434721007
-838.094691081512
-844.135570454374
-843.8495333492966
-843.5044002612511
-843.1378012998707
-842.8489703598484
-848.8709430658031
-848.5397041030053
-848.1581942192256
-847.9303050358523
-847.6060092815757
-853.5701668227466
-853.2667749939735
-852.9369470256148
-852.7025786115782
-852.3205441755209
-851.9712168950355
-857.9908463803647
-857.7025989554879
-857.4128441230035
-857.0682483664724
-856.6733884898023
-856.4212469441459
-862.4318597006724
-862.0334770431748
-861.742321729639
-861.3713916764444
-861.1254940198648
-860.8450470125224
-866.755858985173
-866.4495505162574
-866.1327810276863
-865.8790529519349
-865.5099740679691
-871.3580891192743
-871.0991051005344
-870.8114138010205
-870.4809715675227
-870.1323134936348
-869.785092423728
-875.7389547938722
-875.4503027154053
-875.1432859119285
-881.0693563031572
-880.6612235720958
-880.3774431414835
-880.1402534222971
-879.7778755945693
-879.4067195894448
-885.3395849235151
-885.0002050038569
-884.7148874352046
-884.4327863437064
-883.9986931966519
-883.6258866094677
-889.5951264157303
-889.2960827698945
-888.9987510272704
-888.7123269823992
-888.3191591867652
-887.8930630771871
-893.8669415440531
-893.5861166170921
-893.2307135512582
-892.8973625950994
-898.7225471934128
-898.4214835604532
-904.4119375649186
-904.0517146223592
-903.7262596464483
-903.3832943885394
-902.930919079297
-908.9437667032278
-908.586140445522
-908.2835077008494
-907.9736271425596
-907.5193765748277
-907.1676469133931
-913.081076708838
-912.7820752755862
-912.4610189177847
-912.1519120817059
-911.7470795154866
-917.5520841502325
-917.2585451854633
-916.933774852021
-916.6284780827525
-916.2628199793999
-915.8317935471948
-921.7163876505142
-921.4120551692184
-921.038901216279
-920.716777091176
-920.3562738286075
-920.0827052262846
-925.9013564463697
-931.7365027082772
-931.4152003611177
-931.1317265061301
-930.6960717505167
-930.4603232175187
-936.3235343200257
-935.9051938381477
-935.4671337573154
-935.1013451024635
-934.797676200623
-940.7005895724404
-940.3707499648157
-940.0248985665112
-939.69487469292
-939.2577566598491
-938.7604297268581
-944.7197627666043
-944.3774380248298
-943.9788269285888
-943.6710289450729
-943.2832192419806
-949.2393800108908
-948.7823726397793
-948.329805598418
-947.9532570941539
-953.9000482151482
-953.6736332677882
-953.1779097789038
-952.765555293959
-952.4394707148329
-958.362380354461
-957.8858576348928
-957.4653856287631
-957.040035847321
-956.7141911580253
-962.6346098932098
-962.2463410252551
-961.9074089851053
-961.4633657976884
-961.1309251124735
-960.7474453587562
-966.5529127337957
-966.1252061011014
-965.7112950647877
-965.4360595311609
-964.953302407483
-970.9006295073871
-970.5285450876288
-976.4049188291593
-976.0138131411813
-975.6312610803396
-975.2163169398773
-981.1800262815813
-980.5566020790217
-980.1892713117002
-979.7784375916413
-979.4047260208642
-985.318306424381
-984.9212865963422
-984.5419890624071
-984.1383554763687
-983.7044026591876
-983.3507869248688
-989.2037975458065
-988.7340815553973
-988.1887881155752
-987.8343399049367
-987.4212892984337
-993.3178777451652
-992.948794638287
-992.5201578342651
-992.1148476343237
-991.7081010481957
-991.2722416738612
-997.2090360022017
-996.7469486615296
-1002.6538037602515
-1002.1961706511914
-1001.8087284049228
-1007.5947605310537
-1007.0981639252889
-1006.702139508702
-1006.254302347862
-1005.8481777167655
-1005.4953017020316
-1011.2935224706265
-1010.8851042432169
-1010.4358455126167
-1010.0049023153457
-1009.6101524167104
-1015.4524570116921
-1015.0737072236748
-1014.6226981189042
-1014.2065255533138
-1013.8021419922707
-1019.6258105300085
-1019.2296800151462
-1018.7435917308717
-1018.3390778625036
-1024.1863154975672
-1023.6499511597285
-1023.1702918071215
-1022.7286877632148
-1022.2742130766924
-1028.1002014595508
-1027.6900020405092
-1027.2263750490533
-1026.7738449714448
-1026.403368023579
-1032.1643639588067
-1031.7611021921027
-1031.2850745565518
-1030.903195490496
-1030.4200407565495
-1036.259125298711
-1035.8166395226083
-1035.3786570521547
-1041.1897493792826
-1040.7471783860358
-1040.2595183739295
-1046.14245795958
-1045.638566292966
-1045.2096122905984
-1044.7447995186938
-1044.2951069546766
-1050.1420536361175
-1049.6656840476548
-1049.244010277774
-1048.7402065559722
-1048.3068027253048
-1054.1085266309278
-1053.6233382277167
-1053.1924253075629
-1052.710596144343
-1052.2819349451345
-1058.0793882284295
-1057.6194036109782
-1057.151533963267
-1062.9457372149898
-1062.5029881837866
-1061.997981467824
-1067.8384365509164
-1067.331290712923
-1066.8723576500697
-1066.3845487713243
-1065.9097336666603
-1071.7370786854283
-1071.246556638796
-1070.7593354737219
-1070.2953959489168
-1069.7921407521808
-1075.6215214996957
-1075.0895206520554
-1074.6632603574674
-1080.422718919859
-1079.9693491481114
-1079.4515491509228
-1078.996875456725
-1078.4972383723343
-1084.2735709691676
-1083.811991578594
-1083.2989221514688
-1082.821736978613
-1088.5894035230435
-1088.128526599536
-1093.9170918759567
-1093.4192501448647
-1092.9394769398314
-1092.431496187727
-1091.9375803396943
-1097.6932873538733
-1097.1968782118272
-1096.7461198851827
-1096.205875933721
-1095.750847407292
-1101.5080461476857
-1101.0476967368893
-1100.4942664168543
-1100.129574386137
-1099.7719923951456
-1105.5048426151945
-1105.0471450558227
-1104.5077897651504
-1104.021529341003
-1109.790509253011
-1109.292000511072
-1115.030736678856
-1114.5134784950658
-1114.0529063891986
-1113.5197403595598
-1113.0155382756625
-1118.7472554632138
-1118.253171202396
-1117.7660099963173
-1117.2345079648558
-1116.755990109692
-1122.4964756844604
-1122.0079178437074
-1121.4526608181877
-1120.970239853424
-1120.5473734780487
-1126.446280471482
-1125.974342062625
-1125.4004212389084
-1124.9274580728788
-1124.3627915742156
-1130.151748494917
-1129.5862133734613
-1129.0673390211978
-1128.5704614698236
-1134.3080304822722
-1140.105902105629
-1139.5427961847208
-1139.042322749024
-1138.4930729526764
-1137.9883960199882
-1143.8435689834575
-1143.4417042433672
-1142.9362008132116
-1142.383455876603
-1148.1614123380416
-1147.6157919413433
-1147.0869375748916
-1146.5414820992974
-1146.022321001426
-1151.7503046508423
-1151.1941819792235
-1150.611527748955
-1150.0805683758012
-1149.7241145942753
-1155.5968958844173
-1155.06041100134
-1154.4880596545738
-1153.9281658215866
-1159.7382302506983
-1159.1633505044222
-1158.6368453277923
-1158.0914013008933
-1163.8523183882508
-1163.2903249552437
-1169.140832704936
-1168.7694764769326
-1168.1709088316697
-1167.6696887495073
-1167.0890239938333
-1172.7888596786192
-1172.2720173757275
-1171.7440040390366
-1171.1499098189822
-1170.6236020060994
-1176.4960022074504
-1176.040270578991
-1175.4962711950227
-1174.9115832455877
-1174.420106191061
-1180.108717155864
-1179.5694006989008
-1178.9847767136528
-1184.711447666027
-1184.153779870471
-1189.991934050373
-1189.5991036448972
-1189.0054776330846
-1188.4726117674506
-1187.889341569045
-1193.6119794084666
-1193.0404533406224
-1192.4741212561105
-1191.9005105909953
-1197.7489995847402
-1197.3408562156426
-1196.7408264764226
-1196.20115371765
-1201.8807938946502
-1201.3330394051075
-1200.7338156999033
-1200.1775668580726
-1206.0410586782855
-1205.5491612510878
-1205.035481497552
-1204.3965894475948
-1203.8605461316981
-1209.5246016773522
-1215.2628006385623
-1214.639491604207
-1214.2303493444301
-1213.787974379531
-1213.1683714488622
-1218.902408730994
-1218.280706769388
-1217.72480002107
-1217.0990705162155
-1216.6860914429642
-1222.5098697149951
-1221.8963467310516
-1221.3244182558808
-1220.7208939960562
-1226.40654772008
-1225.815355980177
-1225.2184866677535
-1224.7570578945085
-1224.318721005332
-1229.990865770691
-1235.6631561703648
-1235.0728401791723
-1234.4590385750478
-1234.0268771759952
-1233.5534833460679
-1239.2426270483554
-1238.6133945879637
-1238.0107733861134
-1237.3868901310288
-1243.0698347037824
-1242.6052461582526
-1242.1562324010529
-1241.5361374955226
-1240.9284224154228
-1246.5666991420233
-1245.9711235847233
-1251.7693324624802
-1251.2979550090909
-1250.7141805620454
-1256.333222536191
-1255.7572314906524
-1255.0878791755538
-1254.4938994971196
-1253.993874121291
-1259.8260669160682
-1259.1859751132226
-1258.5706953578342
-1257.9411227281967
-1263.5903852024458
-1263.1476835312815
-1262.6272026715892
-1262.0097419549315
-1267.6391653629569
-1267.0266848109723
-1266.3804741423376
-1265.9013709977444
-1271.7038297745596
-1271.0607597925352
-1270.4102894301514
-1269.7708721755705
-1275.563947356883
-1275.0733451806118
-1280.7360833517118
-1280.0756676348178
-1279.4356303315417
-1278.7715540137392
-1278.3316058951195
-1284.06340806063
-1283.4451939922255
-1282.7700562055495
-1282.144331455218
-1287.9170545138063
-1287.420091374677
-1286.7852877889393
-1286.103719734454
-1291.7410294322713
-1291.22408849466
-1297.026738694508
-1296.3576239077886
-1295.7143906993172
-1295.021083984127
-1300.6552432372364
-1300.1349635104948
-1299.643628781896
-1298.9635021859322
-1298.321104039017
-1303.9097821530581
-1303.4295529727262
-1302.927330611096
-1302.2288560654201
-1307.8434070255726
-1307.1532375285685
-1312.9603465782022
-1312.427995827325
-1311.7682628232262
-1317.344368522455
-1316.682156186137
-1316.1508787693608
-1315.644796459534
-1314.957101048872
-1320.5742465848032
-1320.0453259394028
-1319.5269978096487
-1325.1316589952037
-1324.431963422147
-1323.7453796801374
-1323.2109036193701
-1322.728378997529
-1328.2790371120916
-1327.6187252553448
-1326.8948858619697
-1326.384888721967
-1332.1350815882881
-1331.4518826349963
-1330.725408878314
-1336.52503056868
-1335.9711276674532
-1335.284329681639
-1340.8383108941212
-1340.1569672471733
-1339.6069452424767
-1339.0768182620975
-1344.6709723142474
-1343.96189838917
-1343.4094641625436
-1342.8837879916243
-1342.1817865845603
-1347.7371081543356
-1347.0332944769486
-1352.7959511163629
-1352.2519295128525
-1351.5141966070123
-1357.1070378775364
-1356.519066386199
-1356.012204591786
-1355.2933620343997
-1360.857182232719
-1360.2998903975101
-1359.7687647979144
-1359.0347569871458
-1364.6020401149292
-1364.0721684004511
-1363.4884408231178
-1369.0695285895197
-1368.3304539900616
-1367.5887328463282
-1373.3150071742273
-1372.7988870104152
-1372.0394305958557
-1371.3149108865364
-1377.0241009541471
-1376.515733180158
-1375.740902826613
-1375.0206260983148
-1380.7179933182736
-1380.1980219240534
-1379.4346033945515
-1378.718814703005
-1384.410885897451
-1383.8819458893984
-1383.1167639912449
-1382.36901845154
-1388.085125466529
-1387.5288505871142
-1393.070042862606
-1392.3236815224052
-1391.7636301908046
-1391.1776793146612
-1396.6878127112843
-1396.147370701265
-1395.5955286521075
-1394.836495690223
-1400.3598988278766
-1399.7683099010162
-1399.227500044408
-1398.4355737663363
-1403.9894882751266
-1403.402777623105
-1409.1309045122732
-1408.3389361723216
-1407.591439147388
-1406.9860788232677
-1412.7245531442304
-1411.9402642413415
-1411.3897395403922
-1410.7863157257343
-1416.3090184888388
-1415.5076696069123
-1414.9636542309684
-1414.3493369250093
-1419.8878914059098
-1425.3584071160021
-1424.816888656163
-1424.2017847572367
-1423.4328925112814
-1422.82924683274
-1428.5468042574553
-1427.7446802275858
-1426.9773911009722
-1432.6536275864044
-1432.0694559343303
-1431.2728005792078
-1430.68679753324
-1436.3855998489432
-1435.5977205131712
-1434.784257707792
-1440.4823986377362
-1439.8904281541948
-1439.0905159511133
-1438.4918285824247
-1444.173536875858
-1443.3844924731704
-1448.860265834807
-1448.2463630409925
-1447.6477569442914
-1446.8624266146624
-1446.243805761441
-1451.9400192402418
-1451.1148497067352
-1450.315860434846
-1455.9797254202276
-1455.3728406838968
-1460.8496585142314
-1460.2721788209792
-1459.621584411058
-1458.8217929956752
-1464.4810430048997
-1463.888733151833
-1463.0496265957847
-1462.262027027042
-1467.8895447438292
-1467.3055982142446
-1466.4569875178502
-1465.8562939703645
-1471.516912575429
-1470.7159289475392
-1476.3449844078336
-1475.7568315142605
-1474.9070148892242
-1474.2949087220675
-1479.9423362838331
-1479.1405350438995
-1478.2762725527573
-1477.6721916534168
-1483.3008840059115
-1482.4816984998886
-1481.8420226022251
-1487.5251691501492
-1486.6494936392085
-1486.0510002092556
-1491.673987274841
-1490.8416563893795
-1490.196024856726
-1495.8660674348653
-1494.999691275724
-1494.3904794754044
-1493.7131390158977
-1499.171777617117
-1498.5253339943877
-1497.904851694873
-1497.0219421403553
-1502.4631567407598
-1501.7925511952817
-1501.1876353972455
-1500.311310605809
-1505.9705679122274
-1505.2949032419906
-1504.4523888777776
-1510.055396563055
-1509.4502519684374
-1514.847999990343
-1514.2175855936766
-1513.5333089587073
-1512.6895875226548
-1518.2828334158467
-1517.6651645228671
-1516.786331303688
-1516.1541600672692
-1515.457619710916
-1520.8761775888258
-1526.4982194958056
-1525.8549368840731
-1524.9664985323393
-1524.3134553348289
-1529.9168145248525
-1529.0372359990768
-1528.3892134118744
-1527.7211034360373
-1533.3325437170488
-1532.6918435884586
-1531.7775382611492
-1537.387454865154
-1536.7322020434992
-1535.8416099205078
-1541.4466778290791
-1540.7795747640134
-1539.8876493932487
-1545.4857378525487
-1544.817397513276
-1543.9236811713456
-1549.525347178063
-1548.853218466978
-1547.9436226719085
-1547.2688247021495
-1552.8729418164162
-1551.9642126414367
-1551.2859741515306
-1556.8840378802604
-1555.9766432978367
-1561.566611258381
-1560.900874169785
-1560.2141269827782
-1559.520682821458
-1564.882709519463
-1564.2092606644446
-1563.5094646652847
-1562.607460083369
-1568.1716880621825
-1567.497017171807
-1572.8496608430144
-1572.1906585446393
-1571.4566306948127
-1577.0576475228522
-1576.3622184046137
-1575.4358780239463
-1574.7114820346098
-1580.3239720163008
-1579.4050992401505
-1578.7244035952845
-1584.2982031782697
-1583.3642658541435
-1588.9574156129866
-1588.2454798496078
-1587.545858752678
-1586.8557963346982
-1592.1866927534581
-1591.4879273648678
-1590.771010264914
-1589.8429541809105
-1595.4197249604847
-1600.9854901372887
-1600.2731161452268
-1599.5709442694817
-1598.6303790248492
-1604.1937191655657
-1603.4898273719198
-1602.5166887452679
-1608.0925603828646
-1607.3683588152935
-1606.691149611003
-1605.9053190574841
-1611.2896384245137
-1610.5309465155583
-1609.8466775484571
-1615.37679582877
-1614.7059053374428
-1619.9899981076048
-1619.2979937219345
-1618.545653628904
-1617.6023077943917
-1623.1639780682349
-1622.4275449484014
-1621.7032578255503
-1620.985136633033
-1626.2666689144805
-1631.8359555591207
-1631.1446208070904
-1630.3867572175952
-1629.6711270217463
-1634.9634057175358
-1634.267445094274
-1633.4967797046204
-1632.799867248007
-1638.3139739004546
-1637.3480976917192
-1636.6038505882123
-1642.1547840894082
-1641.4087113962487
-1646.9540996038897
-1645.9683759876023
-1645.2241825711899
-1644.444010783294
-1650.0273662191491
-1649.2728832858406
-1648.2958712105612
-1647.538963185616
-1653.072615159632
-1658.6227856100095
-1657.876547069714
-1656.8923914404738
-1656.109280876047
-1661.6675771712562
-1660.9008208591817
-1660.1744537935213
-1659.148389655757
-1664.7050002946673
-1663.9208940279614
-1663.2006306284306
-1662.4056989953715
-1667.6931095929465
-1666.9417796038788
-1666.1750195690188
-1671.709705389201
-1670.9316188222258
-1676.4767771003947
-1675.708403614274
-1674.6876674885543
-1680.192833861799
-1679.4426793353452
-1678.6529947508686
-1677.9207546327489
-1683.1619845898251
-1682.3949920392677
-1681.6287223338604
-1680.8550114281259
-1686.3794109666962
-1691.8914902478623
-1691.108057935426
-1690.0836524391611
-1689.3223467121122
-1694.8283292380531
-1694.0542861632175
-1693.2557750860085
-1692.5013464008553
-1698.0047180930837
-1703.2586074257697
-1702.4608814151893
-1701.700270730938
-1700.8870512323135
-1706.418012277198
-1705.5960653436075
-1704.8575891887147
-1710.078579388886
-1709.289783983815
-1708.5022138978004
-1707.7112994082422
-1713.2244865304822
-1718.7186329141773
-1717.9256557810813
-1716.8651647115967
-1716.097557265094
-1721.5557519581957
-1720.7902447005624
-1719.9446234989412
-1725.4623329664091
-1724.636484987563
-1723.5713374491013
-1722.8146582565491
-1728.2475902212823
-1727.4764200344077
-1732.9221192055945
-1732.1533011832316
-1731.3252965525437
-1736.8315673155034
-1735.9891139439098
-1734.9163412894532
-1734.1027243376413
-1739.5842314628796
-1738.7842554592899
-1737.955818618718
-1743.4381450292453
-1742.612878569072
-1748.1015466333956
-1747.258612919992
-1746.4995574385994
-1745.6400690309572
-1750.882858117982
-1749.995552513429
-1749.193593515982
-1754.620919174412
-1753.8088684106656
-1753.0088909447502
-1758.4377456338082
-1757.6695222875862
-1763.0649907895145
-1762.2555993462568
-1761.3969412170923
-1760.3060039318766
-1765.7567204601864
-1764.9175332919494
-1764.0780855703697
-1769.51643652491
-1768.6798238419194
-1774.136092696187
-1773.2913012443228
-1772.4704053957546
-1777.9181192100768
-1777.0445958155783
-1775.9601801027077
-1775.0759884575898
-1780.5270107917252
-1779.6968851338029
-1785.1279323279439
-1784.252949096901
-1789.6806846795814
-1788.8553501649415
-1788.002960329606
-1787.2110448686728
-1792.5383604004148
-1791.7181902644884
-1790.8259309744712
-1796.263282982642
-1795.4231260229365
-1800.8241037793828
-1799.9478652440876
-1798.782445925065
-1804.2134186098774
-1803.3376164927151
-1802.4870067761285
-1801.5960373104501
-1807.016863179796
-1806.145626525997
-1811.5618165453468
-1810.6726044657887
-1809.7968762748717
-1815.216876226598
-1814.335529214469
-1813.4837106093355
-1812.6166826558153
-1817.9766101830442
-1817.0898884079338
-1822.479306515624
-1821.590223791355
-1820.7336595405607
-1826.1237953097866
-1825.216383587938
-1824.335479581525
-1829.703325832725
-1828.8633866187336
-1827.9125286257813
-1826.7469480969608
-1832.11991519948
-1837.4891403815407
-1836.614027939481
-1835.7017560148759
-1841.0934484240688
-1840.1614975239509
-1839.258829525668
-1838.350672940892
-1843.7325103735977
-1842.8319406735898
-1841.9135250377917
-1847.2988255046942
-1846.4064939003572
-1851.7347819212907
-1850.811406817963
-1849.953672717823
-1855.268665620285
-1854.4051298811537
-1853.4908723621386
-1852.519911732293
-1857.8986941969172
-1863.2341816514127
-1862.2950695011048
-1861.371298089222
-1866.6936770798256
-1865.7808773295967
-1864.8244443143149
-1870.1983927099693
-1869.2691856602885
-1874.6074791399608
-1873.6745033452205
-1872.7228260847212
-1871.8010743919187
-1877.1440702809477
-1876.2254191452394
-1881.5372174025927
-1880.6231561525815
-1885.9579186337637
-1885.006493840635
-1884.0665653429528
-1883.133853345513
-1888.484437745851
-1887.5322004051468
-1886.5650813922916
-1891.9309640110926
-1897.2644493971463
-1896.3417406989574
-1895.334444847981
-1894.4642881569414
-1900.051141879222
-1899.104040718388
-1898.1667780385692
-1903.5182252145994
-1902.547410287583
-1907.8982956186046
-1906.9709870445404
-1905.9408914181124
-1911.322745944979
-1910.3649101491137
-1909.4289424857702
-1914.7055375114805
-1913.7594256596042
-1912.848692700301
-1911.8737064741695
-1917.231950076661
-1922.5120565615664
-1921.581902699654
-1920.653087438666
-1919.6734236791688
-1925.0184907396779
-1924.0249390267684
-1923.081331004545
-1928.413429582432
-1927.4343425707086
-1933.046729707009
-1932.1205037552104
-1931.172653800946
-1936.4658795308872
-1935.5357070180069
-1934.5520337317455
-1939.8616285648768
-1938.8910028276487
-1944.2189664089992
-1943.2544251007107
-1942.2707408311016
-1947.5856792465743
-1946.6232404426896
-1945.6559128330607
-1944.6760188739624
-1950.3339036080872
-1949.3364767399057
-1954.6462718266653
-1953.6710727130537
-1958.9746859402112
-1958.013987858581
-1957.0375177417282
-1956.0600435095685
-1961.3795984648277
-1960.3571527826325
-1959.397253564603
-1964.6850137773433
-1963.713039719957
-1969.3414352385932
-1968.361734405633
-1967.3875580626734
-1972.6523057571392
-1971.6764433489038
-1970.691471658987
-1975.99529757015
-1975.015595496986
-1980.286515259976
-1979.3177751219023
-1978.3028177254587
-1983.9491878675776
-1982.940041218027
-1981.951726429762
-1987.2584593239314
-1986.2256822618997
-1985.262669438531
-1990.5459752736958
-1989.4756565877547
-1994.7880270978449
-1993.786573949384
-1992.8120616001693
-1998.3857475626453
-1997.4188597717073
-1996.4120476431217
-1995.4338129337007
-2000.7224834564854
-2005.988247963801
-2004.9994121815494
-2003.9784204334258
-2002.9722962176363
-2008.5862802158
-2007.5775956756422
-2006.578537194751
-2011.8441110210235
-2010.8483933044083
-2016.1010407134038
-2015.0849623257186
-2020.3587693788222
-2019.3237538815542
-2018.6734211233206
-2017.6322993381193
-2022.9189043139802
-2021.8819448382435
-2020.845662312904
-2026.1386969162727
-2025.0796209994044
-2030.7107104803913
-2029.6714467632078
-2028.6609111330356
-2033.9159560948608
-2032.8545645121337
-2031.8563223414906
-2037.0998955224843
-2042.3441417726906
-2041.343796577035
-2040.6174410947974
-2039.6122291062359
-2044.8339431789143
-2043.7984783951583
-2042.7680121630715
-2048.001563005921
-2053.2690011643067
-2052.5566610457886
-2051.5300441940126
-2050.484474459896
-2055.705918105963
-2054.6815151518626
-2053.9520644156064
-2052.9337521490647
-2058.1715344550776
-2063.3999144378636
-2062.3688040788466
-2061.3114669832876
-2066.5327321925984
-2065.8288886810733
-2064.767017302474
-2070.0027037485697
-2068.93845852128
-2074.1688711479646
-2073.104380548945
-2072.045808617096
-2077.617819480363
-2076.55966082034
-2075.530153178716
-2080.7142595898717
-2079.670853122461
-2085.2122384586496
-2084.157344782201
-2083.0997536099994
-2088.288913278372
-2087.2589338197904
-2086.147306927994
-2091.338662805165
-2090.651999984584
-2095.8392567200954
-2094.8033898006943
-2099.993504177525
-2098.914299173069
-2098.192676378048
-2097.097405780896
-2102.3118153255277
-2101.2120911729685
-2100.1100697511383
-2105.68311056239
-2110.8759611588303
-2109.8229236862703
-2108.7199316143674
-2107.6374785073212
-2113.1961794529716
-2112.091721015793
-2111.024651992579
-2116.187495833214
-2121.3546921255966
-2120.2734299242056
-2119.1800609677207
-2124.7337997574177
-2123.6236508188076
-2122.538223203774
-2127.7079756989037
-2126.6030233157403
-2132.159312766528
-2131.045347866541
-2129.9321692958533
-2135.109160127681
-2133.9913361950266
-2139.561242542033
-2138.4260236815185
-2137.317433998329
-2142.8434370747113
-2141.7379760068234
-2140.632882454686
-2145.770762412859
-2144.6593655967954
-2150.2200510950856
-2149.0909918787106
-2154.2461514305164
-2153.1019411772213
-2151.989647075922
-2157.53191565769
-2156.393045206328
-2155.3059800107912
-2160.4337470606665
-2159.26626829759
-2164.8378339496044
-2163.6692867528272
-2162.5643433685764
-2167.697331998806
-2166.5603101443785
-2165.8102322142468
-2170.9322673333995
-2169.7998428731566
-2175.3115823032476
-2174.1630993328936
-2173.0631721798736
-2178.171649981177
-2177.00469474489
-2182.5208593623656
-2181.3653280332587
-2180.24561968711
-2185.366094480604
-2184.2185374941096
-2189.7703160573706
-2188.5807602683244
-2187.4473688814464
-2192.951355704928
-2191.7758855015495
-2196.8979692786447
-2195.7370694278816
-2194.555555317103
-2200.10404571934
-2198.903766285157
-2197.749335612474
-2203.233551927836
-2202.0842001346928
-2207.201160926354
-2206.023138139895
-2204.8704983343196
-2210.352843298081
-2209.187474983768
-2208.0262675360855
-2213.5137129860072
-2218.6276201230166
-2217.437857859395
-2216.2545479733903
-2215.0878926771943
-2220.5580744807535
-2219.3857644187747
-2224.4988000786434
-2223.680602937248
-2228.7939927972852
-2227.6040488572417
-2226.41564792122
-2231.5428772871755
-2230.712764044931
-2229.5450215066785
-2234.6415767130275
-2233.838137980864
-2238.934048064522
-2237.734038113154
-2236.9262075710976
-2242.011466003912
-2240.788735253427
-2239.600886722196
-2244.6904127321422
-2243.865214328842
-2248.94815650543
-2247.7309122816205
-2246.9243428102095
-2252.0031482799004
-2250.7869342952304
-2256.286277595778
-2255.079849672987
-2260.1570462968734
-2259.3627678032317
-2258.157072438351
-2263.2391636181824
-2262.0247250345997
-2260.8016097364734
-2266.2842245794072
-2271.3361245479045
-2270.112482490486
-2269.305081174236
-2274.349305959191
-2273.1313625790262
-2272.3045961721236
-2277.3610399361173
-2276.1453520325827
-2281.59604950473
-2280.376832023089
-2279.147522770615
-2284.600632743788
-2283.376338945804
-2288.424862172462
-2287.1904141159653
-2292.23983756418
-2291.4149549161807
-2290.191827777074
-2295.265275603191
-2294.4128939548445
-2299.4802891157665
-2298.2413936716025
-2297.4196851969123
-2302.483634525265
-2301.2320898092967
-2300.4183316727044
-2305.4478223736987
-2310.4678916915327
-2309.675906999804
-2308.401868672771
-2313.429246391338
-2312.632638564471
-2311.3706495784036
-2316.42022576219
-2315.571008251787
-2320.5988790159695
-2319.3592938676543
-2318.5139320160893
-2323.541714905983
-2322.3018611050616
-2321.4430086762413
-2326.463459307876
-2331.5213532255943
-2330.655007200825
-2329.450949590197
-2334.4785405465595
-2333.6467734107086
-2332.405711166783
-2337.4246890962645
-2336.6011795907248
-2341.6366794968426
-2340.371680000793
-2339.5945973717135
-2344.6410270425436
-2343.396895134709
-2348.8823538587612
-2347.6479230343857
-2352.6819501184937
-2351.882705049038
-2350.604513989517
-2355.623710418047
-2354.7881561398435
-2353.4774554862843
-2358.5079211858933
-2363.876847960299
-2362.5839503119755
-2361.3201337691485
-2360.4521276628316
-2365.5126691640553
-2364.2587146230217
-2369.6321275789433
-2368.4260584078693
-2373.4706914036665
-2372.6159805348375
-2371.3598896944713
-2376.4043927944263
-2375.5549157316987
-2380.6000725973
-2379.326616603823
-2378.489049644735
-2383.539990733997
-2382.2000374422787
-2381.491091077797
-2386.5022209499725
-2391.4908263492225
-2390.7548114058
-2389.876826573224
-2395.0001537183125
-2393.7505277202254
-2392.8639365935314
-2398.0166434363473
-2396.7287176700797
-2402.196014858693
-2401.0376135725564
-2406.00394214911
-2405.225324787509
-2404.0488963355933
-2402.7397005688395
-2408.2817161265098
-2413.257276177089
-2411.99804788193
-2411.408682849962
-2416.4341617202963
-2415.111305478563
-2414.548319213537
-2419.894691855395
-2418.823366982748
-2423.887518294626
-2422.4792460200024
-2428.252868842346
-2426.9843882398577
-2426.17593618354
-2425.1004956740585
-2430.1172540295265
-2431.363388144687
-2434.478678592598
-2433.104848145299
-2438.750057078448
-2437.9254069944222
-2436.820394867629
-2442.068235131234
-2441.1981875002393
-2446.484741567531
-2445.34285102167
-2450.867790283052
-2449.703797120408
-2448.591921574103
-2450.346489601798
-2452.9672966053927
-2453.379198545538
-2457.339050262962
-2456.1306941991675
-2461.463760661475
-2460.117072434392
-2459.347940139227
-2464.8414673260568
-2463.6244364475124
-2462.7482194024756
-2468.395512777288
-2473.625646264389
-2472.824251762849
-2471.794039384389
-2470.82293521521
-2476.422636229151
-2475.111372241521
-2474.5981459589584
-2479.632019189955
-2478.7799661692625
-2480.1879877652727
-2483.1280666584694
-2488.195545328698
-2487.352647255669
-2486.625496383995
-2489.8657511740857
-2490.908378492838
-2491.493066381523
-2490.263128676906
-2494.0876564269524
-2500.2860975815
-2498.851050082928
-2497.4150824589365
-2503.9823801044945
-2502.1340624819086
-2502.051045463672
-2503.9099677389054
-2511.9249315986995
-2511.498400743713
-2510.5578657421925
-2509.595962133838
-2515.437629729361
-2514.0817517140126
-2513.7478792841807
-2518.7954877099796
-2518.1936720630993
-2517.3573038050654
-2521.86568108636
-2522.603717752468
-2527.532336212477
-2526.633724357086
-2526.4578921028065
-2531.413854896985
-2530.5915164760668
-2529.632229672815
-2536.12280303553
-2534.983751890406
-2535.4376878447306
-2536.100942927254
-2541.7745453871653
-2540.9784991927654
-2542.1763575951304
-2544.226327903264
-2546.506233312082
-2545.8423114332686
-2547.368455387226
-2550.535509045433
-2552.9507800494007
-2552.054863856104
-2552.9630172574894
-2558.4700319652657
-2558.1238364774576
-2556.9284336964215
-2557.8885783980313
-2562.3717608662887
-2562.3950570281536
-2561.201716554146
-2567.1448661725826
-2566.6043317689255
-2568.479303112465
-2569.5493044816785
-2576.0699677416255
-2574.6235650239846
-2575.075353652231
-2573.463813043913
-2579.372806529461
-2579.1993322270237
-2579.4502542999485
-2583.997246285662
-2582.894038123834
-2585.1374895229783
-2587.474167660414
-2592.3594820573894
-2592.3670644541758
-2591.1241372767195
-2591.3765027262652
-2596.4400978455674
-2595.659601269443
-2595.4331032535215
-2600.3773223262397
-2600.117595412658
-2599.084993982812
-2603.458324426787
-2604.1197993483306
-2609.845672707482
-2608.8700746875274
-2608.0962388819758
-2614.2238040929005
-2613.2775061486636
-2612.492540715829
-2618.408316997418
-2617.909711329485
-2617.239283602582
-2615.8052846529104
-2622.413772707761
