-0.7539910571848195
-0.4768936520355396
0.5526345071197537
0.03557492595084518
-0.0009169218867380442
0.2510308167257486
0.39624543054845673
0.28364081640198996
0.043946603036897604
-0.03584106089734593
-0.020180261272576924
0.009187254586721143
-0.12217845071717465
-0.6069267468595244
-0.7967130732657657
-0.9211173407341307
-0.3054711751069546
-0.18047066274400858
0.17903414900657375
0.2520136630995881
0.12518162419314574
0.08761644414075181
0.15896435446220034
0.039754905843976944
-0.38369695730193454
-0.6537489334322907
-1.6037605356252318
-1.6259315166913617
-1.486125411766626
-0.624650718423923
-0.5983261551931573
-0.3159216887912695
-0.18573071086122878
-0.08293088045546249
0.060460046002351206
0.017782350616749848
-0.3038085700862893
-1.824618284588345
-1.787205095393181
-1.7889411045651684
-2.007388377622798
-2.146146550293724
-2.006944753334027
-1.8752088879547837
-0.9779124938931942
-0.5128904637476994
0.028977145540179612
-0.1413703011631945
-0.7527289656480429
-1.178088776071072
-1.3202101904207668
-1.3188645560721122
-1.325224085526475
-2.2212990687248135
-2.2892441088240485
-2.2428352583390683
-1.5551565789296908
-1.6033745348533304
-1.5940254850238509
-2.2594543166101038
-2.3570155972572904
-2.4307926777431788
-2.3442380840305903
-1.6477196213570224
-1.7076775848342258
-1.8944317593403877
-1.9902793596312538
-1.906856714115202
-1.8447633457394552
-1.9954452239293228
-2.6204935982285766
-2.576126381517493
-2.463708701787592
-2.362298977834266
-2.6504093930870503
-2.6298434665015695
-1.6772086150877825
-1.9964721212518846
-2.1396354680214986
-2.2420006005266493
-2.1950871782828045
-2.201541167993367
-2.684056592948379
-2.8544020478796712
-2.8347199872332505
-2.7160484211098765
-2.69603756740366
-2.779234671111782
-2.8008197914273363
-2.8099576805276643
-2.8663422182507867
-2.9153982129534413
-2.8743498376851044
-2.8880212616382184
-2.871565307353945
-2.9482076174773293
-2.9137229067941
-2.7003193788819164
-2.710022833147112
-2.7858730081204977
-2.835407120501159
-2.874919625668933
-2.940347844847749
-3.081533462420917
-3.211593483192093
-3.0880920639309855
-3.015292031861417
-3.1360483433703297
-3.192602489481383
-3.0162345868413922
-2.9959309069509574
-2.9623583427873297
-3.0509300158033765
-3.2487747109443403
-3.313287189634617
-3.3342724511810706
-3.300894968712537
-3.3212474661106777
-3.3804072404810035
-3.4842346158325572
-3.608683233072176
-3.509926680473922
-3.5291991092577994
-3.5844025675276034
-3.644274382775826
-3.6786179031176998
-3.632751613808944
-3.78394222509192
-3.622603514779325
-3.5564418605344175
-3.5648038993778455
-3.974959172599662
-3.792977822587213
-4.039483252977696
-3.969195048060251
-3.8933534761760655
-3.9027535831738445
-4.033945140949088
-4.196019629728582
-4.2972740741074
-4.465169871143021
-4.033332533484329
-4.188454355298942
-4.318229826539532
-4.797969142973536
-3.8771633855276213
-4.333659317850713
-4.1707157984239895
-4.030097212077419
-4.35430245799601
-4.4785525718398835
-5.1246676007193575
-4.188716884878928
-4.5527897324462065
-4.507664578797814
-4.5348716143003145
-4.253091831138264
-4.7066637562386076
-4.799819246666705
-4.842909288908477
-5.82026114578565
-4.8968855971761975
-4.98648818816175
-5.091580800265418
-5.281597921712442
-5.2906272610385185
-5.933067304200416
-10.820391435463307
-10.711566646117134
-6.175386019655861
-5.251273663732342
-4.738091590220275
-4.673300334133148
-5.2859999638529445
-5.32129784904422
-5.887241175186856
-5.815153625825422
-4.848381910988558
-4.964680085910556
-5.033078847911118
-4.998244698451498
-8.513855100784278
-9.440963526977662
-9.077150266658974
-8.465467231217142
-5.123638353544815
-5.221470692718652
-5.32306054175172
-11.603022899259093
-11.538742605936983
-11.639073421497402
-10.024588002428711
-5.486671280852613
-5.341953588865593
-5.419684360273365
-11.888450703772666
-11.941129203356832
-11.769453255935955
-11.262958150500179
-5.6858518915209615
-5.844706644050735
-5.745203262664819
-5.621033046014978
-6.405273467714249
-10.375209811074848
-11.081840683330778
-11.210829345848257
-11.416724340753783
-11.784956013374787
-11.04155318467134
-11.543198058674914
-11.631599575589373
-11.301023238420273
-11.854597069520485
-11.68150233817611
-12.433109268090886
-12.665301633283303
-12.791602445460208
-12.771657908195042
-12.85265714662564
-13.068117152333636
-13.152327410939776
-12.495020259720347
-12.57125859989521
-12.679989835495105
-12.860492606988078
-12.988316126452322
-13.066507618309608
-13.246418886062973
-13.405000838884996
-13.318221844358547
-13.083792063323044
-13.017300547338488
-12.992788448517743
-12.96124251150331
-13.06784159183769
-13.104326814660954
-13.442625557425954
-13.986710506900721
-13.947310790086421
-14.300537811884807
-14.974942237867289
-15.81492020880449
-16.771950868054496
-17.748207593212577
-18.346822466063614
-12.878596086580476
-13.027318010534298
-13.416765111643908
-13.755585481207609
-14.134591814657938
-14.570160627566928
-15.37543435197119
-15.843340364123424
-16.346613327789058
-16.521511750889896
-11.365322490462157
-12.298982928493041
-12.79711756119749
-13.181280185686454
-13.616778534632127
-14.082513972006993
-14.542648927563787
-14.970944555358246
-15.340141877654565
-15.693975021529148
-16.06707501628125
-16.61569052167055
-17.604175292707783
-18.576083471754167
-19.31429356049462
-20.29008753494374
-20.520655546583583
-20.364977964054788
-20.14704961864721
-20.072713973605214
-20.265235666288916
-20.5879167720537
-20.948990667760366
-21.303559417080766
-21.6497009145181
-22.01681108645223
-22.47599253897634
-23.067324497660536
-23.760225793574534
-24.326295361964995
-19.1157072181516
-20.038644012281317
-20.696467100106183
-21.106921777859792
-21.418856866154517
-21.622816487010134
-21.307855234433386
-21.29476558171002
-21.098609142264785
-21.29790971048803
-21.67326117600135
-22.121936939027403
-22.577833269499383
-22.981371894492074
-23.426512568568846
-23.864219158505467
-24.1512468635803
-19.09167495293429
-21.14689936604533
-22.125193840528155
-22.429315020961774
-23.34062210278587
-23.877128380625887
-22.09580492191948
-20.560221770660114
-21.135298589188594
-21.6623381406556
-22.202520619839397
-22.746162863448063
-23.14442538949327
-23.4218231888822
-23.57638855155464
-23.500318368501016
-23.24812869865741
-23.267891153425886
-23.491980482866495
-23.93247698850813
-24.487708018234166
-25.04518771247269
-25.632499256410636
-26.260643357654224
-27.023465005312833
-28.056172507841556
-28.86390129055993
-29.29568477217059
-29.7978525277866
-29.13776298412099
-28.585866710592885
-28.834430440860835
-29.202706006411873
-29.57083935056918
-29.914747496775334
-30.2616384123214
-30.629461606861327
-30.93124738439757
-30.9267201106233
-30.688104722909596
-30.85200144946408
-31.23610742698374
-31.608434670479667
-31.960075385026673
-32.377689400550985
-31.269789089369894
-30.43735909927666
-30.40757546206508
-31.20852163347713
-31.956193717536685
-32.59348491125977
-31.143492080630665
-30.148202867430857
-29.86466722195634
-30.124400282756255
-30.494713224027613
-30.92120664510851
-31.189765540213735
-31.065277410665743
-31.0086519140371
-31.161212080196258
-31.330619660622204
-31.572677206032708
-31.905963312020656
-32.26198665163809
-32.618718333666514
-32.87208939917723
-32.76808709687797
-32.663732228808705
-32.843547628472486
-33.21809921926284
-33.72710559250725
-34.12182064792997
-34.50984841403377
-35.02016463580072
-35.272786381336566
-34.32761191818929
-34.316975002647474
-34.55996013096942
-35.837894727802784
-36.429165049082066
-37.000741332648595
-37.538996511388916
-37.94345443894507
-38.26882980160865
-38.45888588242607
-37.91325007977869
-38.080323627921864
-38.237303397937914
-38.521660638723354
-38.92947553569703
-39.63166796294675
-40.049536556138236
-40.3206063667288
-40.24142503972101
-39.75715848553066
-39.99387988169628
-40.54017017413827
-40.73782372648483
-41.01712868222998
-41.58490559248549
-42.115449818154225
-41.69321481529835
-41.35222638996202
-41.55092892310889
-42.09655324861015
-42.98672613790755
-43.40545262071868
-43.82806859412977
-44.30502167144999
-43.34387463495222
-43.133987174540984
-43.407254770122535
-43.93323043735396
-44.901678679654616
-45.34014151984221
-45.810008135780045
-46.20733654406744
-45.626456937660805
-45.493910809526874
-46.296747147418436
-46.22360189300081
-46.52245167187886
-46.87282182348082
-47.21571204428289
-47.485434752015784
-48.07310982728797
-47.36225701924351
-47.38985044804099
-47.715161168547226
-48.189481211752
-48.74922594855462
-49.188305094959006
-49.391246209789145
-49.2907452299838
-49.0295207441359
-49.237998518499076
-49.55400852212166
-50.00500070846506
-50.44388022535445
-51.32819590121152
-51.75433042625146
-50.78415701720455
-50.77294003545961
-51.80970851347365
-52.00998097078799
-52.34215558163845
-52.685395440194306
-52.979727006499665
-53.185424128921156
-53.1303331304631
-53.04239432735102
-53.13292641076952
-53.38665012420856
-53.770445349349686
-54.21880505782092
-54.516550035374586
-54.564578686523085
-54.40593082667446
-54.45583262719054
-54.679422039516155
-55.00412086568693
-55.27433626406109
-55.556416621102606
-55.54702870345711
-55.42018793123863
-55.472849837228175
-55.75369117270485
-56.155402404438234
-56.572805730075615
-56.81624116796353
-56.6762082190672
-55.85537353320396
-56.67640389868779
-57.23314628229142
-57.84467713968753
-58.32415501605926
-58.6878474866649
-58.82169997417228
-57.541182133295365
-57.77703595303772
-58.14641556197507
-59.202933265414416
-59.831538186106
-58.80467719213414
-58.76886313555798
-60.312463382700805
-59.15331104782862
-60.57491347804013
-60.87347464426552
-61.212265501983744
-61.55649093824684
-61.73298994655462
-61.57636210831585
-61.4954347724135
-61.6561062574044
-61.8886867384705
-62.11543279783696
-62.37194388322717
-62.517830046548845
-62.408899078782916
-62.37568874364695
-62.63768695987439
-63.03311905299136
-63.40593913118214
-63.57693725695371
-63.51889403866262
-63.50719302565912
-63.63895685107505
-63.72144964830056
-64.12270916965244
-64.33419030206515
-64.36962964258144
-64.17394578705758
-64.21011227187843
-64.44226264660806
-64.73412825068903
-65.03749903483406
-65.24451073864391
-65.31047405596652
-65.25148061520372
-65.29569132988095
-65.71229156811191
-66.29014023375245
-66.7692376708339
-67.04851177223091
-72.91405126435001
-72.93098199816887
-73.13405447206169
-73.46827988954603
-73.75273343670507
-73.92263981863125
-73.95450426314241
-73.50603111369621
-73.7065737564715
-74.14866178022876
-74.65077703244879
-75.3039030276133
-75.64950550787775
-75.30818701717273
-75.24531335032512
-75.52921391732002
-75.8555272792835
-76.11830989068923
-76.28043908893441
-76.2147382649136
-76.03320281481933
-76.21173356734354
-76.48802386402004
-76.73145039822202
-76.85332888829075
-76.7626098610786
-76.74854533212577
-76.89588627183612
-77.12421024150842
-77.3962116781327
-77.67018611452801
-77.75649559106026
-77.61407361361186
-77.69842526878146
-78.00300797533563
-78.33925755768671
-78.53366818305551
-78.48028733099787
-78.39546688857719
-78.47255584970853
-78.64815713737954
-78.82212415242542
-78.89688970492172
-78.80722731748354
-78.7396055849069
-78.88186206558915
-79.10661764878616
-79.34040439221468
-82.12482710173897
-85.70605163193675
-85.7491559804619
-85.95492469322201
-86.12356969359413
-86.47992600481743
-86.64742820597093
-86.52387985656465
-86.46699950567893
-86.64273817257154
-86.92351883739225
-87.15248321103141
-87.22235796498263
-87.13691192178862
-87.13025695793273
-87.30734986683407
-87.59445772977936
-87.85278456467307
-87.90715241323254
-87.68821542878722
-87.6423936765996
-87.9819233064934
-88.43957190026502
-88.5915940054337
-88.58373724150812
-88.31433007797692
-88.45790086038002
-88.78260855446446
-89.10188461104936
-89.3915362271204
-89.42881131079172
-88.852110155681
-89.07082620741565
-89.41703053225268
-89.88250018821331
-90.57050926358559
-90.73549362162153
-89.77880055217769
-90.11159822522998
-90.64626072094954
-91.1503683798895
-91.366483876216
-97.3231859554128
-97.20540299303111
-97.42484455131635
-97.74000361768428
-97.96715039448318
-97.99118238269311
-97.79635941288035
-97.7923409542404
-98.01964220421446
-98.3258374520183
-98.54776810407745
-98.53896794338262
-98.48389895760074
-98.63414769766038
-98.90267095718545
-99.2134485380704
-99.48024211692429
-99.43763526830953
-99.29880573081623
-99.33408653129253
-99.58704833362788
-99.80791054909614
-99.79930310220547
-99.66961657297851
-99.73314045211885
-99.96590048272157
-100.20089634467661
-100.29647709309859
-100.23205307797271
-100.21425064034369
-100.36902608824029
-100.60322455040667
-100.79355835085023
-107.04037579386845
-106.96671699539233
-107.08361924869827
-107.25276577800985
-107.36947507193238
-107.37440194442628
-107.33626372535156
-107.37830529475987
-107.50295340738494
-107.6517709471714
-107.75625839518896
-107.776126948899
-107.72572527989846
-107.810469424106
-108.01981009952016
-108.21926073303989
-108.23925236213348
-108.18430509671425
-108.24207605551474
-108.40861374581584
-108.58558914436394
-108.62657353892119
-108.52104775885287
-108.48966550638417
-108.65664211080065
-108.88087911830462
-108.94676523691625
-108.81722272981227
-115.08014566231422
-115.17081331882379
-115.35283345938821
-115.40529557708571
-115.34259960229603
-115.31749810763498
-115.41936889785228
-115.58039601101738
-115.69271612668146
-115.65322929850596
-115.57648179832414
-115.71456492813596
-115.93590973991269
-116.08257745280508
-116.00958324591122
-115.93147871361583
-116.03116948590929
-116.17821610236088
-116.24007245387507
-116.2169316476222
-116.21542144472943
-116.28393538164072
-116.38366111816978
-116.48238948870932
-116.50829926787063
-122.76268427733648
-122.89578932125002
-122.91045648050144
-123.08273688759742
-123.14965533905736
-123.0598701896002
-123.0927928390288
-123.29203022494251
-123.41054980353645
-123.42612253747242
-123.36886223004797
-123.38351325664146
-123.47951407187567
-123.61539711149793
-123.61670148212909
-123.5702739115366
-123.57249732056161
-123.69109336763013
-123.85604354994874
-123.9223868530279
-130.121533905737
-130.11177612821294
-130.26487464792442
-130.4604698670874
-130.676212174174
-130.4171219652685
-136.7072678141865
-136.83367412983213
-136.9350260854988
-136.93771659844896
-136.8432626232707
-136.872816812388
-137.02654872333235
-137.15063020580502
-137.0705339335984
-137.00068849870294
-137.09505111884795
-137.2436975885998
-137.35244666458135
-137.37754506273274
-137.35403856034537
-137.38098602654782
-137.49889471833896
-137.61712673622807
-137.64092427725876
-137.56633680294107
-137.59352101467988
-137.77911472228385
-144.0750528255646
-144.01932221820965
-143.99807971534852
-144.08990936186987
-144.21095781838056
-144.24566702670782
-144.21962402712762
-144.19777734087012
-144.28677213508075
-144.4308546624418
-144.53660295628453
-144.5454372635493
-144.50963432322197
-144.5783748602139
-144.67903778103798
-144.72743900073536
-144.68840994256374
-144.68516339203637
-144.74653165354306
-144.8417687460852
-144.88573563642151
-151.1175052088283
-151.1101920531562
-151.2468235924818
-151.4143252310063
-151.33957921689202
-151.24571799401025
-151.29812031052083
-151.4410731183516
-151.58056657846717
-151.56838548741717
-151.52781676832447
-151.75907555175743
-151.68788676032707
-151.71526161679736
-151.69959492347007
-151.69857018063206
-151.87701893408044
-151.81186387972068
-151.87617545483042
-158.11083202887963
-158.06486723333825
-158.21678180902384
-158.37342524439666
-158.38525251639192
-158.28837693696423
-158.35774637853416
-158.4725830395207
-158.576877221129
-158.5484579264763
-158.49371483113708
-158.55914492123864
-158.65674536529053
-158.6987761361211
-158.64502269946846
-158.620993814126
-158.71865940086053
-158.98251974875257
-158.8118360416581
-165.0346959909152
-165.06942155831996
-165.26619775136575
-165.3918070577159
-165.2856501998667
-165.22189527370764
-165.2495515413023
-165.38569066349245
-165.4449959976649
-165.40595705417564
-165.33505923815866
-165.41589290200395
-165.54542465733812
-165.5356863966842
-165.45121625353048
-165.48459087215747
-165.6820674961177
-171.9950565775189
-171.9122258245156
-171.87404153282398
-171.95936908114675
-172.068052014312
-172.18393330646057
-172.1416444044663
-172.1052200298888
-172.11020144534513
-172.20792215124285
-172.2153244528662
-172.15269127346733
-172.16506938333984
-172.26836964129842
-172.34138063695153
-172.30095928169897
-172.265208183108
-178.60764405186484
-178.7265426345981
-178.70607527261245
-178.64669078577137
-178.67217921615557
-178.77657524969985
-178.84521166496188
-178.813383465523
-178.79267343123016
-178.8656057330956
-178.9483704155778
-178.96319941650853
-178.9148229647793
-178.92375845291605
-178.9961816821897
-179.03141590258102
-185.33561004658907
-185.26809281426773
-185.34605160621945
-185.42893919602236
-185.37783671322862
-185.3710005374986
-185.3829817375731
-185.47045782456703
-185.55269320851727
-185.52314770232238
-185.4880749343347
-185.52517395319273
-185.62405684489764
-185.65619767564516
-185.59129896528466
-185.5564764771458
-191.93588878142558
-192.00176207389788
-191.94475553837904
-191.8962823003048
-191.98730807721788
-192.07065687786894
-192.01599707136822
-192.01692794614215
-192.03169024115195
-192.09849280646395
-192.14319969925387
-192.14497256236268
-192.11024488804242
-192.1427651436226
-192.1949269665181
-198.50198909953167
-198.4558090453067
-198.46148173316703
-198.53137118360968
-198.57636639603658
-198.53017305172557
-198.5138169416983
-198.61235459659176
-198.63534947681626
-198.62192733403126
-198.60073473455736
-198.6178967512316
-198.67897135858948
-198.70611975938584
-198.66151771107891
-198.64063360867306
-204.97826235317385
-205.05559675589163
-205.03131363172758
-204.98705604516567
-205.0279670671796
-205.099454264403
-205.07632904404178
-205.0532994298808
-205.1289876681941
-205.11693426030644
-205.15547381146715
-205.14277720533514
-205.09720075039596
-205.12629270015404
-211.46055437179925
-211.4854848102578
-211.43339368460505
-211.44863737349417
-211.5325840454891
-211.54084119137653
-211.4861515371264
-211.47804502616293
-211.5517842002194
-211.5655300396477
-211.53586843492175
-211.51242983112022
-211.55214439033364
-211.59384749615302
-217.93449070548616
-217.85719398719723
-217.85155987426677
-217.9234159113658
-217.93762623669173
-217.88809030158336
-217.88669160089106
-217.93359034514006
-217.95520252531898
-217.90866007843348
-217.89873279196306
-217.94526285499273
-217.98680524562704
-217.96443805412196
-224.24405397765537
-224.25713592801563
-224.30274491235977
-224.33144453052657
-224.2622549739488
-224.241225874953
-224.31513200852834
-224.3271119995993
-224.25134647608405
-224.21649948132858
-224.36108572881093
-224.31070575489235
-224.28360077077195
-230.5789916961908
-230.6444435530539
-230.67729857752371
-230.63676992269882
-230.62005008746212
-230.65222286577225
-230.67010898168263
-230.63528137127153
-230.60952442412983
-230.6518721724564
-230.62925534570604
-230.64134163607332
-230.65296325347902
-230.57489283185365
-236.9449912415354
-236.99455593877138
-236.9412633915184
-236.91676140811654
-236.97828241312772
-237.03196494233876
-236.9603661947674
-236.91660403540905
-236.9436771657464
-236.9735737993286
-236.993694968925
-236.87604159955978
-243.21326156846595
-243.2347286706788
-243.2218413174596
-243.15985231727072
-243.1876728686108
-243.2534525372329
-243.26277429316423
-243.23494948783042
-243.18469418456726
-243.25582677157075
-243.30715261847627
-243.1903639816606
-243.16607967783295
-249.51281947236058
-249.54466233064218
-249.5041403662004
-249.45102118797152
-249.4650892361199
-249.48069238425478
-249.48895702811322
-249.47086023923973
-249.42798148223525
-249.53912032073
-249.46391238705274
-249.380523288408
-255.6628765778236
-255.7261429852843
-255.71614581503235
-255.61860664091995
-255.6498493152334
-255.72460732186295
-255.68161270923736
-255.63268006805794
-255.63614254497378
-255.67167622908693
-255.68562962079318
-255.67774069134435
-255.6600679302682
-261.9142201783446
-261.92161334573103
-261.85149635058195
-261.84799924825654
-261.8962154205407
-261.8838016468469
-261.8262459129518
-261.78476050347194
-261.83374411156933
-261.92617739547245
-261.8143141844531
-268.03904744270085
-268.07776365198026
-268.1117782305715
-268.07102166064055
-268.0035798682271
-268.02670705847186
-268.0727587322527
-268.0243714057611
-267.9509091027531
-267.98113916636015
-268.020582430673
-267.9629331410083
-274.1784225302333
-274.2438672602557
-274.2814561538527
-274.2069706394552
-274.16089344481003
-274.18057691430664
-274.2142243908861
-274.1702992415132
-274.12275169181555
-274.1167127062136
-274.1454354309126
-274.1448324876915
-280.3406446724319
-280.31694898858166
-280.36618515432554
-280.3402650202058
-280.2957444662796
-280.27548999666664
-280.33192382688856
-280.2865816245323
-280.2291354728329
-280.2580791587221
-280.2703465977948
-286.5113523970444
-286.477413810327
-286.46780384126737
-286.4542911908197
-286.46726084170507
-286.3959881503828
-286.3844334103494
-286.40805961058624
-286.3913894595338
-286.32522483783566
-286.32937466592466
-292.6584353708585
-292.633357711903
-292.5443362851101
-292.55691080727274
-292.5856781222054
-292.5044138416341
-292.4253534928555
-292.46447476640225
-292.47397044441675
-292.40670309436587
-292.3748265004213
-298.6958092784543
-298.70966594902205
-298.67357205537496
-298.61325218198346
-298.61600112063445
-298.61593086836814
-298.5564039407987
-298.48540337780787
-298.5115632682939
-298.5285027845335
-298.4277083437261
-304.6819053963958
-304.72358422483615
-304.7467330584585
-304.65120543388355
-304.61259937091023
-304.63456675080545
-304.6254764299829
-304.54218707434813
-304.5105091809369
-304.52607868521164
-304.5409101078147
-310.7350534365357
-310.6980515792023
-310.7259701353762
-310.73730074871054
-310.6438515608583
-310.5942122876353
-310.63442187593375
-310.62809496186424
-310.51862531639006
-310.5095354417464
-316.84056470328125
-316.7792294255506
-316.6961113579335
-316.70809048073465
-316.7205113609348
-316.6381298115368
-316.5851675750992
-316.5957569367752
-316.58400523995124
-316.5475323144068
-316.52080451855386
-322.7874264194868
-322.75080419313286
-322.70642771725716
-322.64684438476996
-322.6606356679589
-322.6457926758184
-322.5768580246764
-322.52240623806773
-322.54388027784125
-322.5878855568374
-328.74327449774836
-328.6941432677357
-328.72810735285435
-328.694061683922
-328.62489546642433
-328.60132352250565
-328.6237008723955
-328.5531582777019
-328.4791452028513
-328.4741239663755
-334.78626217626385
-334.6854028169824
-334.61492023602534
-334.63792546647346
-334.64709028591847
-334.56578751777835
-334.49766139481494
-334.5360742700904
-334.52062386818375
-334.40632505436383
-340.65259490443856
-340.69633420000247
-340.619726166397
-340.5547654468464
-340.5183872470387
-340.5335721604368
-340.4634251474701
-340.4173291176451
-340.3962991709728
-340.38281816573897
-352.9422456361002
-340.3174824856429
-340.24765791473186
-340.2610853506116
-340.1933463256799
-340.08909184066556
-340.09586520105216
-340.10480499132984
-340.02725482357835
-346.235556386125
-346.2942980225762
-346.24882238774705
-346.13325511567757
-346.1332817018562
-346.12949714506993
-346.03412099729024
-345.9691160944695
-345.97307395793297
-345.9302755026771
-352.14270789851065
-352.08662450930996
-352.10013851850834
-352.0839622221453
-352.00127975729737
-351.96853546287605
-351.9381027429242
-351.9072190420086
-351.79992211850714
-358.0545058747697
-358.06277077213764
-357.9833738832418
-357.8977479843511
-357.9022678351157
-357.8758609757234
-357.7928349084349
-357.76795082456135
-357.7206420290341
-357.69630641398606
-363.8994955243754
-363.8299313946923
-363.8350425525237
-363.79132549457154
-363.6799949097536
-363.6414077063414
-363.65719371384716
-363.5546053458904
-363.49987011815614
-369.7867880392744
-369.76717664149265
-369.61209434740215
-369.6043113363198
-369.6232012849675
-369.5488334784482
-369.4525023739692
-369.426754361499
-369.3564755747234
-375.56083340382065
-375.54664078901413
-375.4939373972421
-375.4281239649505
-375.38113631801104
-375.3405358051536
-375.28789524937446
-375.26359131233636
-375.1835829889544
-375.0855717600609
-381.3651743073741
-381.30623374511003
-381.1745680089661
-381.17298016598
-381.1754664120705
-381.035145071395
-380.9817788646053
-380.9962466306749
-380.90583726177266
-387.06290792561015
-387.0676715933774
-387.0534628455878
-386.9084912719442
-386.86060845014026
-386.86081936414166
-386.78305499137446
-386.67035769690267
-386.62543403539297
-392.88834182997937
-392.784819426712
-392.7181349177097
-392.7060334578885
-392.6403099301478
-392.5522072999063
-392.4838260240958
-392.4435127702774
-392.34663532772083
-398.5482336008613
-398.5044887369632
-398.43545382186716
-398.366396455228
-398.2807228384514
-398.21988544482986
-398.17768710573665
-398.07926058863154
-404.258997808446
-404.2330178077128
-404.17559887681836
-404.0202211356989
-403.9797582870145
-403.9707615142272
-403.8146576208957
-403.7201613781626
-403.7462226761704
-409.91379030941977
-409.7635650340323
-409.7725869068435
-409.6952937959925
-409.5309069824358
-409.4943876296036
-409.4590598311036
-409.321959940655
-409.25319488924464
-415.5027813315365
-415.4124621279118
-415.30986150421126
-415.23321679038315
-415.19297919713614
-415.09725419458965
-415.02471310295743
-414.936124242786
-421.1337896087041
-421.0300802814528
-420.9377889792191
-420.8890197481353
-420.8195099557071
-420.7033988389876
-420.60009980131235
-420.6078851078693
-420.5042663406027
-426.65905823840467
-426.639358053497
-426.544137064976
-426.39791541577097
-426.3558697518472
-426.30482592844817
-426.17265250567567
-426.06740865587847
-432.3123975402341
-432.2367094197316
-432.1153385827566
-432.0635425589489
-432.03122392452286
-431.8486545185141
-431.7698209071149
-431.77253496068124
-431.63289804946055
-437.7845507257412
-437.7603269783075
-437.6637913836425
-437.5236689140501
-437.4889845195134
-437.43770482168753
-437.29960099254197
-437.23305229332254
-443.4634410916968
-437.0558653355173
-443.2369352017832
-443.1658386392355
-443.0897354398544
-443.00788050956817
-442.9117075146131
-442.82149939738304
-449.04842744433694
-448.9745407339348
-448.8456109252561
-448.801271552103
-448.68315407311974
-448.55172874750525
-448.5043393172979
-448.44227129715574
-448.287574261887
-454.49839637941494
-454.4666038058699
-454.3217427480593
-454.2198185092312
-454.1838020653952
-454.0554004993432
-453.9071927462949
-453.8725309144739
-460.0301033730567
-459.9189288423481
-459.85220234455994
-459.7815730520963
-459.64096804213966
-459.53771533577617
-459.47482591180517
-459.38464275127524
-465.52735894982214
-465.4211403270166
-465.38949064930375
-465.2775922670379
-465.1463285177947
-465.0527417011152
-464.9739942647196
-464.8407029654774
-470.9830115303988
-470.91389120850494
-470.80107336099627
-470.70074937605193
-470.6121324366567
-470.5013225082022
-470.37090564787906
-470.29478880569576
-476.5005272313072
-476.3455283864753
-476.2655719791018
-476.2082083052053
-476.02598646103957
-475.92574031658296
-475.89211150146383
-475.74235448383126
-481.9093918780538
-481.8686562948274
-481.74673993767965
-481.59130387646826
-481.51914365892566
-481.4072959709693
-481.26593643798475
-481.1874812835828
-487.33394989981247
-487.2696025607984
-487.1603865142949
-487.0482549033165
-486.993485536568
-486.860540794056
-486.70867234973394
-492.94048866907264
-492.8268834255456
-492.65055641685973
-492.58812362225837
-492.47588817379886
-492.28874582192924
-492.21735737081076
-492.13627197942367
-498.23893272995906
-498.14341399262287
-498.0625398774147
-497.87013555328906
-497.74464856390546
-497.6454819061889
-497.4919204947242
-497.36945391381823
-503.5702410851433
-503.43645187420304
-503.3456338164658
-503.221710880739
-503.09867939829064
-502.95044843113675
-502.8155526100276
-502.718188065609
-508.88096374327694
-508.7366505621306
-508.64585473392157
-508.5030149525711
-508.33921016175094
-508.2508455608147
-508.1860585045435
-514.3237049764734
-514.1864495772102
-514.1075526440317
-513.964582848405
-513.7860259492486
-513.7096018877477
-513.5775710317844
-513.4175891931727
-519.5904668063885
-519.562139737087
-519.3890171997073
-519.2807950466516
-519.1550467862147
-519.0375384916831
-518.873068179835
-525.0936481590871
-524.9150918169044
-524.8171875821585
-524.6347221390341
-524.5567216786808
-524.3884560210703
-524.2835541006816
-524.1508518410868
-530.2444616605533
-530.1573900555833
-530.0446060863679
-529.8736883991112
-529.7731720135329
-529.6556549571178
-529.508123363028
-535.6126560522548
-535.4803247736353
-535.3792752072885
-535.1668762762487
-535.1101126642084
-534.9842344912827
-534.8599578135328
-534.715121303364
-540.8297765530057
-540.6812777418775
-540.4996273994919
-540.5003003728305
-540.3240564414524
-540.1498581583138
-540.0435930326976
-546.0747610034779
-545.9596025875148
-545.9095915079507
-545.7468503011693
-545.5935852748628
-545.4766438942195
-545.3259108274127
-545.1570629488916
-551.3129722040782
-551.18897370641
-550.997109750454
-550.8954792458374
-550.8019011064957
-550.6228406956387
-550.4955248626449
-556.5864258919694
-556.5071855833484
-556.3447583124248
-556.231923508598
-556.0779701647455
-555.9082153817799
-555.7696745370438
-561.8959437738056
-561.7596859343269
-561.5924648018914
-561.4639356304899
-561.3743769784589
-561.1941927950411
-561.0846979945462
-567.2085698364369
-567.0084742627843
-566.910432553729
-566.704780367333
-566.5481341342481
-566.5105666904014
-566.3086367692963
-566.1166857227411
-572.3060138438753
-572.1862438879973
-571.9814832472302
-571.8451965136155
-571.6530689992811
-571.5261485619188
-571.3871258521273
-577.4112913006778
-577.3826642792868
-577.1012985917005
-577.0536852631195
-576.8816572351072
-576.6985705319519
-576.5996343642851
-582.5782869391617
-582.3298997174844
-582.3162954364116
-582.1066362133554
-582.0240327842173
-581.8970690360798
-581.7484348349569
-587.8442396296
-587.7215153363743
-587.5846889592653
-587.2560891005318
-587.2062158022452
-587.0511806822894
-586.8828109044392
-593.0574997082379
-592.9169386899945
-592.7403366483709
-592.5973449253662
-592.4295056726825
-592.2361061195849
-592.0965498829532
-598.2656772586423
-598.0236881587809
-597.8679430141214
-597.7821083068885
-597.5681749111124
-597.3836245421203
-597.2395278025485
-603.2844935068947
-603.0750948196413
-602.9763623294638
-602.7436490816582
-602.3649344543383
-602.4864790441039
-602.3226457665295
-608.4057157190624
-608.1361287793461
-608.0509365857898
-607.8540299788413
-607.7673457161318
-607.6395672390664
-607.4237020867334
-613.4158675133407
-613.3469297410138
-613.1581141765445
-613.0625525841302
-612.9028663578233
-612.6503547972816
-612.5031990735706
-618.6054505310867
-618.3842525885514
-618.2554616144735
-618.0508539897684
-617.8600308741477
-617.7409158388141
-623.8342724415081
-623.5851802947905
-623.457776673602
-623.3335065255346
-623.1185689505911
-622.9514105961589
-629.097746551093
-628.8973851586926
-628.7269913561393
-628.5553508579324
-628.3398590220719
-628.1781435370264
-634.2841151178245
-634.0759788954739
-633.898338795885
-633.7467346140495
-633.5206669375361
-633.349057935065
-639.4276340537825
-639.2067142726154
-639.0666329290478
-638.9384557504993
-638.7527344618265
-638.5480776609118
-644.6424408622061
-644.44311751971
-644.2611806695575
-644.1147956521818
-643.9365939383368
-643.7466347899696
-643.55578443048
-649.6011784931708
-649.3987689829132
-649.2619035890751
-649.0532780705305
-648.8392273684174
-648.6836766077423
-648.4603198227608
-654.5634465909916
-654.4072266719179
-654.1874542451272
-654.0295607101772
-653.8630357755308
-653.6561330344884
-659.7019232037202
-659.52588057124
-659.2992633884354
-659.1251762555943
-658.9589153943107
-658.7258008132163
-658.5665367229867
-664.6520157084569
-664.4312186987027
-664.2502194714409
-664.0738577154167
-663.8344816716215
-663.636979825809
-663.4827545941195
-669.5073078317109
-669.3359338363263
-669.1827284759654
-668.9451957044812
-668.7299499807838
-668.5726136213964
-674.6041745607632
-674.4273374265258
-674.2607230903576
-674.0040076221276
-673.8301044462814
-673.6679401240377
-673.391670019572
-679.5351530744923
-679.326081984803
-679.0648234898259
-678.9034562196651
-678.6715329026583
-678.4125732818417
-684.5141527972737
-684.2633117329774
-684.0856462300186
-683.8630928962497
-683.6638824095289
-683.391611711021
-683.2656697665485
-689.3371011778302
-689.1181473631451
-688.9770965795715
-688.75350148325
-688.4984527060867
-688.3153129403559
-688.0883989777959
-694.1258443873273
-693.9697058979671
-693.6994550272548
-693.516165842964
-693.3295377680702
-693.0719128773478
-699.1615608781
-698.9519875783939
-698.6803823701507
-698.489055821319
-698.2600630313186
-698.0021975227111
-697.7785668895394
-703.8551638662283
-703.6242546119071
-703.4255201917688
-703.2602629508999
-703.0151204632382
-702.8303683090171
-708.8971825995798
-708.6299555662799
-708.4292178680842
-708.1864584206145
-707.9291336205719
-707.7284802095741
-713.7765504888773
-713.5233329422927
-713.3746221613761
-713.1418401668473
-712.8786280702261
-712.7017813803858
-718.7117210797132
-718.4785097054079
-718.290542827336
-717.9737797350531
-717.7741234361997
-723.8733009063968
-723.5736882769296
-723.3995302040034
-723.1412456060274
-722.8878888603783
-728.9866662902106
-728.705259402879
-728.5183270385293
-728.3060000285675
-728.0485475119464
-727.7966040815021
-733.8514161169463
-733.6338487053852
-733.387071314695
-733.172463037094
-732.9116747132009
-732.6585272015335
-732.4376640408035
-738.435184698037
-738.231897903002
-738.0052927739808
-737.7461353900682
-737.4883612724431
-737.2568917762617
-743.2843153716495
-743.0577981275834
-742.8105663414412
-742.5311649473881
-742.3307267553046
-742.1069709924042
-748.0984048754564
-747.8748745970751
-747.6453882796249
-747.3980437029069
-747.1600706430705
-746.9024535879927
-746.7097736003384
-752.7302873569271
-752.4435675458991
-758.4771832539317
-758.2380396188925
-757.9239945573536
-757.725130430609
-763.7642682709954
-763.4487175754736
-763.2863679663301
-762.985493742183
-762.6908813292496
-762.5184293967066
-768.4760975988536
-768.2441896923488
-767.9817182963844
-767.6564847796988
-767.5013005305816
-767.2216293355705
-773.2143889530971
-773.0433757950647
-772.7158748051584
-772.4724382083726
-772.2622002233387
-771.969440971657
-778.0091784884999
-777.7737571324936
-777.4666948947686
-777.2021726423638
-776.9557306788606
-776.6744920834238
-776.374721190437
-782.3743503075805
-782.1021657358326
-781.8862008057656
-781.5777242399764
-781.2884158491997
-781.0753543648485
-787.0550777816129
-786.780961025064
-786.5660292953658
-786.2793912870055
-785.9917369731029
-785.7751147868523
-791.78993981086
-791.572949169231
-791.213576246333
-790.9443066142043
-790.6853708575483
-790.3719266971739
-796.3980977448857
-796.1473014493737
-795.8052206145201
-795.5902216723017
-795.2684993333208
-794.9426511332142
-801.057742876876
-800.7158256642484
-800.4454155009663
-800.1913008666033
-799.8642481803954
-805.8758728652945
-805.6494129293703
-805.3904839206731
-805.0818935044065
-804.785769495262
-804.4941964314588
-810.5029651991371
-810.1512251130588
-809.8915377833564
-809.7328273597502
-815.6239671584768
-815.3774235716664
-815.0882655259855
-814.7291332545001
-814.4727652499569
-814.1723407303471
-820.2452196278041
-820.0306539930504
-819.6122256580893
-819.3518839409826
-819.0275196331345
-818.6986308525691
-824.7765746605113
-824.5029059300916
-824.1288183240883
-823.8352485719112
-823.5324362632118
-823.3130735597432
-829.2672725991397
-828.9484250494546
-828.667495816962
-828.3151599163926
-828.0534181197327
-827.7851676817653
-833.782698648811
-833.4300317025592
-833.1571226957359
-832.8813932641965
-832.6474604299432
-832.2386030193711
-838.1923370754829
-844.2368191244215
-843.9549735944954
-843.6142003744711
-843.2361398540954
-842.949252099316
-848.9754336935812
-848.643243765267
-848.2572795523689
-848.0286201759321
-847.7077238721175
-853.6683359217391
-853.3756506636149
-853.0378682578089
-852.7980387448176
-852.4191265399776
-852.0656280858212
-858.0942412722552
-857.8078107230937
-857.5147698775145
-857.1638844405252
-856.7734618686196
-856.5163076977296
-862.5382811071357
-862.1330564862064
-861.8507513877588
-861.470561081843
-861.221174309783
-860.9457049435692
-866.856048916654
-866.5511689317308
-866.2351627381761
-865.9906641855831
-865.6253766971153
-871.4589653144442
-871.2032303059347
-870.9213090000002
-870.5845706836583
-870.2268343069745
-869.8929383737842
-875.8387694242552
-875.5606165711931
-875.2512836201779
-881.1751212604754
-880.7633319630713
-880.4804180216455
-880.2620346667285
-879.885620081744
-879.5083158400154
-885.455729796707
-885.1140989335512
-884.8308297369248
-884.5476433324777
-884.1013937242109
-883.7370306403892
-889.7048439775477
-889.405656197932
-889.1108397300594
-888.8333585573616
-888.4365536057983
-888.0039321699256
-893.9815045815382
-893.7044071835969
-893.3516993785469
-893.0179758843441
-898.8371825143156
-898.5415456658984
-904.5336154387564
-904.1741741656133
-903.8352646678266
-903.5068817510661
-903.0406007834653
-909.0585121301264
-908.7056297367832
-908.4023868504528
-908.0897724896417
-907.6265249837942
-907.2816538413053
-913.2071420933868
-912.9043218497817
-912.5897540472018
-912.2771227171447
-911.8690041098266
-917.6708748222541
-917.381169891954
-917.0545638180154
-916.7500400631869
-916.3773769436913
-915.9483013692077
-921.8407815812998
-921.5337642884147
-921.1612709587582
-920.8374809330024
-920.4810957202675
-920.2149073458977
-926.0284453205802
-931.8651231153416
-931.5419227873458
-931.2666034686797
-930.8227468181375
-930.5893639781104
-936.4560096104576
-936.0290424135122
-935.5963905204804
-935.2249611624683
-934.9257651095186
-940.8316965102055
-940.4977974259912
-940.1553950341824
-939.8263575166983
-939.3879165385896
-938.8894119154288
-944.8470029902451
-944.5075004151848
-944.1051485771419
-943.7987549796019
-943.4117131588763
-949.3674410936394
-948.9125034812058
-948.4604254522914
-948.0847472607953
-954.0348539174865
-953.7818287473416
-953.3090318266019
-952.8995323913275
-952.5693974129938
-958.5039113789342
-958.0173820263279
-957.5983556917763
-957.1732235376232
-956.8464310199743
-962.7726331910278
-962.388696838576
-962.0497339537557
-961.6023931347514
-961.2638024128794
-960.8904280624524
-966.6876235687674
-966.2644223635648
-965.8455997183567
-965.56469185343
-965.0938959510256
-971.0352908768501
-970.6707851893979
-976.545491880225
-976.1544761141919
-975.7743697211916
-975.3560452105997
-981.3096632609131
-980.7001663606696
-980.329237193457
-979.9212761704156
-979.5421278263434
-985.4615291143617
-985.0627846932318
-984.6848059660961
-984.2855902293093
-983.8478323892268
-983.4933606854098
-989.3526076163779
-988.877976286605
-988.3372510435554
-987.9737594152411
-987.5700350389052
-993.460893649618
-993.0980617974035
-992.6670444673438
-992.2569803064421
-991.8573480696285
-991.4174733844291
-997.3587382710094
-996.897453801783
-1002.8006375649998
-1002.3435393080887
-1001.9517293156141
-1007.7422029852603
-1007.2418801208854
-1006.8497637225599
-1006.3972900289523
-1005.992748410643
-1005.6612184407063
-1011.4421236109582
-1011.0312752406742
-1010.5823826910467
-1010.1443893349091
-1009.7526974559377
-1015.5912340577497
-1015.2230538639606
-1014.7621673036725
-1014.3431510739196
-1013.9421472731514
-1019.7695300117
-1019.3640045150406
-1018.8823686780148
-1018.4705646856509
-1024.3302788763378
-1023.7797403275223
-1023.3250037584047
-1022.8652298635128
-1022.4043800729194
-1028.2300631180838
-1027.8185331088432
-1027.3492693343617
-1026.89321680956
-1026.545963705289
-1032.2870466148927
-1031.8810939484458
-1031.4027627577539
-1031.0283522737661
-1030.527629074674
-1036.3671570240713
-1035.9217819522544
-1035.482517999424
-1041.2868864763534
-1040.8440141569763
-1040.349298815336
-1046.2359734076379
-1045.7281697827095
-1045.2908530728605
-1044.8235243298543
-1044.3671618930703
-1050.218545880161
-1049.737706626489
-1049.3120525791637
-1048.8036835695586
-1048.3747510390099
-1054.1699711576932
-1053.676195313698
-1053.2435574492206
-1052.7484253804755
-1052.3187924068461
-1058.113842233033
-1057.6519911247017
-1057.1805348249557
-1062.974290315222
-1062.5294816807245
-1062.003087796816
-1067.8463624564656
-1067.3317950280837
-1066.8732298030027
-1066.3829016358463
-1065.9037765146486
-1071.7255022846962
-1071.2333747496248
-1070.7414429810515
-1070.2752469070106
-1069.7689117023854
-1075.5966962300206
-1075.0573154308797
-1074.6321684895481
-1080.3843981629047
-1079.9278135469326
-1079.3750214328106
-1078.951514275565
-1078.4441297235765
-1084.2176320094575
-1083.76019420951
-1083.2418828978505
-1082.7614755126024
-1088.523115514914
-1088.0632370863427
-1093.8498747463057
-1093.350272085882
-1092.869681356023
-1092.353515378028
-1091.8572055813459
-1097.5961055626472
-1097.101321450851
-1096.666725172512
-1096.1195135408711
-1095.6635817537795
-1101.4236661196921
-1100.9626948559821
-1100.4070229559309
-1100.0326825183201
-1099.68039182577
-1105.4113849384119
-1104.9615274323855
-1104.4183558014777
-1103.9317572759778
-1109.6939184054625
-1109.198114324355
-1114.914723247663
-1114.4007436950683
-1113.955834545198
-1113.4219132737683
-1112.9222993588025
-1118.637149914576
-1118.1467346529682
-1117.66870015517
-1117.1423690314923
-1116.6584190604951
-1122.4060009109708
-1121.9186194850965
-1121.3629292926264
-1120.880021397645
-1120.4528940787964
-1126.3631810477982
-1125.891104523298
-1125.3167208326547
-1124.839895735405
-1124.2769143467597
-1130.0704745098126
-1129.4923574091447
-1128.978417979262
-1128.4925317121358
-1134.231506698743
-1140.0321868596996
-1139.469126592875
-1138.9662648838168
-1138.4200873543716
-1137.9151291646112
-1143.7720840032914
-1143.3725119903777
-1142.8690992761005
-1142.3205932416392
-1148.0986463530387
-1147.5533380119805
-1147.0242255743253
-1146.4768774232566
-1145.9649262386092
-1151.6935249610701
-1151.1395170711191
-1150.565440108584
-1150.036914201494
-1149.6726926418535
-1155.5458089137258
-1155.0116626487124
-1154.4492831887835
-1153.8901247566284
-1159.6954994078105
-1159.121744677582
-1158.5946567775231
-1158.0516134665218
-1163.8138141570087
-1163.2531791803574
-1169.1068383416873
-1168.739177687663
-1168.1394270267162
-1167.6395160032944
-1167.0581919494675
-1172.7776601244514
-1172.2434656684961
-1171.717559065089
-1171.129946898563
-1170.6001248913208
-1176.4767035153689
-1176.0188887319985
-1175.4937702902848
-1174.8959724252636
-1174.4012428936257
-1180.0913687546645
-1179.5530385514696
-1178.976919268851
-1184.7036222194167
-1184.144808999828
-1189.9829235620134
-1189.595449782929
-1188.9987613843577
-1188.469558367647
-1187.8864187026363
-1193.6107252573752
-1193.0391859174276
-1192.47379130534
-1191.8969876256185
-1197.7440361096521
-1197.3399895788023
-1196.7406185184184
-1196.19931549646
-1201.8800229860078
-1201.332964696737
-1200.7337857132497
-1200.1750755145915
-1206.0395045257656
-1205.5492062476949
-1205.035858052907
-1204.3963242460793
-1203.8601739259832
-1209.5280776642412
-1215.264383811751
-1214.6406809657867
-1214.2330527867
-1213.7923664319044
-1213.1729472392099
-1218.9029782813243
-1218.2831768504386
-1217.7307189613746
-1217.1055653128728
-1216.692014176527
-1222.5144095140395
-1221.9015235942313
-1221.327690637247
-1220.7256049666976
-1226.4116366922858
-1225.8219827818205
-1225.2251829308973
-1224.7624780244796
-1224.3273095826626
-1230.000065478019
-1235.6694788870896
-1235.0792851804094
-1234.4684040575496
-1234.0344306673521
-1233.561908039515
-1239.2488898315264
-1238.6200686529335
-1238.0205677795211
-1237.392211000291
-1243.0754165912983
-1242.6107287760935
-1242.1604007704489
-1241.5411768050624
-1240.9362335611675
-1246.5734715467179
-1245.9765292246418
-1251.7743392114903
-1251.3057114892288
-1250.722293149481
-1256.3389956037458
-1255.7623177924518
-1255.0932509855043
-1254.5020087761702
-1253.997993919888
-1259.8306161294738
-1259.189491988395
-1258.577795825955
-1257.9443274847015
-1263.5915022422985
-1263.1517878682994
-1262.6320106873382
-1262.014366419296
-1267.6431905025547
-1267.0336409487136
-1266.383249242735
-1265.9070527320644
-1271.7067958676641
-1271.0641590611488
-1270.4149641013819
-1269.7753416006044
-1275.5698387048649
-1275.0764857064717
-1280.7383008559495
-1280.0832154531147
-1279.4389877893311
-1278.7741924203865
-1278.333574157261
-1284.0642077548064
-1283.4453914336077
-1282.7693162323255
-1282.1434734914226
-1287.9170665144136
-1287.4221208551166
-1286.787076671697
-1286.1058411448505
-1291.7424944112954
-1291.2238596332354
-1297.026826866534
-1296.3578874619877
-1295.7161308743882
-1295.020516538075
-1300.6552456159354
-1300.1347159076693
-1299.6406012694229
-1298.9605755975585
-1298.3169740471608
-1303.9071910520895
-1303.427604754392
-1302.9275944545973
-1302.2309506708668
-1307.842624875413
-1307.1528660199272
-1312.9602266068234
-1312.4243875678878
-1311.7670002427724
-1317.3430475863834
-1316.6808593748874
-1316.1505569476367
-1315.6445425262586
-1314.9569631043164
-1320.574456585214
-1320.04474510448
-1319.5260894970072
-1325.13141891191
-1324.432400818758
-1323.7453867945603
-1323.2109150277927
-1322.7282013886502
-1328.2782502970224
-1327.6182086630731
-1326.8948350680341
-1326.3847828188152
-1332.133761392732
-1331.4503793341182
-1330.7247630009495
-1336.524211863178
-1335.9700056074862
-1335.2832917947992
-1340.8381559936336
-1340.1568544448612
-1339.6064946558952
-1339.0747084126294
-1344.671338551057
-1343.9576411026699
-1343.4060296782409
-1342.8808889277122
-1342.180857795959
-1347.7336890460733
-1347.0291155243222
-1352.7937343099914
-1352.2498067514784
-1351.5128477936696
-1357.1014235356463
-1356.5143348401896
-1356.0093803955078
-1355.2908009925488
-1360.8558528408898
-1360.2944648792816
-1359.7674918499486
-1359.0347563630098
-1364.5996333301593
-1364.0660835938304
-1363.4870658312996
-1369.0655893738628
-1368.324852193714
-1367.5885528384647
-1373.30944632348
-1372.7988239099493
-1372.039366793515
-1371.3096608015987
-1377.0221148823728
-1376.5064181299463
-1375.7352179100992
-1375.0118949988941
-1380.7154592133227
-1380.1897476017853
-1379.427419705049
-1378.7126055862152
-1384.4018200914657
-1383.8717830684434
-1383.1061116909432
-1382.3606978195933
-1388.0736736495408
-1387.5228946821671
-1393.0557797169283
-1392.3142572001962
-1391.7499604338905
-1391.1684299287133
-1396.6870553632054
-1396.1338233263673
-1395.5829346284245
-1394.8245155064994
-1400.3444906933828
-1399.7523861792413
-1399.2120604985842
-1398.4251778620487
-1403.9770743156548
-1403.3900673815303
-1409.1169499999353
-1408.3263528338462
-1407.5779572203999
-1406.9736012467251
-1412.709902731379
-1411.9246822439686
-1411.3777296220705
-1410.7729809441369
-1416.292843034398
-1415.4919773636227
-1414.9511350527011
-1414.328439306115
-1419.8775829000772
-1425.342193910213
-1424.8037964567548
-1424.1860672630546
-1423.4208789673949
-1422.8158768204507
-1428.5338574186933
-1427.7292082593995
-1426.9655865879427
-1432.6412648708504
-1432.05651780452
-1431.2587454475163
-1430.6765688329485
-1436.3738780789442
-1435.5866395803828
-1434.7712380519542
-1440.4722019171004
-1439.8795968562927
-1439.0807814902255
-1438.4820326240965
-1444.1655047852635
-1443.3747982589343
-1448.8492329288053
-1448.2321415247764
-1447.6383753778239
-1446.854995441382
-1446.23682647126
-1451.9318564392818
-1451.1079424389845
-1450.3093107739783
-1455.9749746232515
-1455.3711260701139
-1460.8416349475829
-1460.2656142653116
-1459.6210598695645
-1458.81866645997
-1464.4759961396303
-1463.8833564177762
-1463.043768514044
-1462.2572521248378
-1467.888211792751
-1467.30559197638
-1466.4569825003057
-1465.855945335198
-1471.5148707812618
-1470.7148403148817
-1476.3459215262938
-1475.7578160993646
-1474.9080855088846
-1474.2957718670139
-1479.9426961999136
-1479.1406958703865
-1478.277500460469
-1477.6759528646987
-1483.3050477407216
-1482.483260463146
-1481.8450133332205
-1487.529454833188
-1486.6538129463534
-1486.0557344030033
-1491.678018463957
-1490.8481472892825
-1490.2010895900999
-1495.8714140811387
-1495.0063658222548
-1494.400518415175
-1493.7184432589347
-1499.177593542339
-1498.5309701450283
-1497.9136738591792
-1497.031137916892
-1502.468507489662
-1501.7990381408665
-1501.1927210911783
-1500.3198006772855
-1505.977204556026
-1505.3014363745597
-1504.4586921697144
-1510.0614137194173
-1509.457231452595
-1514.8544233394346
-1514.224395073557
-1513.5406667406276
-1512.6984040881373
-1518.2904654479726
-1517.6717208208581
-1516.7927374470157
-1516.1587638591097
-1515.466360069494
-1520.881543000714
-1526.5053618297372
-1525.8609454674258
-1524.9737414534757
-1524.3193577741604
-1529.922525080604
-1529.0412754075717
-1528.394255582548
-1527.7245542743308
-1533.33645032191
-1532.7004929586885
-1531.7848614070354
-1537.3916646530663
-1536.7387594490283
-1535.842248422319
-1541.4508858286608
-1540.7831313122117
-1539.8944447845183
-1545.487326346545
-1544.8164639832494
-1543.925238460819
-1549.5259072197289
-1548.8521835275424
-1547.943262170867
-1547.263918154466
-1552.871557599814
-1551.963338224382
-1551.28173487102
-1556.8801829045392
-1555.9719751324742
-1561.558280398668
-1560.8921160053474
-1560.2100160424425
-1559.5154714436233
-1564.871809926934
-1564.1983777782964
-1563.4942088057007
-1562.5975307679887
-1568.1661103533193
-1567.4919213311098
-1572.8327511429038
-1572.1724436627514
-1571.4404337200742
-1577.0531058000236
-1576.342061506453
-1575.4160858550279
-1574.6927307219082
-1580.2967617565973
-1579.381242389752
-1578.6946291047923
-1584.2764921678818
-1583.3400337370126
-1588.9334263032702
-1588.2197298826818
-1587.5207618391116
-1586.8308146639063
-1592.1622686411647
-1591.461224871534
-1590.745821023712
-1589.8159167440979
-1595.3913179896845
-1600.9573464896077
-1600.245959732249
-1599.540611139215
-1598.6021073566637
-1604.1634433483157
-1603.4607157218313
-1602.484941968289
-1608.0581293516302
-1607.32968975257
-1606.6596903137645
-1605.8685839626926
-1611.255908349196
-1610.4963559268278
-1609.8115542223195
-1615.3385120012506
-1614.6714146069346
-1619.9497139876125
-1619.261584535901
-1618.5102367629445
-1617.5636042166834
-1623.1291963572787
-1622.3879836420422
-1621.6674684720774
-1620.9449047287815
-1626.2213693246886
-1631.7959962030732
-1631.1057086478156
-1630.3425650398276
-1629.632092075142
-1634.9220326391128
-1634.2280030448562
-1633.455653487222
-1632.7546055834212
-1638.2721360766984
-1637.3059322301237
-1636.563575877974
-1642.1142129627926
-1641.3637437570048
-1646.9138066010144
-1645.9274133964182
-1645.182140425094
-1644.394768831052
-1649.987698178388
-1649.2277218596719
-1648.2558522211395
-1647.4967639218073
-1653.0346789840341
-1658.587400318814
-1657.8319709873736
-1656.8564362906143
-1656.070004011372
-1661.6301985880718
-1660.8605431923536
-1660.1397377533085
-1659.111645092637
-1664.6700398195082
-1663.8859027840451
-1663.1624883670456
-1662.3711452099924
-1667.6513129256575
-1666.912127556846
-1666.142656961939
-1671.6758726725732
-1670.8983235722812
-1676.4473501623168
-1675.6769936469727
-1674.658635483413
-1680.1646488909016
-1679.41417638003
-1678.623458435832
-1677.894481661071
-1683.1309329162111
-1682.371015866612
-1681.6056408324976
-1680.8288475111444
-1686.357114580929
-1691.8605026521807
-1691.0831909328915
-1690.0633057923967
-1689.3046795134
-1694.8085077386843
-1694.0335462529365
-1693.234339626829
-1692.4854913495928
-1697.9882377312626
-1703.2441486226633
-1702.4495500452895
-1701.6917662033459
-1700.878078778539
-1706.4088740454288
-1705.5910755233936
-1704.8545865678502
-1710.0784385451093
-1709.2868407926806
-1708.505323218375
-1707.712959764176
-1713.22480623597
-1718.7216554198733
-1717.932812668456
-1716.865746973853
-1716.1101800440624
-1721.571567686806
-1720.8061360565944
-1719.9629798927563
-1725.4824451816426
-1724.6589648281208
-1723.59794121242
-1722.8472572479006
-1728.279141961251
-1727.507349443573
-1732.9555764482168
-1732.1881698955663
-1731.3654136662951
-1736.8719588260187
-1736.0297475395284
-1734.9580229206592
-1734.1447149250528
-1739.6284869266237
-1738.832588518501
-1738.005627540477
-1743.488485327405
-1742.663289790677
-1748.1571181772965
-1747.3136329995662
-1746.5636286617369
-1745.7066802545585
-1750.9468551967564
-1750.0617247910282
-1749.2651311019779
-1754.6861857031915
-1753.8785289274738
-1753.0516958598803
-1758.5087182851178
-1757.7481056418385
-1763.1404373935118
-1762.3338938046702
-1761.4761264288559
-1760.3862128222077
-1765.8418017333038
-1765.0027738776967
-1764.1661167681968
-1769.6034211448084
-1768.7684036795101
-1774.2281133614867
-1773.3851912413295
-1772.577055237162
-1778.0186056270943
-1777.14270159187
-1776.0707007174308
-1775.1756467152732
-1780.629034414782
-1779.8026976425267
-1785.2402275104816
-1784.3545511889135
-1789.7859562841272
-1788.9652908023788
-1788.1184853427
-1787.32314838641
-1792.6446783900312
-1791.8334355297452
-1790.935402995221
-1796.3717330159222
-1795.545832022164
-1800.9394706528792
-1800.0574538191888
-1798.8922486710449
-1804.3201483570579
-1803.4479164162817
-1802.601787305909
-1801.702043370605
-1807.1241746762587
-1806.2518017129896
-1811.6735364648912
-1810.776685316289
-1809.9004052555229
-1815.319802501853
-1814.4418745507878
-1813.5980628114307
-1812.7277690760773
-1818.0749305675154
-1817.19174417799
-1822.5746530186227
-1821.6840932473178
-1820.8385919943153
-1826.215669659111
-1825.3019763807301
-1824.4182030040022
-1829.7847959351986
-1828.9133712099504
-1827.9893938785685
-1826.8175437362725
-1832.186292698396
-1837.5569805945163
-1836.6782822804364
-1835.7613684581804
-1841.158126031391
-1840.2189139927912
-1839.3142343618172
-1838.4027163929163
-1843.783020482682
-1842.878768599288
-1841.9639854895297
-1847.3439404587575
-1846.4384654011496
-1851.7705261897822
-1850.8457251816267
-1849.9719409429258
-1855.2982099942594
-1854.4124744439555
-1853.4998059445852
-1852.5315009279313
-1857.9049577665146
-1863.2372724906788
-1862.3030868467317
-1861.375858648013
-1866.6983349815184
-1865.7846123744064
-1864.8246451196287
-1870.1959383609735
-1869.2645439186524
-1874.605317752723
-1873.6668222258336
-1872.7156331577228
-1871.787281931427
-1877.125795219411
-1876.2076875050705
-1881.5222605758515
-1880.5986753925963
-1885.9289128817445
-1884.980833223505
-1884.0400125647477
-1883.0990748201123
-1888.4475480563692
-1887.4981850097276
-1886.5275945084823
-1891.8934092001127
-1897.2166540194996
-1896.3003323319438
-1895.2911266657363
-1894.417224627245
-1900.005604467385
-1899.0559141620824
-1898.1193351906527
-1903.4635484356813
-1902.5052342078895
-1907.839127380988
-1906.9178871546314
-1905.884456996543
-1911.26394024892
-1910.30748973732
-1909.3718382641978
-1914.660075482201
-1913.711327424898
-1912.7870062378045
-1911.8138862792598
-1917.1729665409177
-1922.4646850084166
-1921.5194393103473
-1920.5921208761188
-1919.6143528931775
-1924.9591646953181
-1923.9649013992678
-1923.015341188869
-1928.3546441790384
-1927.3728124724853
-1932.9792273473481
-1932.0594838617174
-1931.1220983343803
-1936.4029495750017
-1935.4753004331606
-1934.491651982512
-1939.7949315048504
-1938.8197835112267
-1944.1556713575064
-1943.1914954608756
-1942.2046047830618
-1947.5149463469918
-1946.5637116729429
-1945.5941912311323
-1944.6135405042367
-1950.273286450732
-1949.268637360182
-1954.5810261520826
-1953.598185074583
-1958.916671618199
-1957.9537808563132
-1956.9763677834028
-1956.0005825556877
-1961.323244808779
-1960.2919825334193
-1959.337069519463
-1964.6243932196273
-1963.6595953114881
-1969.29238426432
-1968.3104330127717
-1967.3368818040124
-1972.5980967029393
-1971.613086758372
-1970.648115053364
-1975.95373921558
-1974.9711900162463
-1980.2493037955503
-1979.2803540853095
-1978.2677356757008
-1983.9153242313603
-1982.9044915304116
-1981.9175664264078
-1987.228728562223
-1986.1916963247509
-1985.2304020521606
-1990.5185876753283
-1989.470190050001
-1994.7815935580365
-1993.7773016123226
-1992.8000308004443
-1998.3840921042909
-1997.4112714641706
-1996.408864174765
-1995.4247127930603
-2000.7165642137002
-2005.9853543896875
-2004.9923807715525
-2003.9763720528285
-2002.9694171641272
-2008.5844989711682
-2007.5765367459555
-2006.5785466694958
-2011.8409647646104
-2010.8466915225424
-2016.1021964015667
-2015.0867634767721
-2020.3620257539246
-2019.3312798686861
-2018.6802630079703
-2017.6436669146763
-2022.928991203303
-2021.8939519532985
-2020.8591210169895
-2026.157926407647
-2025.0986501394943
-2030.7295045167618
-2029.6929435701973
-2028.6880409064102
-2033.936934320161
-2032.876777465438
-2031.8793927737702
-2037.123256566607
-2042.3685986963803
-2041.3709558438177
-2040.64410800772
-2039.6453493235808
-2044.8660079022256
-2043.8293266702606
-2042.800467479019
-2048.034367968787
-2053.301463567471
-2052.5937636346453
-2051.5650265015497
-2050.5196413168815
-2055.7415762668984
-2054.72178915721
-2053.9892883981606
-2052.980063589433
-2058.215447294447
-2063.4393559401174
-2062.409274347535
-2061.3574394443335
-2066.57266085446
-2065.8679868951945
-2064.805065651695
-2070.0460258568996
-2068.978303306007
-2074.210481595587
-2073.14611815614
-2072.0852219152225
-2077.6567414693873
-2076.6016235576217
-2075.579456566031
-2080.758469295091
-2079.7160374945324
-2085.256075041557
-2084.198594416811
-2083.142837574445
-2088.3304107446775
-2087.300350567059
-2086.1948841384215
-2091.3833527121933
-2090.6971939958253
-2095.881638125863
-2094.844839198042
-2100.03446391172
-2098.956843180623
-2098.230488249987
-2097.1355112160118
-2102.3507766191906
-2101.2489551430444
-2100.1461815120397
-2105.719252524775
-2110.9118284377096
-2109.8608984976245
-2108.755774547407
-2107.6711478854468
-2113.231290342934
-2112.1237928134533
-2111.0660057845566
-2116.220876944161
-2121.383316000814
-2120.301438568306
-2119.20600319841
-2124.760950454925
-2123.6500235874155
-2122.567164585787
-2127.7325922371297
-2126.626336894224
-2132.181749695308
-2131.06918969845
-2129.9520140344966
-2135.1294641256072
-2134.012859687705
-2139.5811329706607
-2138.44701787604
-2137.336192302328
-2142.8628844849122
-2141.7572233759824
-2140.6514081402584
-2145.786052214335
-2144.672647251719
-2150.2242358252497
-2149.0971956642484
-2154.258276485569
-2153.1160068854915
-2152.0057745134573
-2157.5435109918353
-2156.404949407482
-2155.30737797186
-2160.4343144122818
-2159.275722647372
-2164.838778685834
-2163.6769590502017
-2162.5742549779097
-2167.7086592272244
-2166.5677121505405
-2165.8189406978354
-2170.9400312856064
-2169.8057872470235
-2175.3198900672205
-2174.171530540015
-2173.0662601777203
-2178.1736768768765
-2177.01138497792
-2182.5308400085873
-2181.372997299166
-2180.254015709358
-2185.374021879419
-2184.2240081625687
-2189.774041080208
-2188.5891520831683
-2187.4527893714467
-2192.9550285327086
-2191.781738135589
-2196.902939032123
-2195.7406227312194
-2194.5616483529825
-2200.1075771688966
-2198.9122722353895
-2197.759208050016
-2203.2433252043397
-2202.0932497530976
-2207.2088969343663
-2206.031370656035
-2204.8781208304017
-2210.3605856885874
-2209.192892545108
-2208.032219335932
-2213.518944950308
-2218.633287004095
-2217.445581360977
-2216.262779537763
-2215.098778785355
-2220.5674093725206
-2219.394226499223
-2224.508646595495
-2223.689518878036
-2228.803019636927
-2227.6147679261708
-2226.4286346689273
-2231.557332202478
-2230.7226507972696
-2229.555317611254
-2234.651771953766
-2233.849714984602
-2238.9436823345013
-2237.743704600307
-2236.934349764228
-2242.02011489434
-2240.797044679235
-2239.609476491533
-2244.6978377888686
-2243.871458500324
-2248.9554522541184
-2247.739322051543
-2246.9318189714504
-2252.0124974982205
-2250.7959780097785
-2256.295994415784
-2255.091970886464
-2260.1670278772594
-2259.371613151003
-2258.167138123436
-2263.2448995759805
-2262.03091622661
-2260.808719233056
-2266.2865846954105
-2271.3352822694487
-2270.1133385697262
-2269.3042190516007
-2274.347294950908
-2273.1269039279164
-2272.305264211316
-2277.3609413689865
-2276.1449238491596
-2281.595951514498
-2280.370188866458
-2279.1458822552927
-2284.5970864162514
-2283.375615050722
-2288.4239026846712
-2287.1901262205097
-2292.239011257524
-2291.4105082695005
-2290.188726371226
-2295.2637131830193
-2294.4120467572916
-2299.4782594497624
-2298.2384291236003
-2297.414631151844
-2302.4760570159738
-2301.223345677648
-2300.407844909761
-2305.4405246220435
-2310.457927775913
-2309.660325407706
-2308.3918311834977
-2313.413172295199
-2312.6174920212866
-2311.3501541736205
-2316.3969507188785
-2315.5504777156502
-2320.5745503655203
-2319.331956988854
-2318.4890157668897
-2323.512350977133
-2322.2722949089807
-2321.414079447461
-2326.44064659484
-2331.488110794621
-2330.619321188357
-2329.415129033321
-2334.4431632785713
-2333.6076928711946
-2332.3637827423445
-2337.384228516501
-2336.5576509549624
-2341.5910438292367
-2340.327820114959
-2339.5481477297803
-2344.5975197735816
-2343.3510166009396
-2348.832007431075
-2347.601574089249
-2352.632209532227
-2351.8392992730537
-2350.5586280311813
-2355.5750494865833
-2354.745072085241
-2353.4332600835355
-2358.4606237875187
-2363.8364296748737
-2362.5460338763814
-2361.2503490961885
-2360.397922289266
-2365.4649062878957
-2364.214066593747
-2369.589197919198
-2368.375761602046
-2373.428991377312
-2372.566023285882
-2371.3114638365314
-2376.3626204203915
-2375.4979515946534
-2380.552795720995
-2379.2849210214267
-2378.4584873764784
-2383.4970180824894
-2382.1556492541613
-2381.436651744771
-2386.456122593034
-2391.444899935379
-2390.706557728431
-2389.822604976315
-2394.947823644921
-2393.687490473957
-2392.808592477349
-2397.961358352679
-2396.677708090369
-2401.9955285453902
-2400.9770527132564
-2405.9543931518556
-2405.1336072037525
-2403.9925890658997
-2402.6953466706373
-2408.2119340580657
-2413.2181375781365
-2411.9469493189436
-2411.394668078333
-2416.3882446597513
-2415.089263904032
-2414.5054821160097
-2419.8359615850372
-2418.765060467491
-2423.5441646881713
-2422.320090734288
-2428.189570952975
-2426.914777994617
-2426.0693912331894
-2425.0341569539187
-2430.057810112997
-2431.4485190847104
-2434.428493693251
-2433.0733926762987
-2438.691795284035
-2437.8718352647506
-2436.8161411974656
-2442.063785964352
-2441.204282349829
-2446.4301853009906
-2445.2215263208773
-2450.778870893344
-2449.53363845578
-2448.486989651747
-2450.476493167085
-2452.8802418017167
-2453.471976867088
-2456.6816294807363
-2455.9833924451264
-2461.3121106077815
-2459.8958378119296
-2459.192984363615
-2464.744225359602
-2463.6059307161267
-2462.6690412546254
-2468.297854014593
-2473.5643080402265
-2472.7495867908074
-2471.7666416311067
-2470.811283699244
-2476.39858743149
-2475.1198034782624
-2474.774422824067
-2479.37788103636
-2479.051522592107
-2480.615137583701
-2482.950400245001
-2487.83209670577
-2486.973979109342
-2486.405520860286
-2489.6820649911024
-2490.8531275992173
-2491.5518408378935
-2490.7821850917685
-2494.0643729643416
-2499.5100770903887
-2498.6672914020355
-2497.348860054861
-2503.8830052899343
-2502.133019263872
-2502.1759866000352
-2503.913295393386
-2511.839630613462
-2511.395986639425
-2510.4740853059334
-2509.5873316124107
-2515.4180845454807
-2514.010056802212
-2513.7400047351503
-2518.7953928236325
-2518.18777459878
-2517.3961792369523
-2521.489232078471
-2522.765161028878
-2527.5170168039463
-2526.169066398358
-2526.6945957115195
-2531.3147167215357
-2530.397819801878
-2529.63093184691
-2536.0712297965224
-2535.0142825549683
-2535.603807700321
-2536.2056540592275
-2541.7155400556526
-2541.068324456423
-2541.8525975850766
-2544.2303161345953
-2546.2912653720005
-2545.8368958551723
-2547.376088825389
-2550.475158635277
-2552.999889663967
-2552.1440870141746
-2552.9635526764882
-2558.54447915642
-2557.9354433349004
-2556.931656527919
-2558.162584255071
-2562.378561249994
-2562.5181732824835
-2561.226054323679
-2567.1144908134834
-2566.720543186406
-2568.239884759074
-2569.422753549968
-2576.058708008091
-2574.5270352372077
-2574.905196093447
-2573.491714594116
-2579.3221066409915
-2579.236877898318
-2579.570011023522
-2583.9989622779685
-2583.076976412199
-2585.1374884547545
-2587.30219106381
-2591.068200499786
-2592.2949800951596
-2591.1128334001296
-2591.469648063473
-2596.454026296723
-2595.721354848975
-2595.6288025214953
-2600.034279708485
-2600.1616939919477
-2599.143162960777
-2602.890361133248
-2604.2813704677733
-2609.7875432119768
-2608.630564074895
-2608.052813619195
-2614.208072336761
-2613.238318470252
-2612.3025509868608
-2618.3993950035165
-2617.812902521852
-2617.374176939125
-2616.686568072913
-2622.4609091074103
