-0.5212826911992737
-0.07259466055050143
2.0840314278211904
0.035397082773134
-0.022952588625980395
0.24513657030910543
0.8464429217378261
0.7769350591595106
-0.3313483617311807
-0.09098225066031718
-0.058449469670721996
-0.5555517910937896
-1.086703466063257
-2.1351410744515706
-2.340350859173768
-2.4634318255060905
-1.716881485531236
-1.6112384018403196
0.10090466203991244
0.2512697357694036
-1.5934254313848646
-1.7457123918073594
-1.5573354110724111
-1.660896823219197
-2.162327274933524
-2.075342608189689
-2.224956574461305
-2.4738069923002444
-2.4660986099413313
-2.1286767701562734
-2.0671418911205346
-0.6738338693767212
-0.5176586903389792
-2.2016938123837835
-2.017698577146873
-2.1800289046260355
-0.7061248000156729
-2.42173286457827
-2.2473036691432444
-2.311921580736228
-2.527591920748536
-2.524340358022538
-2.3652614486581807
-2.292955320350751
-2.441194029362356
-2.511545787132346
-2.3941725998446275
-2.2790936283607275
-2.3596320519158347
-2.469795077169499
-2.4114961761819327
-2.319087861117484
-2.3481642950262787
-2.4670101634959543
-2.4403851662278844
-2.3971427182203175
-2.409126361045142
-2.501741645344805
-2.4570196708442644
-2.379784424499627
-2.392286536870675
-2.5427184227754105
-2.508826631980393
-2.332294610929654
-2.3274357436249242
-2.497289440755786
-2.554665896621778
-2.3925288834800305
-2.2815925340140466
-2.429415600062741
-2.563387597066223
-2.469461079241698
-2.286930341336069
-2.414200893935637
-2.6400823391906956
-2.651819703658794
-2.4108717619081776
-2.4320216491806717
-2.612237099429085
-2.7172517852764746
-2.565570701703386
-2.465995062624276
-2.5521298212909733
-2.677991487320276
-2.732213409900677
-2.6202510528427227
-2.525997296985351
-2.6275020380614262
-2.6460036696420195
-2.6142543113001717
-2.637489925478167
-2.7934105295487734
-2.6533908669782567
-2.7358354805157945
-2.7659960629607045
-2.7400257279998175
-2.7124387334165982
-2.7525234088784654
-2.7923466084875503
-2.807784417066584
-2.8797711631944574
-2.747194318889224
-2.6489186054898384
-2.794650425693836
-3.01238476626229
-2.7839875458077197
-2.6863746821409364
-2.9075137938197306
-2.9212727184429372
-2.9959681235739626
-2.8310237797137012
-2.9649568952552334
-3.045975348086785
-3.113601037182203
-3.112690933737685
-3.2197208296506545
-2.9837439659632725
-3.0224335728874974
-3.056728338570259
-3.077230473111014
-3.2453949241572118
-3.081878758681112
-3.0745452839226606
-3.103501818713415
-3.1543406909190344
-3.155802508074779
-3.1230402150503047
-3.169981095108032
-3.4882967679437136
-3.2564807605572375
-3.2175811484166648
-3.2243109257495055
-3.278854084759174
-3.365473058850615
-3.348468618648328
-3.3017847322340477
-3.3376336533345325
-3.4133208976014306
-3.4285497713834623
-3.398676719176134
-3.424927236036929
-3.4638781990002614
-3.4901373243260463
-3.4786681599365847
-3.511838051183779
-3.544953412326713
-3.58233776453932
-3.6050795150762216
-3.633802029101421
-3.6836145883188567
-3.699974701248564
-3.7235885235171375
-3.766794111293548
-3.8452686626833215
-3.8624993877849945
-3.8368652727752957
-3.8594116553293296
-3.9562483580512096
-3.98988277595341
-3.9381780739248127
-3.926740541347036
-4.043811474821703
-4.1359107965744295
-4.107700755107212
-4.06656997874642
-4.166736677989519
-4.268546903350536
-10.543477222312088
-10.464135672290208
-4.258495526653293
-4.398850358802167
-4.401037736795805
-4.3174245134299225
-4.363951387639264
-4.5009289029753
-4.575834457726658
-4.499474707032877
-4.4551757873413775
-4.611660409431958
-4.713895901263519
-4.658719020812669
-10.85687552287128
-10.987514613487026
-11.102084002573497
-9.828827518519395
-4.786581369759269
-4.8823792286077135
-5.002053938129992
-11.245793070073386
-11.180811146366223
-11.296354645698944
-11.443889378405663
-5.15327754846335
-4.973260879767681
-5.027260661126621
-11.537879195898679
-11.582377179614832
-11.440168728353678
-11.412177809921332
-5.333359821564796
-5.484519502732464
-5.3795294556082585
-5.287350179842009
-5.414215302267065
-11.653760788769366
-11.83470519608897
-11.726066078757253
-11.777928803977638
-11.915994174272077
-11.856626301123567
-11.86993934638901
-11.911865700949788
-11.689085524890897
-12.174857522057405
-11.908577374554289
-12.097345605279585
-12.262304053781113
-12.368985736643634
-12.387991724073153
-12.385448190658195
-12.505508720826766
-12.54652842227951
-12.371295968162347
-12.289462470583768
-12.342022194391436
-12.477065694345024
-12.597270914391629
-12.685224011784824
-12.82146083415884
-13.010380893259462
-13.07669849509079
-12.990733557274625
-12.740647974286347
-12.3376042454521
-12.221457157110718
-12.44200188883442
-12.64484527487756
-12.876847688505697
-13.124117818362075
-13.37658136689669
-13.687848375455918
-14.155573211624537
-14.752311938983661
-15.323029858503062
-16.540988902766152
-17.759420838529664
-11.97557727485424
-12.462509153713876
-12.871964996244989
-13.199079522012866
-13.562962923958064
-14.011083303941652
-14.531402710758027
-15.0842149073933
-15.626039014426844
-16.18077019167597
-10.694708563399557
-11.743072815502689
-12.368103710452056
-12.710782963067476
-13.165586041063142
-13.670934407478061
-14.159287496561332
-14.607376102839911
-15.003555483135871
-15.377939556450162
-15.758197076375513
-16.358916305178646
-17.63522118798701
-19.038838885849472
-19.702723124979137
-20.234171903633158
-20.45273960115877
-20.34851936916845
-19.691299569324507
-19.67399455183456
-19.92791596610293
-20.29711312559824
-20.703784881193634
-21.082504017370802
-21.441073327876573
-21.819481521290644
-22.287745370516706
-22.896705049588775
-23.59655438650166
-24.23010531114346
-18.640855367060865
-19.74921076011381
-20.51652532015463
-20.894691473743073
-21.176412511375595
-21.203823161078205
-20.838361169016316
-20.682774318570196
-20.899114159433733
-21.20381433130971
-21.60340185921405
-22.045771137480322
-22.481573890649706
-22.918193855797288
-23.356777804865708
-23.771318130985637
-24.213936471539043
-18.480154681834335
-21.575668658610464
-22.44839900959713
-22.828857789377583
-24.149649353295157
-25.946279534825976
-20.318244462824197
-20.798240689208146
-21.24162275344452
-21.712924118817302
-22.216052617851147
-22.73033862224749
-23.13304264530944
-23.35969105422654
-23.423375838744388
-23.278273106852737
-23.23324354036827
-23.352165803914076
-23.61115587424692
-24.06407583605433
-24.694890914692152
-25.345049085614264
-25.870712209775547
-26.495885902214393
-27.427718952451368
-28.269202757190264
-28.73420512630757
-29.036491490082962
-29.736476907597847
-28.762529050787162
-28.64415316924051
-28.975043858835967
-29.349569629391596
-29.72532338113875
-30.06109140673186
-30.420185916219374
-30.82671396247428
-31.190761238078213
-31.028624385717627
-30.738366458343304
-30.935087534184444
-31.366070743542874
-31.832377865895225
-32.21256826529728
-32.770528362289376
-33.48640192976761
-28.505990530924702
-29.073212742980843
-29.38569310322278
-32.05911623733959
-34.926358931133066
-28.90679565589241
-29.161081798861304
-29.431548506249158
-29.89439984491
-30.503527448596156
-31.03057402109259
-31.36190295172712
-31.493938505886653
-31.410778753275967
-31.40128158704394
-31.514398332657994
-31.7580622213731
-32.129172780638555
-32.51460331485882
-32.95085148213692
-33.49363226175458
-33.99733911919774
-33.71748265898742
-33.405437209088404
-33.698624911458474
-34.163068781190866
-34.581880547419225
-34.99861991949657
-35.57259894922491
-36.264714100763115
-36.887055997313894
-37.27797257609436
-35.651812509311426
-36.79269098947465
-36.93775924709278
-37.3457346598626
-37.79626809712705
-38.18090252000807
-38.53879712398132
-38.902657143707266
-38.96214878702105
-38.84525993418146
-38.82634350242485
-39.0635205716718
-39.51658211774283
-39.99976263612335
-40.475288411667606
-40.89788594711997
-41.13415942047818
-40.83656577733058
-40.78745509155923
-41.04033413915744
-41.36577320343952
-41.73602915718874
-42.24734008364764
-42.823733689766165
-43.27336354075783
-43.48545827115351
-43.311057453144095
-43.23073751472982
-43.43723353198416
-43.77256232630892
-44.175479433715914
-44.64150548619165
-45.02672282395941
-45.26278332629849
-45.232016755379064
-45.07048271049926
-45.26436739123591
-45.6400992905086
-46.10682517689585
-46.56109168447331
-46.89188837246082
-47.05286621407795
-46.936277549115545
-46.7789730168366
-47.00220363543084
-47.35366547744787
-47.84499755398171
-48.43735480182511
-48.96113898414398
-49.28379567701208
-49.29482937517216
-49.03919533646061
-49.183585024958624
-49.54296526477664
-49.927231198925
-50.30209049355025
-50.65131882821292
-50.86977000117089
-50.74495054256703
-50.66938522575963
-50.90008051308656
-51.29285411547329
-51.73127665255464
-52.117105916211706
-52.356874365302595
-52.42704852822735
-52.34864978266194
-52.3665377949358
-52.60122741661071
-52.907554194062556
-53.20992163088342
-53.46819161538143
-53.49401196711962
-53.358423714679425
-53.41752522798048
-53.646124712878645
-54.022149723281665
-54.48630741942676
-54.86174221321379
-55.05278554370485
-54.935685502484404
-54.76556934606305
-55.013823660459366
-55.366565480173584
-55.75412675476617
-56.10777626397434
-56.355292415058436
-56.226624554814066
-55.97424868598502
-56.20502471699885
-56.71585833933463
-57.37993548594704
-58.07391458870341
-58.636113115438306
-57.66444267127548
-58.560812977468416
-58.521432833939365
-58.73774163101679
-58.94316046261187
-59.25187325168556
-59.64787703470502
-59.64969579414576
-59.413080335559826
-59.409558281075775
-59.772227225965764
-60.26257465491714
-60.62770412761799
-60.850083529611595
-61.002114451296976
-61.01034123578894
-60.95939785449317
-61.08252243518756
-61.36613067383098
-61.685762929909615
-61.87476176183623
-61.7743739533704
-61.682589957652546
-61.81229881360663
-62.0347818818739
-62.26147032417104
-62.53798335035693
-62.74954343484132
-62.70217248876994
-62.58186593430619
-62.80771222555043
-63.218609170496165
-63.64686163023627
-63.90192044992418
-63.886120214238495
-63.8082245558619
-63.87394354449097
-64.07828355764295
-64.32452549247812
-64.5752074369073
-64.75890441179104
-64.44937832468884
-64.42495514825224
-64.67196555351724
-65.04784630129645
-65.52880368637804
-66.03162963840049
-66.30115781295099
-66.16650089939115
-65.98493817521434
-66.11599293144015
-66.8233356851853
-67.2771490037557
-67.59055876941582
-73.77467055723724
-73.54424402431776
-73.67379714262793
-73.93568216436465
-74.1553069404603
-74.36116092564174
-74.51533178877405
-74.39404246213756
-74.31495568365075
-74.5648757964387
-75.00737244227552
-75.53800477270171
-75.7977585368691
-75.66893184597029
-75.59578674928167
-75.78810272844403
-76.0347903972002
-76.26269320534385
-76.41492087551886
-76.39154109887703
-76.27242431792295
-76.34696053242168
-76.57928332217949
-76.80102100657014
-76.91034623624064
-76.80607479460612
-76.76308506188218
-76.91212993555774
-77.13372416442394
-77.38818820141279
-77.65535691937394
-77.77281967597057
-77.65155971958713
-77.73140203902534
-78.03024940472109
-78.36089715998953
-78.5560106514935
-78.43353714544541
-78.31790089816232
-78.4221154275934
-78.60220069258038
-78.8135855200526
-78.89085429766654
-78.82386913828557
-78.77769327527936
-78.94504466004148
-79.1875122601823
-79.44449463392391
-79.59381445880392
-85.85646798938573
-85.85755984917151
-86.03267351976749
-86.30921799622664
-86.58127440598804
-86.73527675104411
-86.66564617396308
-86.55655072654571
-86.72463801995092
-87.03291631451253
-87.30837131613407
-87.4147243067952
-87.23660850137392
-87.1507226706926
-87.33006596071861
-87.66004314393338
-87.9325262145976
-88.0074437463888
-87.70066477630746
-87.65661219657146
-88.02679121117089
-88.4425393492116
-88.67447433516949
-88.64578563730885
-88.46135074588648
-88.57487925974915
-88.91642971551533
-89.2524171657135
-89.43452072882117
-89.32914132978135
-89.165016672588
-89.32210209424484
-89.63923386129859
-90.07139885165707
-90.48745774346217
-90.43112863030535
-90.13638926014877
-90.3355008205658
-90.682728627944
-91.11812139229417
-91.24896043996912
-97.32647168421246
-97.28500208667622
-97.48644839592625
-97.75597020976925
-97.94210111354198
-97.9572843963715
-97.81507809571099
-97.83271366253906
-98.01668079674013
-98.28584552837277
-98.45004266446303
-98.43427401056668
-98.42300354233079
-98.57056088476045
-98.81658048835803
-99.08924945649464
-99.25500171884488
-99.19379816098163
-99.10454557660327
-99.21405924517633
-99.4489881923005
-99.63794348537984
-99.60551076572786
-99.50404180837047
-99.58790726601467
-99.81031295951365
-100.00642762989195
-100.05805731728627
-99.97204008140498
-99.97151370019307
-100.15503901476644
-100.38886133681434
-100.53348491370946
-106.76698004133446
-106.72229191249367
-106.86274588764276
-107.05349735085824
-107.14705909480558
-107.12769573677933
-107.09857629965688
-107.16923064119774
-107.31036028442949
-107.4488210332569
-107.51276498671511
-107.45309958039567
-107.42320556346718
-107.5404727935424
-107.73399944453746
-107.85938499796356
-107.82416030883873
-107.80396868965468
-107.92501630341314
-108.09027075806914
-108.21138491413933
-108.22073969041635
-108.12574153350924
-108.15161066981423
-108.33744115286966
-108.539370840025
-108.55133769563778
-108.41559205956739
-114.70231524567289
-114.87516476319418
-115.03995482983866
-115.08933099096328
-114.97688159470883
-114.99594278209251
-115.12668046578678
-115.27677209917391
-115.34672903360251
-115.27953399573282
-115.2501630001452
-115.42078776121407
-115.6373807488346
-115.73222997058579
-115.63186267906671
-115.60303296793872
-115.74540192173005
-115.8975750497764
-115.92668944637772
-115.87613548252381
-115.89953684653305
-116.00817577303421
-116.11364374289126
-116.16920605919873
-116.13704827390671
-122.3951414276591
-122.45972581629037
-122.62092898152092
-122.75613095938927
-122.76103367207438
-122.69352407326575
-122.7900905912172
-122.96793933298345
-123.07925868597732
-123.05865603070565
-123.0337832588906
-123.08674436135954
-123.19477326530229
-123.27037203863074
-123.24546859758621
-123.20615748166247
-123.24788577109767
-123.38442246323135
-123.51666182237003
-123.52782396724571
-129.745419675724
-129.780059311848
-129.94294917436287
-130.10115803039844
-130.11284120061816
-130.06220904312661
-136.36851608126236
-136.51334334020456
-136.62281657438547
-136.5967028125582
-136.51964441028778
-136.59127287591326
-136.7466083367161
-136.83467155552214
-136.7300786000221
-136.70455221807435
-136.78606706975205
-136.9197391541618
-137.00958242587075
-137.01713957743038
-137.00613698896612
-137.06137675222442
-137.18853667021793
-137.32273371633445
-137.286751312764
-137.23280578236802
-137.33409684768574
-137.4657123118942
-143.81946241704938
-143.7010960357046
-143.69849492231774
-143.78695027221383
-143.90946711549955
-143.9232182324202
-143.8867567310737
-143.8859786067917
-143.98210377471477
-144.10901313185428
-144.18193965480475
-144.16834061039182
-144.16610046139647
-144.27029331469328
-144.37135134170555
-144.38265051369206
-144.34437455916247
-144.3773564264921
-144.48202422766477
-144.53514682808998
-144.53218298055938
-150.77716787962137
-150.7867664078492
-150.8963990451432
-150.997149067831
-150.9803005058983
-150.94612361121355
-150.99130228106714
-151.1639402415366
-151.2151889501485
-151.17687383118792
-151.19576944012243
-151.2955629864216
-151.36666555984888
-151.38326724391973
-151.36209952188
-151.3675678918471
-151.4250106390647
-151.509046762303
-151.54055170201062
-157.75105078022986
-157.7634373174255
-157.90117328027898
-158.01117078651544
-158.00708202039257
-157.94890441130133
-158.02059202889563
-158.16366703020913
-158.21697664053596
-158.17472070029265
-158.15149112858532
-158.24301517939057
-158.33892049853065
-158.34525952984902
-158.2709953579531
-158.28209327924128
-158.39586981901405
-158.47512313488335
-158.442669121481
-164.69038724042443
-164.74647498924912
-164.8709655830877
-164.93381073572866
-164.9087337297681
-164.88223100205153
-164.9356864363667
-165.04446995578667
-165.088983456312
-165.02305791669224
-164.980227309388
-165.09383745579237
-165.20381272843503
-165.15214246058736
-165.08045434949992
-165.15195425180477
-165.30190133955816
-171.62694244202453
-171.56202430383473
-171.54744113636872
-171.6484873859267
-171.7553989576251
-171.76886196845987
-171.7140508489662
-171.70776394770607
-171.78272773317573
-171.86547660074703
-171.85165660815483
-171.8049075839969
-171.8481860828194
-171.9490030250166
-171.98728996982788
-171.92713049884878
-171.919075136264
-178.30532898532226
-178.38409432989963
-178.36133935486598
-178.30811293745674
-178.3603448922558
-178.4656594988928
-178.50830628050917
-178.45316289173738
-178.43058872913105
-178.5263549437516
-178.60178546531046
-178.59483451444487
-178.5517249017795
-178.58829329317967
-178.667115400361
-178.6871611226652
-184.94462206126772
-184.92041435807153
-184.98273178569008
-185.0499052392898
-185.0102417245857
-184.98748840343555
-185.02661729615664
-185.1297823348981
-185.19050955768893
-185.13930835138262
-185.11774933773833
-185.18260157134003
-185.2875392178022
-185.30111279783577
-185.23012643751576
-185.2271689156155
-191.61285837432138
-191.6509872260418
-191.57437320018727
-191.55643381831553
-191.62482549139798
-191.68080751677823
-191.6465079959669
-191.6301358587962
-191.68319070441078
-191.7451893810755
-191.77310821292093
-191.76932670620025
-191.75222175748897
-191.80179088741187
-191.854462612911
-198.1400620855222
-198.08696997958464
-198.12092192465494
-198.19404326611118
-198.21017035621023
-198.1360190129023
-198.15588187128355
-198.2426288487253
-198.27610368680973
-198.2526592556064
-198.23909393361092
-198.27484322543677
-198.3374122225768
-198.34336226149955
-198.2928175076901
-198.29923926904655
-204.64690000497268
-204.67883877550875
-204.6306701439819
-204.6227690081831
-204.6762176103269
-204.73857142281403
-204.7155952363965
-204.6921720394072
-204.71793397078528
-204.76715644836244
-204.80628129370405
-204.77854059985154
-204.78448037563302
-204.82811308708233
-211.12539647433414
-211.10709479131015
-211.0443013418535
-211.10701185272717
-211.18218259482222
-211.15701166788057
-211.1082200696385
-211.17653215245247
-211.21177803557086
-211.2488864936059
-211.17760686678943
-211.21245821863295
-211.221416618061
-211.29031540921184
-217.5195121765431
-217.48847562368897
-217.50709366600998
-217.58250134102727
-217.5782609878614
-217.51251818863182
-217.53626604978464
-217.59820534653372
-217.63459415763168
-217.54069000105207
-217.5964330287929
-217.60873326353916
-217.63456075328762
-217.640018473303
-223.8792528203159
-223.90918091954094
-223.95949766544754
-223.9624989749942
-223.8913093499934
-223.8992008032974
-223.97960475317393
-223.97642676255805
-223.8861333294028
-223.92409352657108
-223.96732647902428
-223.98530593864882
-223.90878964434097
-230.2109164487406
-230.29639650161587
-230.30952100302073
-230.26164011334743
-230.25763875297804
-230.3052225034583
-230.32473267462709
-230.2891683411018
-230.2646856309022
-230.26625282951483
-230.30308230982104
-230.29466935309645
-230.23481967601293
-230.2363944429713
-236.5918720507617
-236.61786968824276
-236.5580282472606
-236.55508630351238
-236.62091054593046
-236.662769845711
-236.60074651075954
-236.61548690127134
-236.64918263319663
-236.67850947403826
-236.59212886220274
-236.57889288692718
-242.86608435835075
-242.89608612124113
-242.85998828658705
-242.80103812611938
-242.84808249258697
-242.90516465465225
-242.8911464430356
-242.8151539002016
-242.88278191146333
-242.95116025754498
-242.89255718192734
-242.8392879229511
-242.83256131550343
-249.1711072121005
-249.17045283503006
-249.12513757295818
-249.10317675042106
-249.12973686757636
-249.17166910736177
-249.12720118842338
-249.07316188862038
-249.14207883418914
-249.15665036065604
-249.11333941431025
-249.0410000812334
-255.3626604312632
-255.41984765397368
-255.3612774739406
-255.3034198787999
-255.34161764962343
-255.3895085590521
-255.383153316031
-255.3329312831892
-255.34295423534152
-255.38564139693491
-255.39178076853273
-255.28841009933248
-255.2942708707659
-261.62390724563096
-261.6113008627808
-261.53393154915756
-261.53027955063646
-261.5770722622069
-261.5724779409377
-261.5225623169911
-261.4927329538546
-261.5156222023352
-261.533394529148
-261.5088082837633
-267.7391731675819
-267.7836111482197
-267.80601743865185
-267.75328230377295
-267.705569106825
-267.744164024199
-267.75689411930114
-267.72376167779856
-267.6376357673359
-267.6833800043217
-267.70401944510627
-267.6621654702591
-273.87918184249423
-273.9279154761237
-273.9495286471685
-273.8950075841487
-273.863029322637
-273.89342872516033
-273.8990011592526
-273.87460026663047
-273.81082317858204
-273.81915182671537
-273.8377450910717
-273.7966400545556
-280.02345479146294
-280.03745026821724
-280.0655822495909
-280.02585839849036
-279.96906555366377
-279.9777252861057
-280.0195269272764
-279.96080841964476
-279.92117465183014
-279.9553604565902
-279.96090850720134
-286.1864342521349
-286.1634007823343
-286.18892714694147
-286.1721411982942
-286.1451760236445
-286.08292103291586
-286.08728919956934
-286.11218622263897
-286.0772802003614
-286.0183861619821
-286.0444040089969
-292.3420089517929
-292.2996848894831
-292.23668425935125
-292.27050117869953
-292.28319725924723
-292.18321244600287
-292.1371424867953
-292.1853302321157
-292.177100698814
-292.1055899394498
-292.08430803360335
-298.4003458981475
-298.3894064003961
-298.35855645431275
-298.30021531151954
-298.3317781713068
-298.33135934415066
-298.25642639839657
-298.204469182506
-298.2439876644761
-298.2454072783677
-298.1365294773325
-304.3814047001268
-304.4337365857521
-304.43739925570264
-304.3330469300866
-304.31461581506034
-304.3679902275652
-304.3425784113428
-304.256636312594
-304.2452372584151
-304.2657323633874
-304.2407343428133
-310.44585235148446
-310.41694432690707
-310.4440307180152
-310.44101693454013
-310.35205081323244
-310.3357096902935
-310.3747603952738
-310.34845090271887
-310.24865605302114
-310.2890861740825
-316.58031671985077
-316.4992491599065
-316.42678114146287
-316.45289404368276
-316.4527212102885
-316.3693631652555
-316.332685754739
-316.3501343221408
-316.3243042031179
-316.2840870184727
-316.2549647623806
-322.53766081472645
-322.51654245392075
-322.47147317343354
-322.41773348381577
-322.41489493852316
-322.4042485446503
-322.3303349221945
-322.3102849889333
-322.32579993665956
-322.316976766887
-328.50793205764114
-328.4822862891487
-328.5184628008637
-328.4703106197895
-328.37889095123967
-328.40330521486436
-328.40996442337615
-328.31305934126584
-328.2745119314846
-328.2706679167421
-334.5515417560835
-334.4749154069917
-334.4041888186607
-334.431243362875
-334.4306684621922
-334.3508799047929
-334.2890882165905
-334.3380294795221
-334.2907707980549
-334.1930626715463
-340.4603199692946
-340.4797800612078
-340.4098422822251
-340.33068359354047
-340.33032121924657
-340.3138154078104
-340.25286595801964
-340.2073948123665
-340.1875240472971
-340.1693440503679
-352.71631443276823
-340.090477626349
-340.0522844117703
-340.0541901274414
-339.9822297330323
-339.890083970136
-339.9076087305373
-339.91427596227066
-339.77887632309205
-346.0417534671531
-346.0921023955807
-346.02808160149334
-345.9179620194809
-345.94649379079766
-345.9378861832318
-345.8503695035492
-345.79078138256375
-345.8042097830439
-345.74268735230515
-351.9493302508279
-351.9135199343876
-351.92188800449384
-351.8837940881219
-351.807094727279
-351.76042644532646
-351.7857083116473
-351.7275705254727
-351.6432978670261
-357.90399792975853
-357.8959502599034
-357.798355804216
-357.7393947121567
-357.73541998511865
-357.7046779711307
-357.63177099320086
-357.5781323298885
-357.58232410480986
-357.54344336632056
-363.74495233979474
-363.6807287008509
-363.6917768656792
-363.6366762127013
-363.51715400967214
-363.49266781886513
-363.52379486258513
-363.4167103795289
-363.32648943317844
-369.65233178822587
-369.6152494919453
-369.4737118239974
-369.4705438273224
-369.4789961958316
-369.3702378097513
-369.2997493233517
-369.3163434676974
-369.23205308765205
-375.4303496649337
-375.41955588097727
-375.3690751109808
-375.2980242035725
-375.25742394525673
-375.2036164791634
-375.1578244247758
-375.1300921141221
-375.04939068040517
-374.981237874499
-381.26214555129945
-381.18649192741026
-381.07556375439606
-381.07469602503926
-381.0592975328093
-380.911331270906
-380.87085117230896
-380.8910424623065
-380.79566195614274
-386.9697429044333
-386.9784526143089
-386.9439550282189
-386.81804518780814
-386.7635821824544
-386.76404886549005
-386.6859339065008
-386.5743897578103
-386.5435575577259
-392.8138021172513
-392.70929412870834
-392.6375414957274
-392.63056478192954
-392.5696586915209
-392.4831410210794
-392.4320800048102
-392.38949819664214
-392.29189472800914
-398.50571848824046
-398.46810273180176
-398.3904012760434
-398.32136888049337
-398.2640136066503
-398.2018863776296
-398.1490994334189
-398.0750554456236
-404.2573179122094
-404.22716078401425
-404.1748495530391
-404.02023471574444
-403.9812717650754
-403.9701647577937
-403.8246049242611
-403.73456268375674
-403.7544851432244
-409.93774453047916
-409.79531433134906
-409.80418148589007
-409.7330439323102
-409.5549156411014
-409.54975093683794
-409.52056311881023
-409.37932621368424
-409.307379562655
-415.56151672363495
-415.47444071357404
-415.37673660104406
-415.3071414183855
-415.2702804322409
-415.17135897953165
-415.0825179524879
-415.0254064087028
-421.22580485176206
-421.12660603941686
-421.05324407576626
-420.99815272063597
-420.9134889501304
-420.80332816782976
-420.7504529285997
-420.70517484310545
-420.6070108313643
-426.7811708210602
-426.7405540126419
-426.649100102467
-426.5398538762331
-426.47778736676594
-426.4299285659802
-426.30687805832895
-426.20238119774336
-432.45494521936837
-432.3931005600626
-432.2552236973924
-432.19567855663166
-432.171707412121
-432.0199221806602
-431.9273370396727
-431.92913159408624
-431.80816341649984
-437.9645104973565
-437.9236533913744
-437.84195786152816
-437.698853043428
-437.66133683779697
-437.62294410964284
-437.4779260007071
-437.40594215568774
-443.66203344553156
-437.2205083912362
-443.418190747006
-443.36453350013227
-443.2683743060621
-443.1770173734516
-443.0990649299969
-443.0052851002731
-449.247035269035
-449.1580890113997
-449.01799367028167
-448.98240154002735
-448.8854817508399
-448.74736118887745
-448.6922259913244
-448.6567538123139
-448.5053973362694
-454.70293159563164
-454.69507999901265
-454.56748317966674
-454.4446581432855
-454.41692202793695
-454.30650582074713
-454.14797196544237
-454.11054023636984
-460.3158087158129
-460.1600255097827
-460.0958861692775
-460.01016561610567
-459.89728048739727
-459.798226870313
-459.740812273699
-459.6509075058705
-465.8193568727982
-465.73142631413657
-465.6564700485231
-465.54244554547813
-465.4252386010877
-465.3348920253118
-465.25960720547454
-465.1348240774871
-471.31917454902606
-471.24150645365506
-471.0709162360737
-471.007130314876
-470.91951295502344
-470.81479081950016
-470.6924401273872
-470.60331040525296
-476.81484233996093
-476.67599217786216
-476.57377504862006
-476.5230286126501
-476.3701744101713
-476.2399950669127
-476.20864236950223
-476.09160573767014
-482.2197330436443
-482.17595475817535
-482.08598062706886
-481.9084292471161
-481.84387258968997
-481.76354985587415
-481.60735715573514
-481.5353717798346
-487.7368715550265
-487.61149526234993
-487.5195640695555
-487.41771605919064
-487.3075682242613
-487.23989140596296
-487.10765904817157
-493.3052589169528
-493.2179318304869
-493.0670123651684
-492.9774860659739
-492.9065706493709
-492.73767121089463
-492.63271244539374
-492.578923671037
-498.68878865580376
-498.5638301446393
-498.5126120349317
-498.3413894228777
-498.2011335557394
-498.13028454926445
-497.9895799985752
-497.8497676303275
-504.04965306149234
-503.9556903723876
-503.8278111856488
-503.6982384890768
-503.58464062879347
-503.44377588436225
-503.3037906728305
-503.2027251338563
-509.3740617753803
-509.22253115082555
-509.1202177644159
-508.99906765532165
-508.8303484757424
-508.7452369908653
-508.66521585133336
-514.7991927797332
-514.6477672068402
-514.5665738693024
-514.4344665708587
-514.2528237874463
-514.1732342542524
-514.0588148107755
-513.8948177051153
-520.0876892943367
-519.9958689928778
-519.8249568605994
-519.7081650761462
-519.6318531442131
-519.4610452307246
-519.3197106670207
-525.5669063557199
-525.4364644479522
-525.3014292440397
-525.19415218365
-525.0536341430559
-524.9048123565753
-524.7868057983109
-524.6751911265785
-530.8087552641376
-530.6874673169035
-530.5960022415586
-530.4466018072044
-530.2945701609011
-530.1931772998628
-530.0708356468723
-536.1994793932898
-536.0730271037094
-535.9386749690956
-535.7702763576517
-535.6213724859299
-535.5448947152987
-535.3839529887147
-535.2336688990629
-541.4338998298123
-541.2657171530292
-541.1051432579351
-541.0512014573951
-540.9065235885487
-540.7146284938559
-540.5641872229781
-546.7027399866205
-546.5269140033864
-546.4617846964944
-546.332353131679
-546.1226425129681
-546.0035915767343
-545.8590822196745
-545.7345395140652
-551.8744190062724
-551.7570721625997
-551.571178889427
-551.4093013820998
-551.3565554909014
-551.1498539851923
-551.0055658307729
-557.1876859693672
-557.021157752569
-556.9022785094188
-556.7471354276767
-556.590718619944
-556.4183997805782
-556.3166588901286
-562.4801919651136
-562.3218854516629
-562.1385545909083
-562.0449671389879
-561.9093534522617
-561.7075029972718
-561.5995278330483
-567.7325901002088
-567.5588683800112
-567.4566694649264
-567.2879049853758
-567.0613697185239
-567.0227448421782
-566.8515861060417
-566.6329540013357
-572.8590952922598
-572.7140497031653
-572.4961255527367
-572.370381201454
-572.2024231718548
-572.0537171939052
-571.9221783631743
-578.0349560817498
-577.8904724978455
-577.7656389475218
-577.5992260084275
-577.4317232687628
-577.2460651073308
-577.1544587882539
-583.2526229363889
-583.072993630771
-582.972688377214
-582.7918451994658
-582.5874010895249
-582.4367120965909
-582.310332693107
-588.3737951933432
-588.2412033605907
-588.1113397997129
-587.8834726790943
-587.7035937852104
-587.6041982812317
-587.4201100868067
-593.5368571899835
-593.4046250634246
-593.2352144894054
-593.0618132844785
-592.9497495475599
-592.7627263265625
-592.5724266587638
-598.7583554462956
-598.574670039862
-598.4032210805578
-598.2859206677713
-598.1141690639887
-597.9170898749275
-597.7564019393824
-603.8766162592199
-603.6715940228041
-603.531837841985
-603.3526522805508
-603.165592949677
-603.0266769318721
-602.8494543043782
-608.9252126086695
-608.771224255607
-608.6103102660492
-608.4147765474555
-608.2730198261962
-608.1345437122532
-607.9229434963071
-614.0228883477104
-613.9057315450231
-613.6710094717947
-613.5183766327635
-613.407860397359
-613.1535329152232
-612.9931676052081
-619.1180332590093
-618.8876478583538
-618.7404348026554
-618.5473702718464
-618.3413538939056
-618.2037862225353
-624.3030139870435
-624.0723231139744
-623.9219898690583
-623.7894959883876
-623.5754404426315
-623.3876954837325
-629.5266098746544
-629.3489472162056
-629.1657593486017
-628.9884424877337
-628.792341113904
-628.6196043197228
-634.7523267297079
-634.5178149490071
-634.3135829331361
-634.1784035141072
-633.9324640892874
-633.7784254754043
-639.8739114951761
-639.6549257605499
-639.496077834477
-639.3502145590127
-639.159155120905
-638.9434355854032
-645.0627717236197
-644.8565490685343
-644.6816033899652
-644.5061139593847
-644.3357160764114
-644.1259563515604
-643.9305999356488
-650.006700960788
-649.7829578421565
-649.6550799349659
-649.423190023977
-649.19266129268
-649.0527143489337
-648.8170030707048
-654.9291212632263
-654.7562689969749
-654.5572574014519
-654.3646733666404
-654.1979263970046
-653.9905424413246
-660.0268625020633
-659.8664941233827
-659.6182997318691
-659.4530495553481
-659.2767229982445
-659.0442032515645
-658.874319040641
-664.987331157002
-664.7602582835154
-664.5760158687846
-664.380557794321
-664.1361031291307
-663.9320523608094
-663.7656746411536
-669.8246664216362
-669.6086734740317
-669.4237208688606
-669.2004536967067
-668.986169047021
-668.8216849490434
-674.8626254798918
-674.6630927397927
-674.4812271608046
-674.2514792215709
-674.0783742588126
-673.9172547450014
-673.6379511201408
-679.7426088483916
-679.5520467672927
-679.2813967402549
-679.117224209592
-678.8886301584295
-678.6197650285465
-684.7288119445769
-684.4758750057131
-684.2979473040947
-684.0890350966768
-683.87936876547
-683.6666170021705
-683.467077674736
-689.5298190976603
-689.3002408270281
-689.1351263786053
-688.9227782300761
-688.6656693250508
-688.4757762865597
-688.2532163208003
-694.2824805826601
-694.1213730773277
-693.8658024077881
-693.6720474279726
-693.488617455359
-693.2206982276125
-699.30051289911
-699.0805412795619
-698.8067303802222
-698.605674516883
-698.3683054710053
-698.1233886507723
-697.9033863582326
-703.9556157812682
-703.7321960932098
-703.5194632966596
-703.3783196215927
-703.1280528833545
-702.8998598469865
-708.9634722733148
-708.6894335914257
-708.4820871331276
-708.234765776831
-707.9601316571355
-707.7807158133386
-713.8025719786771
-713.5712231917576
-713.414926889318
-713.1521780947501
-712.9336875762291
-712.7023589886691
-718.7466245997458
-718.4998395532557
-718.2984254017658
-717.9844834099032
-717.783001210073
-723.886212012669
-723.576812830305
-723.4126435352708
-723.132812146421
-722.8772691905116
-728.9625336175079
-728.6904240429859
-728.4944016140931
-728.2717201674734
-728.0071794670902
-727.7548832866787
-733.8140572594965
-733.5964559376268
-733.3592575387543
-733.1398414988423
-732.876390548615
-732.6231258702624
-732.3928695923504
-738.3850062295513
-738.1881811059694
-737.9515498712414
-737.6635374210255
-737.4310113144032
-737.1626657480884
-743.2265556088945
-742.9974272601091
-742.7259298221448
-742.4502505852023
-742.2279968923516
-741.9818258862454
-748.0151782647345
-747.7781272522155
-747.5370212498475
-747.3073817487584
-747.0448978797862
-746.7719466991165
-746.54147386357
-752.5952026975397
-752.3116878671291
-758.3469029504989
-758.0786918201599
-757.793988676738
-757.591000974407
-763.6134859590595
-763.3011926120478
-763.1321928942427
-762.8257413503422
-762.5398424540155
-762.3583878273013
-768.3099924481892
-768.092038191764
-767.8114076634769
-767.4899291016822
-767.3249046293796
-767.0252161091419
-773.0279202426696
-772.8532361019056
-772.5183485250031
-772.2725705832471
-772.0722663680575
-771.7558182689611
-777.8162197349412
-777.549398888629
-777.2487181444358
-776.9857438916671
-776.7376513666435
-776.4387339580071
-776.1612309744153
-782.150422903758
-781.8840332604692
-781.6600919276057
-781.3362751994596
-781.0489305612278
-780.831146214485
-786.8084129898889
-786.5375507469157
-786.3105969101194
-786.0024515880649
-785.7374636473621
-785.5032248470968
-791.5149843848612
-791.2533264586713
-790.9555490490291
-790.6956968627723
-790.422785294263
-790.0935162899915
-796.1460580992465
-795.8842890128856
-795.522494813948
-795.3085920448417
-794.9769865618575
-794.6687378212815
-800.7676222868054
-800.4062725780519
-800.1441036137519
-799.8734703041424
-799.5506632000983
-805.5634356017788
-805.3208758642804
-805.0582800684997
-804.78142317779
-804.4525690886405
-804.1634701328278
-810.1923549393479
-809.8025795902506
-809.5698341737891
-809.3724112825456
-815.3142746057882
-815.0271636123457
-814.710904694479
-814.3825488851505
-814.0980898188226
-813.7962412262428
-819.867041817866
-819.6067097829136
-819.2276459257465
-818.9831497407349
-818.6433939572241
-818.321951220253
-824.3809868374912
-824.0983519323465
-823.7796352119722
-823.4389658685434
-823.1383972903479
-822.9121099383513
-828.8967593166564
-828.5327778643133
-828.2574438917167
-827.9131123558749
-827.570940965428
-827.3078291685168
-833.332722092706
-833.0495244639415
-832.7160394689882
-832.3906067209846
-832.1568674195704
-831.8174777316694
-837.7499205752005
-843.7777115080615
-843.4915786528575
-843.1330350774087
-842.787287871913
-842.4955299526788
-848.5237612920083
-848.2262478187903
-847.8092629415987
-847.5777882395957
-847.2389583783147
-853.2530322985776
-852.8788195835269
-852.5609872233966
-852.3338660559485
-851.9461982650503
-851.6082198185161
-857.6071473517999
-857.3123902700746
-857.0284689226036
-856.683127773003
-856.2876889085657
-856.043643654706
-862.0191513257253
-861.6893738669598
-861.3329006663718
-860.9723241442659
-860.7322370782388
-860.4278164161567
-866.4234138786865
-866.0197130627552
-865.7033480668167
-865.4129809360614
-865.0445439245824
-870.9369486323104
-870.668580797888
-870.3578058210306
-870.0479282209466
-869.6924675172382
-869.2872109156838
-875.3113536641038
-874.995714053386
-874.744745254442
-880.6268232753428
-880.2236082864553
-879.9357692633806
-879.6300162032031
-879.3187396139269
-878.9487230273041
-884.918714318523
-884.5816723550565
-884.2902820768691
-883.9010382731711
-883.559492941119
-883.1468264563844
-889.1646990086358
-888.8634158127451
-888.5600448469653
-888.1761666680442
-887.8420367794148
-887.4120815470512
-893.400045798419
-893.1338591720855
-892.777559082733
-892.4024893822041
-898.2244161440673
-897.9344297746811
-903.9137629014846
-903.5555646316126
-903.2451981992195
-902.8710676220896
-902.4470623072491
-908.4454190756782
-908.0824135280365
-907.8018707031903
-907.4629467778522
-907.0583680631212
-906.6577136538613
-912.566320146744
-912.2813585971653
-911.9377080365487
-911.5828645790493
-911.2266596766848
-917.040857584287
-916.7488352773903
-916.4129972529008
-916.0505072951104
-915.7588681600337
-915.3428754281347
-921.2009914006749
-920.8797118337462
-920.5132458252085
-920.1930814115188
-919.8215206984936
-919.4910305539213
-925.3661425941549
-931.2036159801113
-930.8879885782302
-930.5270172523674
-930.1677454904341
-929.8735049049166
-935.7799668020691
-935.3829076292287
-934.9227012285114
-934.5805652085792
-934.2498399724483
-940.157710800385
-939.8346439275906
-939.4732239146684
-939.0873771527248
-938.7079710963985
-938.2275677930933
-944.1849085751281
-943.8328595916264
-943.4499170050661
-943.129965704076
-942.8035536912494
-948.6934380578799
-948.2403911067792
-947.7861644669933
-947.4721611103938
-953.349132387044
-952.9686509590172
-952.640888967387
-952.2836382526544
-951.9168114584861
-957.8214710786411
-957.3639360825633
-956.9286809478681
-956.5158394175903
-956.1916304907172
-962.0882893409674
-961.7170234200618
-961.3704572596233
-960.9265980996645
-960.6166939596875
-960.20086408835
-966.0408303846724
-965.5932328202432
-965.2046884220514
-964.8623162073761
-964.4875342387502
-970.3924645168951
-969.9988917674909
-975.8903835548053
-975.5558627947976
-975.1712819007438
-974.765912530833
-980.5397068239299
-980.0521223976159
-979.7008543740881
-979.3373864761802
-978.9273981713236
-984.8196750054685
-984.432821644402
-984.0531719258126
-983.6418395139838
-983.2224801243636
-982.8688958008684
-988.7153264087996
-988.3500459950801
-987.7190404624788
-987.3871655219023
-986.9983828992055
-992.8725429718994
-992.4829231055801
-992.0712366086644
-991.7166649394192
-991.2543280684527
-990.8393808927622
-996.76125755236
-996.3085662002787
-1002.2260857218316
-1001.7747586040791
-1001.4010804054633
-1007.2467814128923
-1006.6885964089258
-1006.283760104773
-1005.8534731929158
-1005.4440654110074
-1005.0275811884557
-1010.8844841855064
-1010.4889902306617
-1010.0781289439377
-1009.665477875633
-1009.2659508492485
-1015.1199995168597
-1014.7073542670613
-1014.2643550518143
-1013.8602268976119
-1013.4451342758692
-1019.3424755314453
-1018.891763173561
-1018.4027581363873
-1018.0188671245102
-1023.9157718330225
-1023.3862777058315
-1022.7875842051071
-1022.3806977172883
-1021.9917770550554
-1027.8588662937518
-1027.4486718694025
-1026.9621936498506
-1026.4937215451926
-1026.0663156212693
-1031.9437514376903
-1031.5401712714163
-1031.0152625520454
-1030.6217229898173
-1030.1857185546794
-1036.0110046003097
-1035.572340080495
-1035.135991967365
-1040.9628259646022
-1040.539486686868
-1040.0626783724472
-1045.926816417951
-1045.4308345755176
-1045.0318478313588
-1044.568740611895
-1044.1296424878972
-1049.9605513716951
-1049.4953973584386
-1049.0812693207893
-1048.5792946875176
-1048.1394200267614
-1053.9571955082079
-1053.4893881510636
-1053.0547529811415
-1052.5797135410455
-1052.153845794587
-1057.962794803479
-1057.5164690646216
-1057.0542237381007
-1062.8510517657269
-1062.4128130788042
-1061.9023057639042
-1067.7545791710222
-1067.2888447647108
-1066.8133164523065
-1066.3391778802393
-1065.8774019542418
-1071.7172245237466
-1071.2335598015732
-1070.7438495393442
-1070.2808289733935
-1069.782230943932
-1075.6134326898018
-1075.1032663651356
-1074.669335895697
-1080.4390958161855
-1079.9908625993385
-1079.4928644633696
-1079.0303522757326
-1078.5403869713728
-1084.3238927953184
-1083.8596459938344
-1083.3567196431466
-1082.8869123173565
-1088.660078024308
-1088.2020925292672
-1093.9951175614901
-1093.500193123718
-1093.0235363743527
-1092.5269543401007
-1092.0370090397062
-1097.8179472097431
-1097.318389271568
-1096.844643739754
-1096.3173223881452
-1095.8651390594846
-1101.6218431097548
-1101.16491683886
-1100.620298611575
-1100.2787551159836
-1099.9116933068929
-1105.6530689441404
-1105.1835990517077
-1104.6538942128993
-1104.1732242619073
-1109.9511449834922
-1109.45249321213
-1115.2261587158193
-1114.706730272166
-1114.2220218660634
-1113.6963176909521
-1113.1883386477416
-1118.9547104928372
-1118.448642524188
-1117.9514759130489
-1117.4163243634048
-1116.9432772474825
-1122.669328095076
-1122.1800964303584
-1121.6404435065137
-1121.159201963064
-1120.747045940011
-1126.6201306654634
-1126.1519091067341
-1125.578032876625
-1125.1208042015737
-1124.5584707133798
-1130.3296520956467
-1129.7979389448126
-1129.2744470928028
-1128.765952376288
-1134.496531131162
-1140.2821727470039
-1139.716960071381
-1139.2358936459523
-1138.6694782832087
-1138.181520282726
-1144.0433190701503
-1143.6388584378906
-1143.1318027033358
-1142.5632635869142
-1148.3386357386926
-1147.7944214444676
-1147.2697241204264
-1146.7329562732893
-1146.190095830356
-1151.9292254291745
-1151.3888513926966
-1150.86651402297
-1150.3222282174793
-1149.905052857472
-1155.7931701226225
-1155.2435055308365
-1154.7196834751435
-1154.153280939584
-1159.9079911718984
-1159.3349346362834
-1158.7991989104437
-1158.247665702858
-1164.0070350632393
-1163.446288802329
-1169.289184491045
-1168.9232404931593
-1168.3209522488305
-1167.814581805848
-1167.2305674604797
-1172.9649566260612
-1172.4035401562314
-1171.8734506270873
-1171.3080684067504
-1170.7469095293902
-1176.6426129081515
-1176.1630254353245
-1175.5922060072355
-1175.0479613592317
-1174.526313808074
-1180.2166155227721
-1179.671823648139
-1179.1012568902013
-1184.8180527500608
-1184.2614547323706
-1190.0872111429096
-1189.6950449060814
-1189.1015437388667
-1188.55920578067
-1187.9778405566738
-1193.6861354124753
-1193.1151950603382
-1192.5180084670822
-1191.9765481731897
-1197.813454144504
-1197.4011900623536
-1196.7972653375896
-1196.2598887840488
-1201.914312328432
-1201.3466877980118
-1200.7469819460277
-1200.200889358335
-1206.0852916225247
-1205.558889381243
-1205.066963840647
-1204.428803150476
-1203.8767662257585
-1209.5571719930733
-1215.2873188186634
-1214.6630050723322
-1214.248006623074
-1213.810941115274
-1213.188784483757
-1218.9147397218262
-1218.2930812631926
-1217.7309650839184
-1217.1154007240216
-1216.6877701564931
-1222.522076192041
-1221.895772727074
-1221.3271080164664
-1220.7192481794223
-1226.407985787782
-1225.8123376935976
-1225.2156063500154
-1224.7483378270924
-1224.3113165026427
-1229.9852896701475
-1235.6592011201396
-1235.0663887098224
-1234.4500010744775
-1234.0135892891535
-1233.5446786626997
-1239.2324032147078
-1238.6057356774008
-1238.0008798472882
-1237.3761175337822
-1243.0595154475056
-1242.5936730448007
-1242.149930367106
-1241.520232007947
-1240.9195947225533
-1246.5558797233566
-1245.9652142530776
-1251.7633038351316
-1251.2897727580298
-1250.7079708322535
-1256.3248632154948
-1255.7490009559606
-1255.07899253867
-1254.4877317343548
-1253.9908624091527
-1259.8202715026407
-1259.183509036351
-1258.5568330424467
-1257.9291298441417
-1263.5777191688433
-1263.1413157798156
-1262.6197454231055
-1262.0006689553613
-1267.6308826739617
-1267.0110944598152
-1266.3569879225015
-1265.888250355214
-1271.6962982664973
-1271.055643640271
-1270.4042778556627
-1269.7666030307971
-1275.5576058193865
-1275.0683550060048
-1280.7345231894503
-1280.0642447640648
-1279.4318898666934
-1278.7654631845276
-1278.3271108295733
-1284.0592668578715
-1283.4445541146276
-1282.769766699911
-1282.1372601247642
-1287.917034093591
-1287.4164367357573
-1286.7817699667307
-1286.091342192695
-1291.7326799913665
-1291.2240628315533
-1297.023551219322
-1296.356718626737
-1295.7134135055624
-1295.020087294713
-1300.6551491399066
-1300.1352908695799
-1299.6437591326246
-1298.9657345314388
-1298.3238132558693
-1303.908772689163
-1303.426296711278
-1302.9267965292595
-1302.2204881533357
-1307.8435223429408
-1307.1580565382064
-1312.9630000734921
-1312.4332475020108
-1311.768222537302
-1317.3516473856973
-1316.6835409463213
-1316.1521543228528
-1315.6507356880184
-1314.9601982876268
-1320.5812525711021
-1320.0500168533197
-1319.5298696318475
-1325.13404431826
-1324.431038162169
-1323.745719844596
-1323.2145130268407
-1322.734493902547
-1328.2912170147545
-1327.6302394873317
-1326.8968498535348
-1326.3887748668883
-1332.1429488723138
-1331.4642904044651
-1330.7414932646275
-1336.5432987450336
-1335.9868123396166
-1335.295420778784
-1340.843800718061
-1340.163251974293
-1339.6204198506546
-1339.0918086570346
-1344.691302504055
-1343.97629775647
-1343.426233050702
-1342.8997849954674
-1342.2050343613066
-1347.7548359842112
-1347.058407517221
-1352.8153013492556
-1352.2766176117393
-1351.532670609065
-1357.129598873903
-1356.5445872878263
-1356.039473362851
-1355.3168561105401
-1360.883966922193
-1360.326272278867
-1359.797354268407
-1359.0382535915385
-1364.631040255869
-1364.0979953926915
-1363.5165704637996
-1369.1028297878008
-1368.3577078624282
-1367.5952970469923
-1373.3421571547028
-1372.8086241017963
-1372.0435792625
-1371.3537743568286
-1377.0621593924634
-1376.5452842108336
-1375.777709753125
-1375.0588305041706
-1380.7586862091887
-1380.2258244825694
-1379.4751088257615
-1378.7570318689668
-1384.4465911779268
-1383.9143108924675
-1383.1494258684513
-1382.4129840181886
-1388.1210589287703
-1387.581319610342
-1393.1048125933994
-1392.3667096084246
-1391.7969217733933
-1391.2145972907847
-1396.7105862503963
-1396.1857307048112
-1395.632358452926
-1394.8662487690497
-1400.3947132476565
-1399.80414247814
-1399.260854830259
-1398.4810726286335
-1404.0241131340042
-1403.4312972394966
-1409.1635674434829
-1408.3699935735203
-1407.6204075524302
-1407.018057239324
-1412.7581182044767
-1411.966455773075
-1411.414272675847
-1410.8184431665488
-1416.3396056079844
-1415.5378678446584
-1414.9914989131762
-1414.3912226077712
-1419.9121234862052
-1425.387967624493
-1424.8408486237277
-1424.2330976581488
-1423.4566173232297
-1422.8524687904353
-1428.5725451964304
-1427.773307085833
-1426.9985570536949
-1432.676862196461
-1432.092950751512
-1431.2976286770006
-1430.710776265451
-1436.4073483601398
-1435.621087470874
-1434.8078628017142
-1440.4976766315913
-1439.908772701287
-1439.1106091006088
-1438.512284511643
-1444.1916683820634
-1443.4014357013943
-1448.8791187130453
-1448.27137054117
-1447.6644224662098
-1446.878931028352
-1446.261693363433
-1451.958065504566
-1451.1305206405289
-1450.3272538415836
-1456.0001121627356
-1455.3995049139899
-1460.8626569296116
-1460.2860492586206
-1459.6364212584897
-1458.835876837989
-1464.4927193884846
-1463.897828915829
-1463.0614798577828
-1462.2727668412876
-1467.8996227742819
-1467.3070917790235
-1466.4573914547316
-1465.8629386327766
-1471.5213497221662
-1470.7203076024584
-1476.3436679897031
-1475.7559486197113
-1474.9053172390304
-1474.2955462148693
-1479.941729157534
-1479.1397855129808
-1478.2747842556444
-1477.669880096023
-1483.2970066639423
-1482.4791966313796
-1481.840822949034
-1487.5224607095595
-1486.6470787216062
-1486.0470583349402
-1491.6696341344345
-1490.8385076867658
-1490.1933918513218
-1495.863226652342
-1494.9939713247497
-1494.380049269843
-1493.7105733599121
-1499.1693897621562
-1498.522232877384
-1497.899717027177
-1497.0177844614757
-1502.4612853840401
-1501.7899856630702
-1501.1851826096347
-1500.3079694613425
-1505.9682756923598
-1505.2911026083893
-1504.4483664091406
-1510.0517660869823
-1509.446205192258
-1514.8447224290278
-1514.2143246739895
-1513.5279857748337
-1512.6852652466098
-1518.2792644516007
-1517.6626322730147
-1516.783190416962
-1516.152359329499
-1515.4529065237684
-1520.873818865606
-1526.4974058883154
-1525.8517424927732
-1524.9630240847857
-1524.3181301651325
-1529.915144619239
-1529.037374147715
-1528.3967541430927
-1527.7248281996287
-1533.3313973288255
-1532.6878848267195
-1531.781796956892
-1537.401407250286
-1536.7395446097144
-1535.856776984968
-1541.4592870115275
-1540.8016011216796
-1539.902428975806
-1545.5047469152437
-1544.8393426709283
-1543.940152410125
-1549.549744149839
-1548.8823077374675
-1547.976074426672
-1547.3035946924463
-1552.9091472024788
-1552.0041042912933
-1551.3184272409812
-1556.9304360184465
-1556.0277376913846
-1561.610846667746
-1560.9456956828244
-1560.2683204880204
-1559.5770287612347
-1564.934526894198
-1564.261349774843
-1563.564010106179
-1562.6765626576134
-1568.2440708074903
-1567.571496081458
-1572.9090959562043
-1572.2516587855935
-1571.536944319095
-1577.1428377398233
-1576.4285969438051
-1575.5254517267474
-1574.8192236357208
-1580.4159461637505
-1579.4733466752389
-1578.809995289644
-1584.3670312765853
-1583.436644960844
-1589.0187280181306
-1588.3210030379034
-1587.6194485315677
-1586.9308371679726
-1592.2633589050483
-1591.5671435733823
-1590.8442201345229
-1589.9196813589729
-1595.4965578672293
-1601.072067461855
-1600.3544036259548
-1599.6566782150578
-1598.7125262376946
-1604.2788302735942
-1603.5648654637725
-1602.6039137420994
-1608.182048678582
-1607.458212572739
-1606.7752332572904
-1606.0304558930145
-1611.3804663114497
-1610.6211344216408
-1609.9416338911226
-1615.4680151690316
-1614.7933394796917
-1620.080826349131
-1619.3886811780046
-1618.633819768665
-1617.6898626407244
-1623.2459190994157
-1622.5215136831825
-1621.7833219080503
-1621.072943775286
-1626.393980026148
-1631.9226853637238
-1631.2221870972805
-1630.474885140218
-1629.756100998138
-1635.0426226733648
-1634.3423020935038
-1633.58130322186
-1632.8797397826581
-1638.3990220730586
-1637.4270187937295
-1636.68044711014
-1642.2379286169567
-1641.4843896089642
-1647.0412320179644
-1646.0394804743735
-1645.3004151848395
-1644.5609095599864
-1650.1004058396948
-1649.352611424024
-1648.3638557662039
-1647.6055009786896
-1653.149225591613
-1658.6848005622307
-1657.9449242941387
-1656.9564766356318
-1656.171527326102
-1661.7265509816289
-1660.9640590321594
-1660.232311500966
-1659.214049352601
-1664.7593013964936
-1663.9863338124114
-1663.2616164346957
-1662.4694339237171
-1667.7562699888651
-1666.9912677896864
-1666.2257820426578
-1671.764182580776
-1670.9908472040524
-1676.5256525852237
-1675.757167022077
-1674.7296823483202
-1680.2400564626378
-1679.4895184200593
-1678.69538856365
-1677.958846073602
-1683.2019682218522
-1682.4317341174753
-1681.6642937950066
-1680.8904012739793
-1686.4096365820421
-1691.9358435934382
-1691.1421506089387
-1690.1105716385346
-1689.3428988502446
-1694.8543493327113
-1694.0788342699968
-1693.2917146432062
-1692.5146800793198
-1698.0187333842186
-1703.2678251651328
-1702.4668004496236
-1701.7043746317763
-1700.8883998879605
-1706.4152599882918
-1705.5933632053068
-1704.8492565003116
-1710.0641488456579
-1709.2706282505592
-1708.4820633329373
-1707.6841372326435
-1713.198111282273
-1718.6791164776246
-1717.887171082244
-1716.8411813637736
-1716.0493438438373
-1721.5003301274521
-1720.7430282088392
-1719.8966021920241
-1725.41453181374
-1724.5862509226738
-1723.5169824650386
-1722.7430296062755
-1728.183112144564
-1727.413468483576
-1732.858851663544
-1732.0896274549882
-1731.2424591015397
-1736.7460009635874
-1735.9140244351697
-1734.8412448617228
-1734.0284097746135
-1739.494910145906
-1738.6852044587965
-1737.8693693039363
-1743.3529089310196
-1742.50705863976
-1747.9984834611173
-1747.1604814135217
-1746.3653379714237
-1745.521862068462
-1750.7117719588607
-1749.8866797621226
-1749.0729414013765
-1754.5180800111964
-1753.6956931082527
-1752.8671183397225
-1758.3295254601105
-1757.5169823951173
-1762.946746898743
-1762.1277847044948
-1761.2809683066075
-1760.1850371006376
-1765.6195019116365
-1764.7856893449932
-1763.9397081785453
-1769.3864282632826
-1768.546735579665
-1773.9893022980484
-1773.1488112794173
-1772.2995610325013
-1777.7566410165016
-1776.889802182912
-1775.7805160637467
-1774.924398171455
-1780.3621222632355
-1779.5241145614063
-1784.9411068031757
-1784.0987599456862
-1789.5122355441504
-1788.6711574221697
-1787.810132115119
-1786.979031788539
-1792.3681894977326
-1791.532883088597
-1790.6528929988124
-1796.1012309540884
-1795.225866916648
-1800.6408898598638
-1799.7712141125082
-1798.6199889513196
-1804.0532363091038
-1803.1627849605368
-1802.3020165824698
-1801.4312233651942
-1806.8552942776125
-1805.9740434825912
-1811.3828829924387
-1810.5125079173324
-1809.6265918987788
-1815.0450483213895
-1814.1578578085152
-1813.2986123147834
-1812.3917884215737
-1817.8142286520908
-1816.9179962109097
-1822.3319880739305
-1821.4353730470632
-1820.557286002604
-1825.9616484588807
-1825.0646281070924
-1824.1959724017931
-1829.555740871507
-1828.695572703549
-1827.7772561233803
-1826.592488711076
-1831.9959035039228
-1837.3562628987952
-1836.4895267836187
-1835.5659439690162
-1840.9706177363569
-1840.05000343426
-1839.1543571854531
-1838.2518097370942
-1843.6289337688024
-1842.7390507615469
-1841.8015174009663
-1847.2088871156775
-1846.2643415934124
-1851.671189227803
-1850.7525684687948
-1849.8393914513417
-1855.2198069860026
-1854.3091743706168
-1853.4075971954342
-1852.4602917410282
-1857.8498221069117
-1863.2004371092603
-1862.269605895615
-1861.362351087651
-1866.7214294537052
-1865.8147775141983
-1864.859352308862
-1870.2349772579557
-1869.3341522178425
-1874.6946704482418
-1873.7728981488822
-1872.8372659033375
-1871.909129963826
-1877.2721534152063
-1876.3567196589781
-1881.693341679218
-1880.7707656863702
-1886.1187995367823
-1885.1958710534122
-1884.2648225646296
-1883.3133819681125
-1888.6808586720915
-1887.7201408694589
-1886.801849471876
-1892.131863232219
-1897.4943664257933
-1896.5542692273666
-1895.6024182228018
-1894.6870784116734
-1900.3148420499108
-1899.3874642449257
-1898.399917124816
-1903.784506040822
-1902.8241656589405
-1908.1776647044526
-1907.2239261426996
-1906.2596321928816
-1911.6207135260975
-1910.6490247795646
-1909.710072372411
-1915.028377944164
-1914.0815914704062
-1913.149798368451
-1912.1587805868187
-1917.5127796934808
-1922.8245985134367
-1921.8882199464936
-1920.9277223447946
-1919.9569575916082
-1925.3023967833585
-1924.3291310543327
-1923.3629894381024
-1928.6878490363265
-1927.7178319691172
-1933.3632406158422
-1932.396570977894
-1931.4373228962588
-1936.765862218068
-1935.8065107765399
-1934.8177909668912
-1940.1266368286804
-1939.1727271178186
-1944.4801800948676
-1943.5097920759174
-1942.5278872926358
-1947.8598698327974
-1946.8694852854958
-1945.9003679528275
-1944.913741024752
-1950.5744070789774
-1949.5890159470914
-1954.8850189093002
-1953.9260440487994
-1959.2033719856497
-1958.2366163775127
-1957.2464208191916
-1956.2729362803343
-1961.5865890133803
-1960.580784568999
-1959.6048995921683
-1964.9003803970245
-1963.9147782601176
-1969.5341441997584
-1968.5538983572199
-1967.570953949382
-1972.8511011401995
-1971.8875960170164
-1970.8590071047267
-1976.1636115417368
-1975.1895970634746
-1980.4476077529666
-1979.4738091985243
-1978.451032765517
-1984.0974928701228
-1983.087818344909
-1982.0806374680826
-1987.3807982758415
-1986.3646675838909
-1985.3865316434317
-1990.654778483832
-1989.5954144909133
-1994.9096593167567
-1993.9118178597137
-1992.9309901526208
-1998.4447576622088
-1997.524004047371
-1996.489870038251
-1995.5155148332192
-2000.794477933766
-2006.0577297628272
-2005.0671143932188
-2004.038638765029
-2003.0285525481522
-2008.6377142136562
-2007.6236581329379
-2006.6146504438468
-2011.8730976701377
-2010.8862230956204
-2016.1297632301473
-2015.1128624403198
-2020.3767203741659
-2019.3356494077611
-2018.6921214489437
-2017.644907497588
-2022.9246618164866
-2021.8767739373363
-2020.8402461752262
-2026.1290858002246
-2025.0649406203588
-2030.6948307169976
-2029.6510459438982
-2028.632233267543
-2033.9003275559357
-2032.8338644387566
-2031.830967937582
-2037.0783829546365
-2042.3210386195556
-2041.3159354544464
-2040.59313346373
-2039.5792719911665
-2044.8026526244316
-2043.7665356875407
-2042.731242163079
-2047.9622735141804
-2053.2215122009425
-2052.5059321322983
-2051.485455945872
-2050.4415594167326
-2055.663268416237
-2054.638233700801
-2053.9088102780825
-2052.872092840681
-2058.1070635564115
-2063.335574902734
-2062.299492700564
-2061.2382566851043
-2066.465285090902
-2065.761379509902
-2064.7105920646454
-2069.9350491574282
-2068.874207120851
-2074.10257162097
-2073.040575877598
-2071.9766536356387
-2077.5409296125176
-2076.489173715735
-2075.4233767300175
-2080.633054821507
-2079.5945266395793
-2085.1363057587196
-2084.0952904886426
-2083.0294330236975
-2088.2195585195923
-2087.164529745872
-2086.0677560651334
-2091.2547707466383
-2090.5661707231616
-2095.7631807107996
-2094.7173648014555
-2099.911526043021
-2098.8337124327027
-2098.119546531344
-2097.0346221413174
-2102.238160660883
-2101.138941292199
-2100.031501470839
-2105.602930447402
-2110.791431035288
-2109.7314258205292
-2108.6408723504346
-2107.5497518862753
-2113.110367662133
-2112.0106334229345
-2110.9228309927425
-2116.1070221262034
-2121.2768650348476
-2120.190404401687
-2119.077371278102
-2124.6467279332755
-2123.537825902456
-2122.4399406433804
-2127.6365882842906
-2126.52395423688
-2132.084602202533
-2130.9696269040833
-2129.85876405509
-2135.0326903969662
-2133.9124460591793
-2139.470942019687
-2138.348846690475
-2137.2402987797695
-2142.766393034367
-2141.665868012909
-2140.552093588191
-2145.697704140076
-2144.5904685714404
-2150.1354113020384
-2149.004655171064
-2154.180392269138
-2153.0329283753445
-2151.9103605909777
-2157.441027885265
-2156.31089909034
-2155.2612457501455
-2160.405422648408
-2159.1959322152716
-2164.798480779474
-2163.5980649891076
-2162.492132309876
-2167.640530701281
-2166.486943996048
-2165.7535265142437
-2170.8791413100826
-2169.7421933071005
-2175.259997510874
-2174.1192603723507
-2173.0046674392493
-2178.1221706218735
-2176.9460995139825
-2182.4707267852064
-2181.3193588975587
-2180.1884733295215
-2185.3136533034217
-2184.158098115491
-2189.7040532956617
-2188.522228393795
-2187.391626682258
-2192.897168992232
-2191.7313636174276
-2196.862049336524
-2195.690429305257
-2194.5171246237123
-2200.0511858148666
-2198.8574701153902
-2197.706243841398
-2203.185266484354
-2202.0351072065114
-2207.157729899888
-2205.9858681991677
-2204.829829904066
-2210.3158474470524
-2209.1560211713413
-2207.9924907411405
-2213.4830281454497
-2218.596978809435
-2217.409190616059
-2216.2256794953664
-2215.061381134524
-2220.5275976126086
-2219.3560796676275
-2224.4728110720525
-2223.6492772693146
-2228.760507591121
-2227.570618903401
-2226.3831353644587
-2231.5019928320953
-2230.67976181696
-2229.5152950632505
-2234.6137344188955
-2233.813250138244
-2238.91345942483
-2237.72033115168
-2236.9153616458557
-2242.002135493558
-2240.784094473964
-2239.5945360883134
-2244.6791411248496
-2243.8618264733677
-2248.9437948953528
-2247.731697949895
-2246.9205896404706
-2251.9972162719246
-2250.778521319717
-2256.277298939338
-2255.067997812108
-2260.148735997967
-2259.3524431112337
-2258.1484870234467
-2263.2346216803926
-2262.0208240067855
-2260.800079762047
-2266.2870814721427
-2271.340101275992
-2270.1313650877955
-2269.315380155935
-2274.388653473843
-2273.180187028391
-2272.3359510846785
-2277.3918895375527
-2276.1891020935936
-2281.6066761688303
-2280.4490322812976
-2279.2242487911726
-2284.687305560729
-2283.4548450392053
-2288.488755245433
-2287.24225748784
-2292.2831973310817
-2291.510866780963
-2290.291895250417
-2295.3593099109257
-2294.4909622577834
-2299.58030942793
-2298.3537244904796
-2297.5473702588915
-2302.610764529329
-2301.3612507154235
-2300.5514035893884
-2305.5895194718332
-2310.618961689283
-2309.8127075747125
-2308.559697719136
-2313.5973441832484
-2312.7982456140758
-2311.5422843481674
-2316.594147632014
-2315.7296045714274
-2320.7843233095305
-2319.541323072456
-2318.6810031350224
-2323.7365724217675
-2322.5040466247765
-2321.6285754136793
-2326.678335273044
-2331.7285997133768
-2330.868977684105
-2329.639656602445
-2334.6596480465805
-2333.845527228274
-2332.618181719025
-2337.6276767689
-2336.809443788503
-2341.8598009829766
-2340.5900778336713
-2339.8231338065093
-2344.858029490617
-2343.6170040350057
-2349.1144673315557
-2347.863842986727
-2352.9106172716893
-2352.094292703903
-2350.8272404717645
-2355.860410223262
-2355.000247263012
-2353.717830286832
-2358.742908647684
-2364.0940082623356
-2362.8587621521715
-2361.5862282251514
-2360.713643490513
-2365.751526578565
-2364.4941856333994
-2369.8947959659627
-2368.676851753785
-2373.6978019868975
-2372.8730470538967
-2371.627415468257
-2376.639141572644
-2375.82583174145
-2380.83672704148
-2379.5610914278864
-2378.7731119404275
-2383.7776801164027
-2382.450101772536
-2381.7431989087436
-2386.7335607227815
-2391.750421133522
-2390.9793852007597
-2390.119635536417
-2395.240755715673
-2394.047190931466
-2393.1339081864894
-2398.2849007568407
-2396.977290827285
-2402.524396481861
-2401.292473282326
-2406.2325920086405
-2405.5743141699227
-2404.295555927828
-2402.9717241525213
-2408.570442684842
-2413.5766359636555
-2412.206568741289
-2411.6851755260677
-2416.6438256954843
-2415.3914183913407
-2414.72840027692
-2420.1386278301266
-2419.042999216654
-2424.134471733668
-2423.2080236594084
-2428.507874444576
-2427.243411989178
-2426.4306913827236
-2425.260204604143
-2430.2917111819174
-2430.1071709647335
-2434.6647629093573
-2433.3464522796894
-2438.9135533086114
-2438.1700530070643
-2437.0424404764362
-2442.192859453088
-2441.3987898357836
-2446.636118082916
-2445.4634989053034
-2451.0455068103893
-2449.8550840974785
-2448.67817157954
-2448.155838972174
-2453.353270552236
-2452.563588241399
-2457.7325026191347
-2456.60076034294
-2461.9875044484493
-2460.6112903365743
-2459.932056608816
-2465.300104068285
-2463.8756790930474
-2463.2064387156356
-2468.5256921907653
-2473.813131576602
-2473.0735685382115
-2471.8626944705734
-2470.99437816449
-2476.5117694611613
-2475.1824760305117
-2474.529124011309
-2479.876817686142
-2478.8395254872457
-2478.384167003726
-2483.4272051971493
-2488.8293838034815
-2488.0365160667743
-2487.0263804477345
-2492.793810946308
-2491.291190874661
-2491.407452363676
-2489.8221993614884
-2494.663362776531
-2500.9858494092164
-2499.356696513692
-2497.8591365962543
-2504.25310291634
-2502.245614366619
-2502.0924208646093
-2503.6820939377285
-2512.30762089946
-2511.7955823020993
-2510.725872284293
-2509.997869210111
-2515.5898160396723
-2514.507688363045
-2513.9538398650784
-2518.849840819401
-2518.4126305258596
-2517.385962191718
-2522.9904990272867
-2522.4272655221293
-2527.7156610752636
-2527.0614394229788
-2526.023038671397
-2531.545877602143
-2531.120210721556
-2529.666335570433
-2536.1217866690836
-2534.847233198509
-2534.3705604859183
-2533.39595584613
-2543.52627434126
-2538.4351155788695
-2542.888638151202
-2543.4637398773243
-2548.282552844087
-2546.113579408872
-2547.2769348205006
-2551.5743824432657
-2551.9268802906913
-2550.858950288515
-2552.9343295936724
-2556.820852235357
-2559.2895965421544
-2556.759669875527
-2557.9252204124223
-2562.0274060610514
-2560.71888688647
-2561.0634027947913
-2567.5884470711053
-2566.3591316902675
-2571.1200909324384
-2571.6028780591473
-2576.2808908473166
-2574.616214303112
-2575.171093909746
-2573.452297740049
-2579.515360111117
-2578.950578595469
-2578.6729100550688
-2583.944233589053
-2582.8878853506008
-2585.1374790821287
-2587.5692748810584
-2593.6779565272245
-2592.5535335597683
-2591.3539641091256
-2591.38566478579
-2596.444813988162
-2595.635872035524
-2595.393389679287
-2601.2284887542833
-2600.2879279214276
-2599.1696897074316
-2605.351490727583
-2604.349198640911
-2610.226671132558
-2609.134011446584
-2608.570678125658
-2614.332863847187
-2613.4896537349728
-2612.9795151613152
-2618.411880238917
-2618.222244780701
-2617.1141566226274
-2615.833291673996
-2622.4402589120677
