-1.3338020470943015
0.7316898764549675
0.19257149354759193
0.03234672942157725
0.0031683779673608277
0.2285823598357368
0.26115121715696704
0.14906061661046147
0.049743924714230295
-0.032137749956650224
-0.01831086188274425
0.02907417573669789
-0.04899620840674611
-0.3160325994636614
-0.5533843572528688
-0.6036448123309648
-0.1838489089830994
-0.07269181990388605
0.16965546462680026
0.23024702577113007
0.21773167807304433
0.23742349718525085
0.24154332766951872
0.08969649930696089
-0.200983064374905
-0.3835468166555108
-1.0278164888317904
-0.9692373154854828
-0.7651219480692419
-0.3487885364670709
-0.3306427552193979
-0.29301063918272174
-0.16819806419560887
0.10588308880744929
0.2680756681548981
0.16180847631407783
-0.277185912710795
-0.8787998992287402
-1.105789018976065
-1.0862089215012847
-1.0666988268045559
-1.1531953780741837
-1.2195948458341541
-1.1303751400265534
-0.5991689802139731
-0.16880453540525775
0.16869474192648365
0.049937782212136454
-0.4069191153563534
-0.7005469487904126
-0.7852818873544679
-0.8539253807280828
-0.9055038687304277
-1.4563869056695697
-1.5841809344196278
-1.5548186854887027
-1.0755702128669908
-1.117188937735428
-1.0572132301000823
-1.414182511892967
-1.6264291157749728
-1.4929888550397372
-1.3269931604887106
-1.1203686263279116
-1.209630721091849
-1.3470726376110824
-1.4126801550443062
-1.3833208030040092
-1.3542609806948387
-1.4645704912875346
-2.2039302844992115
-2.506698452819116
-2.5125617062349708
-2.3248975263631713
-2.042729318344144
-1.7872798033577846
-1.4786959246298081
-1.5325702684837714
-1.5219168267140268
-1.508951120081855
-1.5326231121666976
-1.7014781247755444
-2.1037001983880215
-2.412993594299084
-2.508686991691498
-2.468297849788272
-2.4210166240773785
-2.4424238741093034
-2.550417582256788
-2.69872291848159
-2.785531377275073
-2.8168970037437124
-2.827499407797091
-2.8685981436986663
-2.850599699714352
-2.7324028124704163
-2.5772916898564615
-2.418058579439052
-2.3269865226125157
-2.322357798464919
-2.4938242988986277
-2.8539625970488096
-3.0808785053689367
-3.1978774206988967
-3.2461082321695542
-3.2364734859890882
-3.2120693571241357
-3.1747896056277756
-3.1099994759276295
-2.923770123153441
-2.7725044649907673
-2.900901405587224
-3.0452313328392124
-3.2549766051481446
-3.351455563483786
-3.3459239015286295
-3.3114403277103825
-3.2912683604444624
-3.3635976942854002
-3.543051342196748
-3.6443817260209856
-3.8037532946769876
-3.9288945504034274
-4.091860089144459
-4.24208587000613
-4.275434120202336
-4.181548335527213
-3.9507490137583097
-3.600271022390435
-3.4136330800402828
-3.532159052271336
-4.201797910409349
-4.278410984404874
-4.2076101404909885
-4.0881951566554955
-4.010301062032953
-4.015121952767324
-4.172150906667946
-4.383091383339682
-4.544097756620542
-4.823449002316858
-4.781803067368136
-5.041158402052845
-5.2419584260354215
-5.209531687251846
-4.902834024827159
-4.577225920239031
-4.266157718641694
-4.355812025888606
-5.269488339558794
-5.554391702259423
-5.550835326712857
-4.815958470996768
-4.708955399770613
-4.643502803285831
-4.697194478310152
-5.023770286801311
-5.711421161972088
-5.928758943739165
-6.025436370373274
-6.279175344799547
-6.100378456731427
-6.227921150188138
-6.338838457663872
-6.444714235990827
-6.640573122596645
-7.324081018125688
-8.388808150566863
-8.355976082240197
-7.336102772722992
-6.715202792854376
-5.70241775537272
-5.612613859089433
-6.613141370734456
-6.815571971725119
-7.586714490301634
-7.32299818348883
-6.969285628407097
-6.789406620937798
-6.572916392031443
-6.6984624614854935
-8.454502602510797
-9.083405759521908
-8.856025644533789
-8.483814695684599
-7.875171294888967
-7.598562538170043
-7.946803644104713
-10.145342635064692
-10.498582365650822
-10.16512694578342
-9.546409091332347
-8.736720264409538
-8.331914946225735
-8.552459131464637
-10.081226549314875
-10.957411129245566
-10.704522301024397
-9.807597699113083
-8.738564745539994
-8.115558958135306
-8.181797345156644
-8.555116792405363
-9.420393640782759
-10.211938474093829
-9.885827184106112
-9.869018774112023
-9.969524609840807
-10.310823299674198
-10.832123805100027
-11.053898938283533
-11.15584824483585
-11.236434877345099
-11.384628114465485
-11.632877414413088
-11.992869488554218
-12.350526378412553
-12.612539382006835
-12.707279412690212
-12.813978089961985
-12.933137077243293
-12.88296091282179
-12.27169414003717
-12.185511481650794
-12.089261096955166
-12.172565343936702
-12.263003975297957
-12.37875623750344
-12.470915595545629
-12.518672822586355
-12.686760913520956
-12.894735523286018
-13.116682102514721
-13.259672271371151
-13.334118400766403
-13.450916315064381
-13.65146456373946
-13.908546590556178
-14.117817051973038
-14.354639632178667
-14.723107636835381
-15.127603951536376
-15.466183266005201
-15.730391803590171
-15.918859871845005
-16.022623245580142
-15.655998646349857
-15.420542507381592
-15.17503343621135
-15.071542416690317
-15.060821288933983
-15.387674614708803
-15.479744629098162
-15.696864727334379
-15.002669071460927
-14.617704680711324
-14.311111891241284
-14.35062344124827
-14.367550078606941
-14.474224663997095
-14.724916165657588
-15.06204537976748
-15.389286122287126
-15.650280109192988
-15.868831546453602
-16.15187720941963
-16.539262519683614
-16.956562283482885
-17.48726055901799
-17.965746885335538
-18.22011703415863
-18.785998485749747
-19.203521597906505
-19.62540226217381
-20.034747957228593
-20.341074433403985
-20.57299825366592
-20.746986224795897
-20.960296408993234
-21.086120224780835
-21.240679076977017
-21.4742398465043
-21.607271155243687
-21.670989456421506
-21.5978435403622
-21.328323899756565
-21.25446658941633
-21.203117065008236
-21.287593982280598
-21.414215953570245
-21.609729370972246
-21.77683370459734
-21.234836262400005
-21.414700708937055
-21.569016611636858
-21.56549639868261
-21.708299826756548
-21.907357490682106
-22.103031011134448
-22.303145496972757
-22.393770270502053
-22.280229209477284
-22.01114570248165
-21.839100354878067
-21.921670403322704
-22.132616149968825
-22.353667258754363
-22.590524188694346
-22.745309035857357
-22.686063759937532
-22.39751845161597
-22.196264857575486
-22.410367015447527
-22.709085396615272
-23.002034722602335
-23.683299394126973
-23.905292300758884
-24.130356495556004
-24.32933707452585
-24.443845295489087
-24.699738777703566
-24.27322899790643
-24.694716847412344
-25.159166422219386
-25.655349417035442
-26.152060151058194
-26.763986944356034
-27.375031825367486
-27.94350505578412
-28.255463843597227
-28.672987972304103
-29.02689418561522
-29.13457278014638
-29.31299625832884
-29.395982681180087
-29.647835982793556
-29.876592596243274
-30.114573827412304
-30.30471657272132
-30.512979362232123
-30.699297346649033
-30.600920142429608
-30.496992966480214
-30.565277113029296
-30.7804180847991
-30.99516622666653
-31.066756963890988
-31.112226639667284
-30.210063495206672
-30.308103693002305
-30.44019422050318
-31.124968715248116
-31.2968548443443
-31.405532991346977
-31.306533493062428
-31.14941836953802
-31.13067810679049
-31.201912563335274
-31.27297988488934
-31.394878739715086
-31.509061630956023
-31.406834564832195
-31.30391830308689
-31.269803981334054
-31.39300487204334
-31.543280139301963
-31.742948837433943
-31.92529265280734
-32.08215496763556
-32.07022824983236
-32.01943440839402
-32.16395189703083
-32.38790307759486
-32.69574487338237
-33.00966300182399
-33.294875525278066
-33.52075383439616
-33.654423813663435
-33.687773864276856
-33.77667389534838
-34.031751944010345
-34.436886647642275
-34.92066584792567
-35.333254022509365
-35.886132580987194
-36.56367124366647
-37.155301670086224
-37.55754862102893
-37.8764786232847
-37.73999994832538
-38.04822303243093
-38.21319597629946
-38.47329152141128
-38.77149882839326
-39.05707239396501
-39.39857964485804
-39.51881286717431
-39.626733629903285
-39.68462010215276
-39.904627180191106
-40.052807175721654
-40.518271866720625
-40.76311298543213
-40.72612783369521
-40.942312815938536
-41.19513193275964
-41.10342852829392
-41.245933290754294
-41.576107018588154
-41.90040679495897
-42.130813754855254
-42.340137809269685
-42.46677424093439
-42.401821626459565
-42.43286125668966
-42.64240530064189
-42.99574640189194
-43.49285443658506
-43.81876442411775
-44.07723344426779
-44.260961171269265
-44.199664259703255
-44.32144854357124
-44.87669509641908
-45.508950705929685
-45.9703356044326
-46.43935146225965
-46.70394381496168
-46.80932054338123
-46.835722027967
-46.897988870254025
-47.20071921709484
-47.612151424849046
-48.01546455943916
-48.47849731439565
-48.83330911458845
-48.89683230328678
-48.85506003226755
-48.86886932951574
-49.09592267820081
-49.30919840443803
-49.556295031036164
-49.827769168778424
-50.0668538594554
-49.99108512205571
-49.9594522763399
-50.085126219943874
-50.38161694646114
-50.81386571944425
-51.11763092637558
-51.376843825575946
-51.52277727549416
-51.601049593406586
-51.57392223786765
-51.79924094152108
-52.135179139664395
-52.49595179115117
-52.722574669357876
-52.8342621392209
-52.85115232500785
-52.845524790839434
-53.01252991010114
-53.13256924643834
-53.97533306451231
-54.38656259128336
-54.5530774022692
-53.96083427979171
-54.07604345915772
-54.38217621778044
-54.65632645864714
-54.93316460217423
-55.182296618347
-55.22141081381907
-55.437355982574225
-55.49480087328534
-55.700625206631436
-56.022089596646865
-56.40936570337451
-56.75942905855147
-57.08437993042252
-57.257068358055825
-57.34143635016832
-57.449889678404915
-57.62205933949529
-57.90880006996554
-58.20825414794459
-58.44065528229135
-58.474431720628935
-58.46386816899064
-58.57617684559088
-58.889580951329364
-59.2668017960083
-59.68474921114127
-59.98550380799899
-60.131120807371246
-60.045858234097864
-60.03419616250034
-60.28356505731854
-60.56740147416605
-60.79585969445285
-60.97285347472941
-61.07836172272451
-61.244062616344436
-61.381141021423396
-61.61656098797518
-61.94950647377656
-62.2980440676716
-62.61247750757046
-62.66599749967101
-62.73621587373967
-62.89834104193414
-63.23614411782178
-63.60672058693609
-63.951268291628864
-64.33577580657763
-64.6306533495489
-64.69438626637952
-64.56212505163967
-64.65693484422954
-65.0190363404561
-65.61012923915753
-66.794772281016
-67.15842861758078
-67.5358897709014
-67.77930924154946
-67.77073737473411
-67.79112583647591
-68.19804262489562
-68.99765048875636
-70.068381397906
-71.23536424842386
-72.1753361039324
-72.72003503603943
-72.68937908820972
-73.04932830552723
-73.116864665952
-73.31140011005535
-73.54909006118258
-73.76351954772298
-74.06748723243525
-74.19683037496476
-74.1883310646063
-74.229080888548
-74.48389267400017
-74.85988383075977
-75.21046596246123
-75.48072720764395
-75.60620182230109
-75.60392838496999
-75.69509454557326
-75.87318837628914
-76.06325225091203
-76.15752581916738
-75.9927982889198
-76.07736039254146
-76.23861441483363
-76.41127447076437
-76.60438420020422
-76.78775736197838
-76.87869439497976
-76.89034293256344
-76.95021256261224
-77.1504532973856
-77.39033943414267
-77.55091561007093
-77.67748610715854
-77.69766458071886
-77.8098114172735
-78.00381747449364
-78.27912213640789
-78.47842774656176
-78.53474661322169
-78.47477645314697
-78.50938780975196
-78.68002188605153
-78.87708670240634
-79.17902205980843
-82.34378140834872
-85.2291425765381
-85.35460523815404
-85.61360392664785
-85.82648253769396
-85.96793201462064
-86.01432058297627
-86.09852766855995
-86.26288433100613
-86.4787597599871
-86.63752612496477
-86.76912370636967
-86.86802466604891
-86.92155566073937
-87.01276211025966
-87.19892063279724
-87.43081488704613
-87.58842124139109
-87.67052342340581
-87.70246507185264
-87.84008005173169
-88.15449340829464
-88.46750124505245
-88.49503033100157
-88.52983236969673
-88.56168928996263
-88.67198758369436
-88.91844846658773
-89.29865179220222
-89.66735385766209
-89.87052866941504
-89.73395718799293
-89.75761659238103
-90.17094110967665
-90.52619078244243
-90.90485852846493
-91.11280119514154
-91.08383792410508
-91.10186070098193
-91.54630528807158
-93.26383688111872
-93.90801786724363
-95.93464939208339
-97.03286174119415
-97.7139809267182
-98.04197284886885
-98.26642780179134
-98.27024561907426
-98.28846076424941
-98.29948230714825
-98.45428871028385
-98.74581313805177
-99.03179446591606
-99.13670380820764
-99.1168336739088
-99.18043333581363
-99.39922136812453
-99.6794090870827
-99.79084777661365
-99.91817161424756
-99.94767039632329
-99.81388660321525
-100.00671150049219
-100.27752839623895
-100.39123284420133
-100.34417199383974
-100.26935912536665
-100.4433095165614
-100.64247127763005
-100.77375575414054
-100.78662819059599
-100.8598018218434
-100.96942350961247
-101.06172584468592
-103.71895203006221
-107.65413431785566
-107.72433534105136
-107.72440731906156
-107.85095179157979
-107.96945721687848
-108.06290511502529
-108.11564791859446
-108.19852488996827
-108.25052971002077
-108.42799784051131
-108.58266177016
-108.67216680616436
-108.726805261316
-108.71340807611358
-108.90426022162247
-108.90274341471174
-109.07937911617356
-109.06252195386416
-108.92177749968198
-109.07203006130989
-109.26359017596702
-109.40580069301978
-109.38479543863188
-109.24718471972469
-109.34801896709347
-109.53128597957817
-109.71608221299958
-109.90737372515531
-114.39049237807687
-115.98696245689268
-116.10788026295985
-116.33867653986026
-116.44027687831903
-116.44770082722701
-116.4134828866198
-116.48552864361521
-116.65541232313016
-116.82536299908125
-116.79484320828094
-116.79636276149921
-116.82870058486793
-117.93762429261298
-116.82370921858713
-116.80977506438825
-116.77967029811167
-116.82588737199596
-116.95922325308929
-117.105236717872
-117.13501008463807
-117.07005963510788
-117.15022526756448
-117.40086115861496
-117.9442616551054
-123.3799292102233
-123.23501304694013
-123.91060284292381
-124.21317394594055
-124.43700358564753
-124.61620380575845
-124.61200881661364
-124.50902138390244
-124.62255152387999
-124.95863794666816
-124.99664381511592
-125.0658015682733
-125.96820679511663
-126.82706937333502
-125.0464153173118
-125.80762161008218
-125.87475437370162
-125.97804531637624
-125.96770397002774
-126.31208582197736
-127.46170350769408
-128.14685498929774
-128.96128572090535
-129.7747065342919
-131.00292302173756
-132.0419855271991
-134.94505355655755
-136.15894167796102
-135.9315734952353
-136.32984845142187
-136.37927455693566
-136.4451726492319
-136.8435189142165
-136.95463730072018
-136.7141438385854
-136.89285896440234
-136.32579149984468
-136.78406618269912
-136.97961690436566
-136.99125157536648
-136.9613848989579
-137.19398259271844
-137.32230540124974
-137.52079812756668
-137.52334642709488
-137.50527956764222
-137.5749084314221
-137.97437214906574
-144.21683560057414
-144.10193175300085
-144.0645912544134
-144.14463126212797
-144.3286342475166
-144.35977352441682
-144.339951020776
-144.34933946952268
-144.45844561846278
-144.351370797824
-144.38130942481044
-144.5813846173653
-144.58401334585554
-144.6086949519338
-144.7800875775823
-144.88929211528315
-144.88038498604874
-144.7869578191651
-144.89802087206053
-145.03182535524783
-145.19462776633532
-151.34487631946925
-151.34470511166825
-151.44260930558846
-151.57177969501882
-151.60716232142184
-151.56009384185177
-151.57109955674136
-151.69856862295345
-151.69295454634943
-151.6683744738445
-151.7498881601393
-151.75831786834283
-151.87390960714802
-151.9289227533577
-151.91156772654014
-151.87717713524296
-151.88654108229687
-151.99057386885988
-152.69278426845082
-158.35552829869252
-158.3088337060504
-158.40657808412865
-158.5738323068462
-158.64558777315827
-158.53748031034627
-158.5160866458752
-158.67139964253641
-158.7148481280815
-158.72310628048447
-158.67889669912194
-158.72858543394656
-158.85174596830873
-158.94069095349127
-158.91802610872105
-158.87419515188213
-158.94089320670344
-159.07361191112383
-160.5821736071792
-165.418219721283
-165.39657536943085
-165.48595095511556
-165.62689851308772
-165.65828923912807
-165.6110297582684
-165.6198910878323
-165.7194618340121
-165.81642371320766
-165.82090215724375
-165.71396990130674
-165.75788952109664
-165.90747133111603
-165.948756399177
-165.84901044959128
-165.844899603368
-166.65259253844846
-172.32763433498658
-172.3006012336096
-172.27157231292773
-172.31778009213062
-172.41643206441896
-172.45860687568003
-172.44146177613334
-172.40056080761664
-172.4731136705874
-172.5447052153126
-172.59744583397747
-172.56454310066118
-172.54224088088202
-172.6153818830011
-172.72439860930643
-172.71942599824834
-172.6753983907967
-179.02031714802092
-179.13259904431163
-179.15832202390348
-179.10509440248782
-179.11748027364456
-179.19600821570378
-179.27075367434233
-179.3002247210357
-179.24223971625452
-179.2635609084363
-179.3329282734134
-179.3726331320747
-179.3549384445531
-179.3277392928088
-179.38857428600608
-179.43803591088945
-183.60548639304892
-185.68113759850215
-185.6797635709371
-185.78091103692395
-185.84312550024882
-185.8069275358108
-185.80126932110775
-185.88730707527637
-185.94845217550332
-185.92777651108298
-185.86748706304428
-185.89403463583486
-185.96021394997524
-185.97906961995676
-185.93452351159422
-185.89474700211346
-192.21597765944946
-192.28893704247056
-192.29734651882762
-192.27857896931678
-192.32534892176588
-192.42312178767128
-192.49317214422737
-192.4364470359751
-192.4107523673946
-192.5005157727184
-192.5736460111805
-192.5704294985413
-192.4954506721492
-192.51133310198875
-192.57607161756633
-198.87146164895714
-198.79227575945308
-198.82588915997835
-198.87543916877053
-198.9589892170917
-198.946188513121
-198.90243793685838
-198.9749404853397
-199.35217325472078
-199.04110360935894
-199.02749404360213
-199.02196525074578
-199.0709473002768
-199.15463899470146
-199.1270118984103
-199.0974965484994
-205.45327593094132
-205.491588820262
-205.49134853538416
-205.44745044350827
-205.4875024739242
-205.55731968910584
-205.61163665878246
-205.5504381479487
-205.57697099461973
-205.63161569350115
-205.67182060232489
-205.68803173524265
-205.67393778876453
-205.70907809096545
-212.06177151752317
-212.09467287559352
-212.07929089716905
-212.0276736638172
-212.09842620682795
-212.12010097150062
-212.08214051165484
-212.3676011752145
-212.06417348135005
-212.1049319217713
-212.0991241504276
-212.0543043317292
-212.07602823785982
-212.13435861168867
-217.65557043742112
-218.47344798642555
-218.4774444393284
-218.5062247314696
-218.53644714376588
-218.58198868538423
-218.50547915721432
-218.44804784760615
-218.49902168514683
-218.5035312188244
-218.48750754206284
-218.50990622602617
-218.55053614950853
-218.56537708900603
-224.8446218279808
-224.85434518444697
-224.91008895521344
-224.90278013804388
-224.8460300786958
-224.86206223803748
-224.93986654330445
-224.87305976895777
-224.81626108226834
-224.7927316409096
-224.85066992588204
-224.90388214816457
-224.87865984387798
-229.51929587428054
-231.17246543917292
-231.24265421018322
-231.23476222359187
-231.18281250411783
-231.1455740051065
-231.2070519949466
-231.1571622950187
-231.08661079056543
-231.05439004568004
-231.10624456039588
-231.12211216906945
-231.08046430026863
-231.11894041754582
-237.4692816372041
-237.48567962672638
-237.46625464478592
-237.46456047854537
-237.48704223780678
-237.52426029282043
-237.45231546573572
-237.40275763041333
-237.42214380602678
-237.44628963405785
-237.44072935854663
-237.40268892182576
-241.9696838245881
-243.78047006137928
-243.77496500655997
-243.70043312867145
-243.7162091643535
-243.79553171493362
-243.79266973801938
-243.6920061656077
-243.6961314727981
-243.75213122548539
-243.7637447663524
-243.75470625678605
-243.72052293190163
-250.01350645822788
-250.0508477962449
-250.0208092697485
-250.00649544183128
-250.01618452460625
-250.05780771717633
-250.0342690309005
-249.96166920285
-249.95887309741687
-250.01189249566792
-250.02510309978732
-249.9509261253726
-256.2122471352477
-256.2847543139803
-256.22207614156787
-256.1707482986112
-256.1857733553305
-256.1917075870364
-256.19528052409265
-256.05508669658144
-256.0790850408688
-256.08736600594386
-256.0919845103339
-256.0680395914976
-256.04393167093343
-262.3633693985492
-262.39622164993796
-262.3508621779682
-262.31011222114523
-262.35682709947554
-262.36510908339
-262.2720323383363
-262.2380203407477
-262.2905274927158
-262.29347102054606
-262.24722960119055
-268.53851969311467
-268.54467148245817
-268.5460303057712
-268.52034729666025
-268.4608351719642
-268.4694059600225
-268.49739926279034
-268.50227264499114
-268.4165298298965
-268.38957576842716
-268.45976100047824
-268.4310709886731
-274.63325398646094
-274.66068592539045
-274.7325059301083
-274.7194044567642
-274.6673582344796
-274.69491048502493
-274.7244655554983
-274.6727901391402
-274.63871805577975
-274.6012828621705
-274.57396292802775
-274.75756880054956
-280.73978964238154
-280.7253499699885
-280.7198424533181
-280.69231289989665
-280.64965908382607
-280.65837275908206
-280.6933409361813
-280.64586042685795
-280.61955663977136
-280.6646431676716
-280.6821127178456
-286.91539078419333
-286.87599204621654
-286.92037691281746
-286.9111428248469
-286.87382415947354
-286.8192921840197
-286.80798535097557
-286.8177391823092
-286.7668312233893
-286.7189945474279
-286.72160182436033
-293.0195961307176
-293.01282066485794
-292.9396463416421
-292.9381101170393
-292.9522636672809
-292.92036545460553
-292.861983521534
-292.8807212971323
-292.8738299169698
-292.8552301351928
-292.82939191076105
-299.1107000767521
-299.1177352117517
-299.0737464634739
-299.0088996048578
-298.99494295497146
-298.9190876073361
-298.8409571244993
-298.8199742501999
-298.8693200366692
-298.8282451818049
-298.74660752762395
-305.03999069516806
-305.0734585629786
-305.045496494207
-304.965744779817
-304.9519816353296
-304.9034748099959
-304.95512033819415
-304.89285485353633
-304.8133374067867
-304.84468867422777
-304.89622187383054
-311.08185181220745
-311.03384916356293
-311.06393271532204
-311.0983327330727
-310.98021530575727
-310.83593654892906
-310.92446553964703
-310.8988859208069
-310.7777101327979
-310.71996387852363
-317.11086246887015
-317.07525561698264
-317.03220195309564
-317.0245818394641
-317.03524513317603
-316.6535894019348
-316.8110025912986
-316.8986611949841
-316.8907923117512
-316.82978557028315
-316.87504845351367
-323.1895438252964
-323.17226698427226
-323.13073280386425
-323.09591266113233
-323.0820833671131
-322.8934397532248
-323.00774825845457
-322.90967736246483
-322.9044765901899
-322.91379735326296
-329.1965868515938
-329.1326396849058
-329.11003351513915
-329.09000923770645
-328.9731078495895
-328.5939630231267
-328.96458949090714
-328.8535720569678
-328.71285378872403
-328.790129926312
-335.1202951425985
-335.02623834216325
-334.93451047711477
-335.0030579981488
-334.9880385596228
-334.6762677022237
-334.82922729968936
-334.80606775663585
-334.501919317116
-334.6539426785066
-341.08394528659903
-341.01455133547887
-340.98006124855357
-340.90930488468433
-340.8882489812725
-340.20491196825816
-340.4440692737559
-339.58400101355534
-340.11338429555104
-340.7119772086446
-344.7849323529578
-343.56234794191124
-342.4645623587871
-341.4271515858807
-341.06845190125495
-340.212979130647
-340.442936348655
-340.48576455463274
-340.4265311321402
-346.9337917203293
-347.22514792062526
-346.9665921377207
-347.0418368361119
-347.12555800964225
-346.57101831013836
-346.53684779514793
-346.44098339119097
-346.45181324868764
-346.38425621454564
-352.8170634778786
-352.8341270667585
-352.73670340949224
-352.82323268997914
-352.7921137761365
-352.4296620320898
-352.4154946321535
-352.3940408525557
-352.30664780020464
-358.73945148676296
-358.63860093717943
-358.70782979352157
-358.51629906041467
-358.71477906662017
-358.413560086049
-358.31688285671123
-358.2321738988415
-358.2125248732729
-358.193264529526
-364.4434445794781
-364.41839018979107
-364.36483217279937
-364.3413968507378
-364.3501507237528
-364.11896349357835
-364.09586857405355
-364.016533993457
-363.9643052396227
-370.32553672510346
-370.24188582258944
-370.19068604194536
-370.0833567215159
-370.1430324090599
-369.9392053693892
-369.83031725339885
-369.80449832595303
-369.74378218385027
-376.05333921736786
-376.0561702482957
-375.9756147413825
-375.9675012721038
-375.85255993694176
-375.7152392649667
-375.6634124668934
-375.618400257358
-375.5448900415639
-375.46567407224376
-381.79455016030045
-381.7983326230375
-381.6657867456489
-381.673872978467
-381.5409085078484
-381.4246024055952
-381.3439808869122
-381.36277362017665
-381.294281373193
-387.5516890114388
-387.48354939689494
-387.45551308476564
-387.4084631104905
-387.1654602987245
-387.1485847430034
-387.12016694925455
-386.9745412703149
-386.895912621392
-393.27260600108406
-393.15741876247614
-393.0449817100227
-393.01307148387355
-392.8988782640274
-392.7912427782859
-392.74396394625705
-392.6972150098068
-392.6011345306989
-398.8332254447123
-398.814371026495
-398.71905067487904
-398.6567267469071
-398.6791454225946
-398.4615029231379
-398.43327185409345
-398.345813298416
-404.4972569916377
-404.48016844313565
-404.4357938517792
-404.25223193116153
-404.22061185635596
-404.20145026189823
-404.0423698335564
-403.92097464141807
-403.96113534115415
-410.18140669943483
-410.01976675295856
-409.9930017516494
-409.91717909179727
-409.72898845747113
-409.65236126660005
-409.5767219026567
-409.420026797267
-409.32303463001773
-415.59001748210676
-415.481094819368
-415.33930592414004
-415.2816372604704
-415.1523928863065
-415.073112041237
-415.03367922488553
-414.9271287411722
-421.1023000597756
-421.01213582369945
-420.94052053926936
-420.8669581770368
-420.81013410019693
-420.69296698951877
-420.59472469238784
-420.56879555946955
-420.47351160304606
-426.6465797410741
-426.56261879033923
-426.483235797393
-426.3418049503115
-426.2421817276389
-426.15304922229967
-426.00241939571964
-425.86751648334666
-432.1622783285113
-432.047972702026
-431.83335841704724
-431.77424236275584
-431.73916663380527
-431.56878449804924
-431.52881772282444
-431.51777239641575
-431.31085151314545
-437.5266673744023
-437.41605240425986
-437.2580167568622
-437.1682329091696
-437.17031249128354
-437.09070874371093
-437.0114547780721
-436.96079883567734
-443.1662393085694
-443.1095063882748
-442.91579078914145
-442.8142846807133
-442.8202389814236
-442.76881918899414
-442.5843229921116
-442.5171967445732
-448.7742853778261
-448.6027791383853
-448.4430052357326
-448.39669925167453
-448.2945147511784
-448.17410071235474
-448.13569071682457
-448.0192777575946
-447.86398519493656
-454.11714100726437
-454.03877134282334
-453.7983112067466
-453.7922620932322
-453.7207284582202
-453.57689027417786
-453.44388516802417
-453.38638227074216
-459.56820224582134
-459.4319355667543
-459.2819200971425
-459.2047712730384
-459.1128516952364
-458.9122041869905
-458.8963307104204
-458.81291435669306
-464.99086354529896
-464.8713052591044
-464.72081373305423
-464.5943957752153
-464.43512103672685
-464.3845533367252
-464.38071720363763
-464.18936432277474
-470.41370176473845
-470.2721535590707
-470.0469793251061
-469.9980777988864
-470.0016825988249
-469.748697885975
-469.723233810085
-469.66577777989477
-475.84401185324214
-475.5865290946746
-475.5404912804708
-475.4202646773653
-475.22073747669504
-475.1766765941914
-475.1797534473912
-475.01761802771614
-481.2677577879671
-481.0553665805724
-480.93704693733065
-480.9408618271544
-480.6913664950632
-480.58033921959685
-480.5969547266663
-480.4382990699308
-486.64586828657167
-486.49537316968076
-486.2981241399004
-486.3230891636616
-486.24823892425667
-485.9768116827828
-485.953798367606
-492.1718219335309
-491.96643522877815
-491.77264377171804
-491.7879335375087
-491.6623051370922
-491.46707287964455
-491.38791819197036
-491.2761772130185
-497.3351516284593
-497.2841206791721
-497.1170692315119
-496.9478546203951
-496.8609001191351
-496.7978870024956
-496.571505268602
-496.52598916035373
-502.66273320330146
-502.5903659981174
-502.42347933790285
-502.2903847048393
-502.15543390491666
-502.0772206430184
-501.9174448462943
-501.844966618965
-507.9045325031459
-507.7230742620987
-507.6707972618481
-507.5953713186901
-507.4244170982896
-507.34155713822656
-507.29647302990094
-513.3853303603446
-513.2227587000399
-513.1638037003779
-513.0102864993455
-512.8410643995635
-512.8702631674684
-512.7177851410099
-512.5696006254358
-518.8552095870067
-518.6473184966183
-518.4752762764458
-518.3836268271746
-518.3096713996539
-518.109417970369
-518.0631754240233
-524.2597340153593
-524.094853921114
-523.9056289252846
-523.8865597448607
-523.5972730617923
-523.5449395659982
-523.4524265409818
-523.2889773887467
-529.4627736379794
-529.3334952820352
-529.2166379745249
-529.0659844253039
-528.9882355977993
-528.8789377943567
-528.7448902777024
-534.934901755071
-534.8384450993597
-534.64310975792
-534.5074713518361
-534.4177665299901
-534.26702295302
-534.1026342475815
-533.9913395291093
-540.1682093065795
-539.8468728340712
-539.7973550208983
-539.5013338899729
-539.4929688138554
-539.2260918212305
-539.2202854311827
-545.2971892597175
-545.0611482785253
-544.9560103304815
-544.8449370490057
-544.712902559857
-544.5434367439091
-544.4513233690044
-544.2265712235762
-550.3978864054685
-550.2844262785428
-550.1040762364371
-549.9538890536386
-549.91470244108
-549.7457952912697
-549.6309907844167
-555.7908259524876
-555.6315516135604
-555.4336975332329
-555.3538333900283
-555.202416849359
-554.9414549890279
-554.8881392490325
-561.1167072236777
-560.8151990929127
-560.6809180823171
-560.6633669806744
-560.4322253985649
-560.2126850155494
-560.0592753426872
-566.2377886562831
-566.1088075815024
-565.9457117971347
-565.7472242328016
-565.5668370914468
-565.4919827583054
-565.321532603289
-565.1957028658707
-571.3941166617939
-571.2211248074514
-571.0448269297625
-570.8995046911226
-570.7648500226675
-570.6250976354464
-570.4954925158248
-576.6731559553915
-576.4869270524122
-576.3502124363553
-576.2400809590507
-576.0595871154303
-575.9120639084833
-575.8221037109569
-581.9018857717581
-581.7683665946845
-581.6800329010574
-581.4399716257049
-581.2964443920663
-581.2013138201571
-581.0309381797689
-587.1372720209199
-587.0345275635727
-586.8869873135369
-586.6936172013366
-586.5369229753435
-586.4156813132713
-586.2155333282359
-592.3610618393625
-592.2195781620712
-592.0332747227706
-591.9051489963484
-591.7039278874332
-591.560749688068
-591.4430021571414
-597.5590867350558
-597.3512264719822
-597.2107157383658
-597.0868717012172
-596.9111316312309
-596.7418135501205
-596.6322436092706
-602.7682899051545
-602.5572229885735
-602.4125698287403
-602.2575091977947
-602.0780607364024
-601.9116655502514
-601.796554466783
-607.8895579743743
-607.7805925173132
-607.6193996279377
-607.3651264010628
-607.2407513167208
-607.0544065516543
-606.8006948934562
-612.9888084864539
-612.8289122839085
-612.5514558202884
-612.4547555578893
-612.2832086513914
-612.0361998873547
-611.9366265315801
-618.0444615547814
-617.8148350114604
-617.7010318186174
-617.5214287453954
-617.3092958112768
-617.1817087762411
-623.2848595893215
-623.054678061316
-622.9256661861518
-622.7164811976608
-622.5085979652043
-622.3729182761314
-628.4538913294309
-628.273448398568
-628.118183776149
-627.9145515601768
-627.6167579846016
-627.5147562723337
-633.7381924383437
-633.4997096716472
-633.2755167872514
-633.1864611032771
-632.9475675250856
-632.7533411523676
-638.9500291828004
-638.6597833753368
-638.5392410571978
-638.3790656860654
-638.1925031719559
-637.9849825460136
-644.1194279873126
-643.9053811925729
-643.7386996875387
-643.6268665746958
-643.2363009241823
-643.127113219985
-643.0210613844179
-649.0616634678998
-648.8940832835876
-648.6962248395108
-648.2800729505213
-648.1299685814039
-647.8476497688341
-647.6207382466338
-653.8427619073841
-653.6462009274328
-653.3712854846012
-653.1385014849263
-652.8837803638926
-652.6750396297384
-658.8254488773989
-658.6143264802525
-658.1759005275677
-657.9542726750009
-657.7520325820794
-657.6780339855407
-657.598633924798
-663.7522986008318
-663.3312796307708
-663.1381963981871
-663.0748078107118
-662.7786155973581
-662.8149644866463
-662.7309402528672
-668.8531513760147
-668.5358425467986
-668.3437363502247
-668.122304312603
-668.1093549979437
-667.988883518805
-673.9793471397162
-673.8006596753546
-673.5875268191567
-673.282615095505
-673.1983906587138
-672.9994253991096
-672.7280066755212
-678.9286778222485
-678.7377350060456
-678.5037433320458
-678.3717823361088
-678.2163519122663
-677.9994528724399
-684.0461863658525
-683.9299467581692
-683.8072056414338
-683.6970952595959
-683.4512308518392
-683.3850909370832
-683.1576547728936
-689.342653096453
-689.1678362484629
-689.1142688652786
-689.0779229435371
-688.707173718932
-688.7310229837192
-688.4852520996354
-694.6327773140266
-694.5726023101304
-694.3350709299597
-694.0762713758756
-694.1902275905998
-693.7215524755585
-699.9018718111084
-699.7604917037307
-699.5347858093371
-699.1984567370669
-699.2099439128519
-698.7742547801137
-698.4684488260808
-704.7465332567714
-704.4610971403685
-704.2692239368437
-704.0109848884367
-703.7515321219057
-703.4966917971709
-709.6605374834261
-709.4129155050266
-709.1072775748685
-708.8290002099025
-708.5318105218956
-708.3068217889438
-714.4748601133759
-714.1728537858959
-713.9778897152405
-713.733938733246
-713.396435253107
-713.2425236551217
-719.3686285770452
-719.0108251036131
-718.88967878784
-718.5597961828772
-721.1323006448597
-724.3645990680947
-724.0703296511182
-723.8471048210915
-723.6008294315275
-723.3667178118768
-729.4074888821928
-729.1748245632198
-728.9705603096281
-728.6631138836689
-728.4222820480813
-728.193507376737
-734.2443907134736
-734.0723733558433
-733.7806148062532
-733.6224406515462
-733.2874865287877
-732.9931314691294
-732.8341400773445
-738.8814613844784
-738.6726258737991
-738.5023076699499
-738.2641485849362
-738.0249754614297
-737.8390711734858
-743.967548413218
-743.6290164182142
-743.468044415337
-743.0978628457898
-742.8644593316178
-742.6402104291615
-748.6016579102298
-748.465924260657
-748.3961028812714
-747.88423526325
-747.6228335847189
-747.3711090138519
-748.3250250802257
-753.4749724990988
-754.2136861581153
-757.99225477789
-756.0031379373147
-756.4054236864728
-756.6315685535948
-763.4557736560691
-762.8889605648295
-762.8394870570285
-761.4601744118884
-761.6698296338222
-761.6587049713883
-768.4325948952264
-768.1345418389571
-767.1128501145398
-767.0343543417008
-767.0218914649946
-766.8959478039906
-773.1101774772437
-772.9446420441445
-772.1768424986101
-772.0688011374483
-771.9319831505499
-771.7878223270785
-777.9848404087846
-777.7452923819066
-777.2429265470398
-777.0989994714198
-776.9657838664368
-776.835138491818
-776.6471925107934
-782.8922583939271
-782.7289013389736
-782.5421243874755
-782.3085257250359
-782.0354531308564
-781.8428466437264
-787.9771097378258
-787.6736737147502
-787.5048050564883
-787.2289531903666
-786.9375391988954
-786.7646367021579
-792.7962114284911
-792.5314717619041
-792.2123554629379
-792.0215483577064
-791.7085522517873
-791.4737771477304
-797.4400293890133
-797.3031247221961
-796.9647994311347
-796.6079000551416
-796.4290420427108
-796.0050803040325
-802.1514389762584
-801.8250844498742
-801.5484267029924
-801.2585145152291
-800.9971653026288
-807.1221193694254
-806.826037261454
-806.5871180262756
-806.1857511773711
-806.9723733477715
-805.5256559734016
-811.523972770587
-811.2488888228881
-810.7711350212387
-810.684983629302
-816.6049476153169
-816.2746077422139
-816.0576879904609
-815.6764018501301
-815.4333204075987
-815.1644451586095
-821.3094490151574
-821.0431422276871
-820.7406442677776
-820.422846110788
-820.252889131612
-819.9016901770776
-826.0446100804934
-825.8082787987978
-825.4165493084284
-825.0830216860081
-824.8201466962804
-824.5834627577669
-830.5300291732514
-830.272700877905
-830.0280019492005
-829.9282887926101
-829.2353429497819
-828.932088741741
-835.0949659316049
-834.6050707805827
-834.4751810965647
-833.8829163823394
-833.5508229177893
-833.4694799664939
-840.9792857057982
-841.8948773528873
-845.3079318920866
-843.9937961184808
-843.6627480637089
-844.5448301882958
-849.5995907653187
-848.6353031529578
-848.6005600286431
-848.4422385129159
-848.1550861905262
-854.1732532979026
-853.9124199050498
-853.5418722701104
-853.2353454460431
-852.8939335521568
-852.4665592173751
-858.5544872364774
-858.2630285354073
-857.9640903099682
-857.6616143789307
-857.3203037741747
-857.0406896856055
-863.074476760857
-862.6553071124101
-862.3709195790287
-862.033479266928
-861.7867028252672
-861.5265882919524
-867.4639556365121
-867.1321014409655
-866.8380652603083
-866.5807454631729
-866.3666561189033
-872.1965138752817
-871.8679180751101
-871.6042618722702
-871.2378692232012
-870.9744781027964
-870.5074325018837
-876.5335495110622
-876.2010968723148
-875.881633763259
-881.8280674217043
-881.4005689174916
-881.1717792892055
-880.8439223504059
-880.8021566160636
-880.335559430804
-886.1856910285118
-885.8133764885898
-885.5002081300805
-885.167096830792
-884.7805061667991
-884.4270474928486
-890.3719684240128
-890.076493305227
-889.801851564474
-889.5093495586875
-889.0516963987416
-889.310132521274
-894.6005960705387
-894.3680145576469
-894.0454283644806
-893.8217611864078
-899.4966163692579
-899.1155389165632
-904.871470909777
-904.5597688062985
-904.3073021448569
-903.9105609463575
-903.4694871855971
-909.4681961975855
-909.1567616446632
-908.8650457539414
-908.5866623127534
-908.1231639158332
-907.7719759770948
-913.6999724322894
-913.3490184083206
-912.9883108961645
-912.6597843337439
-912.300952416793
-918.1606822684298
-917.8971321423116
-917.6343190712217
-917.3219327762611
-917.0390999000058
-916.6511489518957
-922.4388362378019
-922.0547319597283
-921.654400546592
-921.4793760761543
-921.1998719153327
-920.689742703507
-926.6057840861266
-931.7110826184143
-932.4945322082759
-931.3016634751468
-930.9203044375931
-931.1539349881757
-936.5552174429259
-936.1833869231023
-935.6857959972033
-935.3118134947915
-935.0140030797361
-940.9341264803714
-940.5896153371849
-940.2785249223676
-939.8074688871842
-939.3378334836142
-938.9502208372743
-944.9688369897665
-944.5868441779244
-944.243470897499
-943.9575166881609
-943.5804918818465
-949.5152381771959
-949.1636923315513
-948.6418869162068
-948.3075670542482
-954.3169803503628
-953.9045484118639
-953.5875032627647
-953.2473344706481
-952.9103016725212
-958.8511229042191
-958.0932076807932
-957.9471451749447
-957.5354808967825
-957.2338991863234
-963.1358578979268
-962.778890754659
-962.4500657322579
-962.1024417897363
-961.7694797676533
-961.4267285593509
-967.1834666719791
-966.7786711920269
-966.3230086590282
-966.0212379334646
-965.6549879386403
-971.4483014644464
-971.5862174115298
-976.4698154142867
-976.3456569187853
-975.98800138567
-975.5258578414823
-981.350074731953
-980.7786751933635
-980.0283878283705
-980.0696225667347
-979.7288460469732
-985.639761714383
-985.2863305434406
-984.8980663627149
-984.565801750284
-984.1742110388722
-983.8535083047186
-989.7838261432337
-989.296349530039
-988.8778351215087
-988.4998563729582
-988.105452966479
-993.9549727067088
-993.58449062422
-993.1941038389368
-992.8583748239464
-992.4982727171622
-992.0603640968778
-997.8239806744147
-997.3615349368268
-1001.5860004915273
-1002.7597697628721
-1002.3447773180685
-1008.2262889517274
-1007.5934163011324
-1007.2578029597311
-1006.8430990954417
-1006.4825523537236
-1006.0755683057259
-1011.9505571776391
-1011.5905739248567
-1011.2133872081195
-1010.8329848518076
-1010.6207819041341
-1016.3101045223924
-1015.9051430273349
-1015.4930462721728
-1015.0824302932094
-1014.689690264019
-1020.5198289056706
-1020.1493520804868
-1019.7093278284618
-1019.3897650136244
-1025.0522890689163
-1024.522372293784
-1024.1404390746377
-1023.7153978161791
-1023.3964798575885
-1029.2637343093152
-1028.9444571533907
-1028.5419692879575
-1028.1422234204163
-1027.7400379803698
-1033.6262518589365
-1033.213222340064
-1032.8937330028227
-1032.1132556624225
-1031.610683712784
-1037.7094470961806
-1037.9455079099948
-1039.4115207120872
-1041.1104994488314
-1040.9554175378087
-1041.0800179314788
-1047.0450453309834
-1046.5893005541911
-1046.1522521009979
-1045.7435262511274
-1045.3400060206984
-1051.1630776898244
-1050.7041922277626
-1050.2116665573863
-1049.8803270602164
-1049.1234785397273
-1055.2270391643674
-1054.70480749659
-1054.3483329882383
-1053.495356325765
-1053.0486220320772
-1059.3509260738363
-1059.2636859691138
-1060.3404580636227
-1061.6203088540237
-1061.6247338201904
-1061.3648432621387
-1067.6921097913112
-1067.0152632731986
-1066.2465941071225
-1065.932687044593
-1065.5495289178161
-1071.3668487004622
-1070.8858384360008
-1070.5475904753039
-1069.907220996959
-1069.3045403674394
-1074.9015802784352
-1074.44897466564
-1074.1092927126886
-1076.8562339895586
-1079.4164490487833
-1079.080927420431
-1078.3854707864714
-1077.949443067727
-1083.4986641843732
-1083.0851546553417
-1082.5041545711774
-1082.5410740315667
-1087.7094255872437
-1087.3087313836415
-1092.7908913371036
-1092.3318816323422
-1091.3595158062387
-1091.4170578858575
-1090.8494023196079
-1096.62252649145
-1096.1446990841469
-1095.5445935953792
-1095.1668576918232
-1094.6749904234534
-1100.4229093129015
-1100.0015999093823
-1099.5759180061905
-1099.2601951498748
-1098.9091137328458
-1104.677260267456
-1104.2251195079523
-1103.6198623462114
-1103.8741334029103
-1108.8597186810812
-1108.3939117044542
-1114.0369397063062
-1113.6176531462318
-1113.175887114222
-1112.672826461598
-1112.2049359482528
-1117.9443903709969
-1117.5029995633618
-1117.0013013708003
-1116.587162977479
-1116.1363621631072
-1121.9461819443263
-1121.4552750198088
-1120.8820020912324
-1120.4085968807963
-1120.1404483781162
-1126.0417099972271
-1125.5556461378972
-1125.0258977526935
-1124.4719787453023
-1123.9080053487153
-1129.7931609997006
-1129.2890869493015
-1128.8201250420093
-1128.5999933444866
-1134.00910909169
-1139.6434090734283
-1139.1156634274846
-1138.6088173782434
-1138.0510796146464
-1137.5884093016907
-1143.4131217567763
-1143.0819299340149
-1142.5530381453448
-1141.9845099546808
-1147.7857292194637
-1147.276747135075
-1146.7991621626707
-1146.1961874378555
-1145.763345507147
-1151.492703236765
-1151.0385674636345
-1150.424971701526
-1149.939977905331
-1149.6603785650575
-1155.523030630026
-1155.014988600888
-1154.3639224267088
-1153.8291472408791
-1159.8033575855195
-1159.1891338018663
-1158.5997856113172
-1157.9727723633384
-1163.6898748203948
-1163.1381601442204
-1168.9221553957307
-1168.422809225678
-1168.0682956297483
-1167.6102589928341
-1167.0483975889956
-1172.6132154649497
-1171.9970141073659
-1171.660165264053
-1170.9091798176494
-1170.363855410091
-1176.4965251755366
-1176.0286778469288
-1175.281064337232
-1174.7064157698348
-1174.2000350555802
-1180.2107538230066
-1179.6628502617784
-1178.8050868373964
-1184.9085640258486
-1184.3604786403228
-1190.138086017081
-1189.7708616713014
-1189.177169752053
-1188.6602841229467
-1187.8515537515655
-1193.7667316720042
-1193.1930054900333
-1192.3961867587898
-1191.7922272110893
-1197.8724419889354
-1197.463954178835
-1196.8711276142594
-1195.8721184893238
-1202.070942155244
-1201.4948194112771
-1200.9840957157046
-1199.9291842760977
-1206.3458594564945
-1205.8445152779366
-1205.3207779230704
-1204.6476695719282
-1203.7450576507229
-1209.701892620653
-1215.0457543736754
-1214.398129178017
-1214.253676096889
-1213.8265635626085
-1213.2495937786975
-1218.6488728967029
-1218.3610722827698
-1217.9129957097675
-1217.310746906271
-1216.8670834381905
-1222.6700798286274
-1222.0856566726873
-1221.2814665592896
-1220.6563922990424
-1226.634024210807
-1225.9747527722914
-1225.376907186324
-1224.989341995646
-1224.3024142578447
-1230.0855189401502
-1235.5184878047207
-1234.8695223117445
-1234.5172139350166
-1234.1020484345715
-1233.585677191272
-1239.0173871434622
-1238.3672903361803
-1238.12972574915
-1237.3829415185476
-1242.587583411801
-1242.7157392079578
-1242.2479181098518
-1241.6176541608072
-1240.9897288571692
-1246.6781140184894
-1246.0375495227593
-1251.6041625790665
-1251.3635106920026
-1250.7982365416622
-1256.3977102916974
-1255.576429174728
-1255.2350426925534
-1254.6089960526642
-1254.0809906695115
-1259.5095416089162
-1258.840607038038
-1258.5444032745243
-1257.902263419015
-1263.1343441428155
-1263.149680061008
-1262.728130056391
-1262.0254401969964
-1267.2090626802196
-1267.056268066795
-1266.2610664065749
-1265.8459339382941
-1271.6772853317154
-1271.099887561452
-1270.437701925688
-1269.7009673657979
-1275.5263752225335
-1275.0676805854418
-1280.347639020493
-1279.6081616677816
-1279.3672508135242
-1278.7523211592913
-1280.2769544865023
-1283.652441720714
-1283.528983733347
-1282.6886093902458
-1281.741146476873
-1287.9056884281636
-1287.3882792741842
-1286.7209496525322
-1285.706652224503
-1291.678852492642
-1291.1425835399957
-1296.4684216723904
-1295.724091419781
-1295.643505417206
-1294.9516091093394
-1300.0822702269513
-1299.9906109545718
-1299.5525672391068
-1298.8690146430845
-1298.1163118631084
-1303.911147706471
-1303.457800666918
-1302.8304884148968
-1302.1426165714036
-1307.8412874364763
-1307.1558902377976
-1312.8885624041625
-1312.4305458063118
-1311.7985033371465
-1316.8182508743243
-1316.2444173701037
-1316.1149983393334
-1315.6086474961476
-1314.9176579189548
-1320.4614692630594
-1319.9386756892525
-1319.4975462320497
-1325.0603391756586
-1324.3694398437888
-1323.6938875578492
-1323.195127896928
-1322.3072017988359
-1328.3524601962447
-1327.6867106124332
-1326.6716994217666
-1326.4311710431323
-1332.2225780074405
-1331.5220309313734
-1330.8080583330252
-1336.6737163093205
-1336.0764495871888
-1335.4747016290275
-1340.8452226160284
-1340.1801257709321
-1339.6250189135008
-1339.088555104
-1344.7804910326508
-1344.1079910779654
-1343.505420026928
-1342.807533388809
-1341.9842000293463
-1347.8365739416108
-1347.1045177384126
-1352.187321473116
-1352.267033055262
-1351.5370254740524
-1357.1256357149475
-1356.5481968763363
-1356.0582430156499
-1355.3369607912946
-1360.9377632949763
-1360.3723568080804
-1359.8721919323816
-1359.201440756698
-1364.6498715330786
-1364.1250926287905
-1363.560940954747
-1368.9835781546985
-1368.3557917531818
-1367.8594828638375
-1373.3101963676258
-1372.9101367579303
-1372.1100797424028
-1372.5249796818089
-1377.0628144195753
-1376.791201587235
-1375.7284385632631
-1375.5837546503988
-1380.7434964528647
-1380.3965600612642
-1380.0447917816869
-1378.7002226634256
-1384.445841513485
-1383.9112817463974
-1383.116262340713
-1382.2879861423548
-1388.1085606865427
-1387.6233095511393
-1393.0488592399656
-1392.3103134812368
-1391.7071070926945
-1391.5967315265011
-1396.782658805317
-1396.189579760195
-1395.553263173338
-1394.8898481828912
-1400.4091456675587
-1399.802010501512
-1399.2313702914598
-1397.8492572374514
-1403.9029174808704
-1403.3387137194507
-1408.4915085112552
-1408.2066131865442
-1407.4506830456437
-1407.3964002714522
-1412.110051862066
-1411.6967169337595
-1411.2488973307863
-1410.5195264159424
-1416.200471892875
-1415.3814011757158
-1414.8174767004707
-1414.0381883406126
-1419.7749667974267
-1424.448417646362
-1424.6303506659
-1423.9760364484464
-1423.2196497387758
-1422.6350129134678
-1427.6114925100326
-1426.5532521566586
-1426.5984665460353
-1432.3581275797035
-1431.1000846851325
-1431.0757702175902
-1430.5254626323242
-1436.1704838733433
-1435.366141494438
-1434.5104670374797
-1440.2235890681993
-1439.62558228655
-1438.8382948808198
-1438.1667902166398
-1443.9324119811363
-1443.1138138446247
-1448.2232198116635
-1448.0024973161987
-1447.027993691863
-1446.5595123991238
-1446.0504217470734
-1451.7535207723558
-1450.8818150213915
-1450.0297597346575
-1455.783028707268
-1455.1624819571034
-1460.345080928159
-1460.0680637409419
-1459.4189831848253
-1458.616771239536
-1464.2767535235123
-1463.2937951001738
-1462.878636515073
-1462.0195029028857
-1467.679038360105
-1467.082134587859
-1466.2777186583876
-1465.7018210293795
-1471.3270092376176
-1470.488305065771
-1476.0885552815162
-1475.5157577499413
-1474.7143643248373
-1474.0885146682224
-1479.6826550236747
-1478.9180418474566
-1478.1592902737132
-1477.5403123583214
-1482.9706027333868
-1482.4370879900462
-1481.8082060916865
-1487.4703498675908
-1486.5609625613918
-1486.0291392559016
-1491.5960856368151
-1490.8338819160529
-1490.1836042634097
-1495.8363359803366
-1495.0121555042383
-1494.4681883387802
-1493.77631303496
-1499.179443910578
-1498.5525562148136
-1497.9486407297536
-1497.0579409156692
-1502.5508353430396
-1501.9610230251055
-1501.352857509394
-1500.4864059933288
-1506.2608710850222
-1505.4895133402376
-1504.664932149237
-1510.3338921101347
-1509.676970289761
-1515.1565082843333
-1514.5249854190347
-1513.824214245501
-1513.043762278198
-1518.6600423586942
-1517.987977208158
-1517.1441864963929
-1516.5221586227965
-1515.7944933797953
-1521.1599807385383
-1526.7859484269002
-1526.1595275196955
-1525.3230914878422
-1524.715835116403
-1530.3299224452298
-1529.5983501997302
-1528.7349341892063
-1528.1697219047255
-1533.7637372358445
-1533.0639399192414
-1532.1494065420986
-1537.8405569473248
-1537.0540195653914
-1536.2902735380715
-1541.793207946441
-1541.1695525068667
-1540.1748540199628
-1545.8359081231351
-1545.1485528883584
-1544.4364457859617
-1549.9542754292795
-1549.189814920091
-1548.2487124858806
-1547.5317770089976
-1553.1556113192496
-1552.1978494598195
-1551.58576302956
-1557.1995180489396
-1556.2820805155682
-1561.8345816351798
-1561.1504580773528
-1560.4858568584457
-1559.854549993196
-1565.0141849727818
-1564.3384607013586
-1563.605720902801
-1562.7900548619573
-1568.409453523
-1567.5934808190846
-1572.8359772530735
-1572.1599985434632
-1571.478866297941
-1577.1069895100873
-1576.368330283178
-1575.5985183659668
-1574.7079333232377
-1580.2847489015776
-1579.3338678860093
-1578.6237397003995
-1584.1508062282978
-1583.1853749483705
-1588.6871871465091
-1587.910055314573
-1587.1945076707573
-1586.5297745055934
-1591.8582909321808
-1591.0411990057585
-1590.2720900047054
-1589.3374320014386
-1594.9115067440064
-1600.4747303441093
-1599.7431522584593
-1599.0586495268124
-1598.125991831043
-1603.6363996505067
-1602.8998014801812
-1601.9492192558196
-1607.4565825134114
-1606.7500287763942
-1605.9288586502007
-1605.3149656620137
-1610.6782376842575
-1609.810415225071
-1609.1117852004465
-1614.6290863468903
-1614.0228757340035
-1619.3425281243208
-1618.6109227873287
-1617.881582576033
-1616.9245250097124
-1622.4790525658448
-1621.5771544052845
-1620.8339684114198
-1620.1555320885973
-1625.5651122028871
-1630.2365348308067
-1630.293503161485
-1629.5041696238318
-1628.9369240372403
-1634.1278142257613
-1633.4166807793104
-1632.68240328281
-1631.8608075681148
-1637.5163921727576
-1636.3497572072206
-1635.901190061663
-1641.326859090876
-1640.4097320419753
-1646.1351192648574
-1645.1506026060117
-1644.2313775255227
-1643.7451385319796
-1649.2997005390725
-1648.3151633803416
-1647.2661714689802
-1646.699466127064
-1652.275859852731
-1658.687680113893
-1654.3430640025394
-1656.3367857798255
-1655.451068107169
-1660.897559043344
-1659.912560381142
-1659.6969587291492
-1658.6827740120486
-1662.3242090424487
-1663.555697166514
-1662.7395182760865
-1662.0760828386856
-1667.3815191550682
-1666.99726809871
-1665.9202273290302
-1671.5955422258744
-1670.7408815384406
-1675.9055432843604
-1675.6333524382915
-1674.6979195343379
-1680.1396481742872
-1679.39527005159
-1678.5343704827553
-1677.8790870535574
-1683.10377179658
-1682.4291522522763
-1681.4301834720534
-1680.7900489731262
-1686.4015137466783
-1691.9003872164444
-1691.10664920526
-1690.0765525600636
-1689.3096971859825
-1694.801719501491
-1694.1151510945813
-1693.3231513763994
-1692.546266704923
-1697.9970185686452
-1703.274188235487
-1702.5521490065598
-1701.8045082248066
-1701.7357090365451
-1706.5066656650147
-1705.727523767272
-1705.01933156838
-1710.2455062606127
-1709.4720185774484
-1708.6265033103373
-1707.8268126767632
-1713.3604887199276
-1718.5977194626548
-1718.0884302626387
-1716.897180311758
-1716.1943420642751
-1721.7293422819462
-1720.921745969397
-1720.3719452528867
-1724.945415135539
-1724.8071671629616
-1723.7880758833614
-1723.0314121625772
-1728.5302577192124
-1727.750851595235
-1731.900192925124
-1732.4293169548073
-1731.7786938976476
-1737.1635214373364
-1736.37016460511
-1735.3992402101933
-1734.4330115798678
-1739.9648657860755
-1739.2857551421457
-1738.5563724570115
-1743.937773226636
-1743.0461292584234
-1748.515357366786
-1747.785404423241
-1746.8497350679454
-1746.1574707677598
-1751.2567862471797
-1750.5260927922013
-1749.9821532763228
-1755.2218580866931
-1754.2405482641313
-1753.5311536843562
-1758.9909828786888
-1758.073738179455
-1763.6802940296266
-1762.772508097086
-1762.6303300226598
-1761.577373072157
-1766.3171006403213
-1765.5136826307992
-1764.710985563219
-1770.0673757442364
-1769.2743136142992
-1774.8326061929142
-1773.8407151148233
-1773.7311426274107
-1778.5269972947265
-1777.7479567686973
-1777.3207433014916
-1775.7685941166108
-1781.2407100365765
-1780.335855635759
-1785.7082510600505
-1784.9341035867849
-1790.498596804252
-1789.508178385789
-1788.6074735047023
-1787.865526399978
-1793.2800812967016
-1792.3627517771552
-1791.5238132626491
-1796.9722192890915
-1796.1015487902596
-1801.5952803212228
-1800.8218889504944
-1799.5729063521385
-1802.4380411259126
-1804.2407940042913
-1803.3145252591266
-1802.982292736687
-1807.9078670450394
-1807.0522024802667
-1812.4298126998196
-1811.557175129983
-1810.6867763754199
-1816.237128978373
-1815.2379882632445
-1815.213513277577
-1813.4763048491568
-1818.975058582226
-1818.0693283475466
-1823.4710307875634
-1822.62004261913
-1821.7207285219695
-1827.03009477737
-1826.1749847128888
-1825.2519787218628
-1830.7570168020818
-1829.7194063425964
-1829.3443638107851
-1828.1126371321388
-1833.027888488835
-1838.4076359058868
-1837.4133795608375
-1836.4424089719041
-1841.8837626855618
-1840.96859409291
-1839.9479165428982
-1839.2153436550216
-1844.4621210701966
-1843.4560764024488
-1842.4649344227525
-1847.9012023571513
-1846.881126707444
-1852.2065530659024
-1851.3422731791582
-1850.3274926415597
-1855.7187711131578
-1854.6925137229036
-1853.6948827406352
-1852.6413154443164
-1858.702893885445
-1862.8474092924052
-1861.6156622996473
-1861.1066889716471
-1865.7576686202833
-1865.3058006610543
-1865.6668002739814
-1869.6865321615269
-1868.9687881355467
-1874.1576320416586
-1873.1214124363516
-1872.055355965596
-1871.103276832174
-1876.135873148784
-1875.2923565916774
-1880.6767437989101
-1879.5113612619664
-1885.1537513522835
-1884.1809526614795
-1883.191772524205
-1882.1465607476973
-1887.3987836763438
-1886.4343199352904
-1886.0558794918798
-1890.3209384890606
-1896.2267820072757
-1895.2891363503059
-1894.3110834021227
-1893.3008526864874
-1899.0229993572293
-1898.0874662991623
-1897.1006060076136
-1902.6576930193705
-1901.457636258254
-1907.0657657373176
-1905.8091884697315
-1904.8964099333266
-1910.3138986448173
-1909.2575307170316
-1908.3701698920054
-1913.8268127912327
-1912.8077104658844
-1911.8732289477014
-1910.9435200597532
-1916.2162521705359
-1921.6832093811752
-1921.1328833884784
-1919.7577011475933
-1918.9318398135745
-1924.1975212484647
-1923.3167893276427
-1922.3586799419654
-1927.736518797347
-1926.6696917597997
-1932.3914212228326
-1931.3867097435298
-1930.463010897648
-1935.9072677282347
-1934.8274481288752
-1934.0042071441405
-1939.2504973951784
-1938.3222239544798
-1943.66476049942
-1942.6646815748531
-1941.645055405778
-1947.413177842107
-1946.096057531526
-1945.595932336412
-1944.182703550895
-1949.821377894137
-1948.8839645327116
-1954.1944762602334
-1953.239128151196
-1958.5474792319126
-1957.5651790253262
-1956.624335648544
-1956.1972514011168
-1960.9824778509558
-1960.0273699147347
-1959.1226875580999
-1964.4237818562015
-1963.4066692859626
-1969.051837915519
-1968.0375742177707
-1967.1492846193764
-1972.5927921600717
-1971.4604841830076
-1971.362194033267
-1975.823220917378
-1974.8627605555434
-1978.6066651182218
-1979.091573359479
-1978.0874818399923
-1983.765926282053
-1982.7512898433697
-1981.8523261215832
-1987.1802224321207
-1986.1690618086664
-1985.2075002135787
-1990.5025025182638
-1989.469424721423
-1994.8104849631225
-1993.9141400699586
-1992.8797787507206
-1998.4603548396244
-1997.5593659322521
-1996.555409484265
-1996.0162263655372
-2000.901346125489
-2006.1701897195549
-2005.0966266030143
-2004.0956286760556
-2003.2345579950882
-2008.8311986927247
-2007.829802966304
-2006.813345467016
-2012.0924745844964
-2011.0765965836902
-2016.2442526817904
-2015.3595109470832
-2020.774990777072
-2019.6050506426154
-2018.9588795847224
-2018.5000356334467
-2023.211904368198
-2022.1820979387958
-2021.1690672244538
-2026.359549858867
-2025.4365756363661
-2031.04729046749
-2030.5162803513504
-2029.0043339324802
-2034.280139458385
-2033.2056704347347
-2032.8586428353558
-2037.5078450670137
-2042.817607635913
-2041.6570416758227
-2040.9792954425975
-2040.5436458886631
-2045.279895733813
-2044.2972724413082
-2043.171995266737
-2048.386526959084
-2053.377861413883
-2052.966651044417
-2051.8545411164487
-2050.884900704351
-2056.2459381318536
-2055.2265900195775
-2054.4203842792485
-2053.753013898847
-2058.6072496685642
-2061.61651345783
-2062.9354576046626
-2062.33124822926
-2067.032543081188
-2066.5192977143042
-2065.784968216537
-2070.5395189148803
-2069.5423975612925
-2074.6772495239247
-2073.468732177227
-2072.513871501212
-2078.119805735236
-2077.7700783196397
-2075.996910408345
-2081.2557241666523
-2080.1527663994093
-2085.727797409584
-2084.5105554927723
-2083.5670987855424
-2088.86292489
-2087.674731083267
-2087.044832921692
-2091.809967513988
-2091.0872156328787
-2096.3157845723094
-2095.341108518879
-2100.6294762749435
-2099.3941004100348
-2098.6573353362905
-2098.114063504051
-2102.797307137712
-2101.615561186418
-2100.736754649556
-2106.2077932360958
-2111.3504805555804
-2110.1970492439873
-2109.447169490029
-2107.970389035595
-2113.5590574562257
-2112.324030008895
-2111.923205672692
-2116.532323792686
-2121.592273129903
-2120.614736201297
-2119.354319864713
-2124.969382380021
-2123.86471264749
-2122.7067484830745
-2127.900774818254
-2126.7869713678606
-2132.3007307133335
-2131.1858136822816
-2130.101876336014
-2135.301042096464
-2134.1621649560097
-2139.6836760753044
-2138.5320730326794
-2137.3986924761193
-2142.9214001632963
-2141.78990416673
-2140.6641737631317
-2145.7407536528726
-2144.63015298419
-2150.188737428351
-2149.084665849786
-2154.2003780846635
-2153.282705884054
-2151.91922755571
-2157.422188644626
-2156.275105451491
-2155.206537529169
-2160.2937409817573
-2159.1816217709106
-2164.6506418566346
-2163.500494267954
-2162.509499400288
-2167.6225121684943
-2166.382402062137
-2168.6160071718205
-2170.806841905025
-2170.0460598309933
-2175.1582182751667
-2174.025457005163
-2172.910922123225
-2178.0848455055316
-2176.936478810412
-2181.717754264531
-2181.2749707657836
-2183.017773542035
-2185.510271617561
-2184.1333613783036
-2189.6846019373015
-2188.58570425804
-2187.4529035000783
-2192.9313117385577
-2191.7372091229345
-2196.795154104373
-2195.660373861962
-2194.4810712843605
-2200.0968194431907
-2198.9859211430803
-2197.8010466648693
-2203.297359113505
-2202.1316615495816
-2207.2624286848163
-2206.0202814894587
-2204.9349687858466
-2210.477509891664
-2209.3185247817396
-2208.1630042772654
-2213.6644513995357
-2218.8045559320026
-2217.5338274635847
-2216.9341253419348
-2215.2431081317236
-2220.7464655603762
-2219.577691113281
-2224.1668663793366
-2223.965176168672
-2229.0768186988
-2227.81884543132
-2227.0411146592915
-2231.7792272602337
-2230.98022866496
-2230.201907244585
-2234.916387988108
-2234.1941865590043
-2239.220740021761
-2237.9160681091794
-2237.1257218500305
-2242.329193248329
-2241.052042243821
-2240.2477817636945
-2244.9607629245893
-2244.0674152869433
-2249.321906885007
-2248.0085386743845
-2247.2288365271907
-2252.3547968998914
-2251.080126140124
-2256.6042019867123
-2255.910350656749
-2260.427346445444
-2259.7112079901585
-2258.7670855143742
-2263.459431980476
-2262.247250953099
-2261.4521614263977
-2266.4281617786182
-2271.5095739949656
-2270.2049048651033
-2269.3713868174677
-2274.343156534612
-2273.1589177106457
-2272.3660587202858
-2277.3764538654145
-2276.17420795418
-2281.6041485353453
-2280.3723807070996
-2279.1330539092205
-2284.627323927355
-2283.4128523882614
-2288.1066837672392
-2287.1778767160927
-2291.43845120168
-2291.3629747338236
-2290.135874776955
-2295.2076552165463
-2294.378659410332
-2299.3792564336454
-2298.154555174501
-2297.345194456121
-2302.4365567082705
-2301.1565730842644
-2300.8889784250737
-2305.329560829108
-2310.306519759589
-2309.5070918651645
-2308.2470704852913
-2313.2358837116244
-2312.441459912752
-2311.195819678366
-2316.168353844534
-2315.3013498602295
-2320.4613876810276
-2319.080030119696
-2318.262747412268
-2323.273714444979
-2322.0178300380794
-2321.1742786318323
-2326.189701764089
-2331.1693937153454
-2330.0653183440227
-2329.090787867817
-2334.0836010937205
-2333.2100122887455
-2332.0943742669897
-2337.0180141163473
-2336.142048069978
-2341.1706645121226
-2339.932201729026
-2339.134586990492
-2344.2092383071245
-2342.9006690644283
-2348.324432059297
-2347.132655751165
-2352.2203946759137
-2351.4096528449377
-2350.122328962943
-2355.0324332037135
-2354.3004998828333
-2353.2813432021067
-2357.8934161542857
-2363.517212071549
-2362.1019148952173
-2360.8892331941584
-2360.116584548568
-2365.108496028457
-2365.5155286767745
-2368.9564235477733
-2367.914564049044
-2372.930565808953
-2372.1963485033816
-2370.86116716146
-2376.034670585924
-2375.959344238631
-2379.37115561048
-2378.9529402687053
-2380.883730966631
-2383.0619090110613
-2382.485302861943
-2382.884671800098
-2386.6488963089982
-2390.496336040264
-2389.6165648875144
-2389.1960403846897
-2394.569353477965
-2393.650966251895
-2392.640179046508
-2397.682116668654
-2397.449681353667
-2399.8396274940437
-2400.2093894288973
-2403.53379650275
-2404.758695991001
-2403.7423366740504
-2403.7848833157223
-2409.0732380937175
-2412.079307174359
-2411.0480804691424
-2412.097295658117
-2416.0185485630473
-2415.431928309462
-2414.830368900296
-2418.95896913698
-2420.5080070316894
-2421.564491156781
-2422.0049905485894
-2427.621755262543
-2426.852131638709
-2426.4063513083092
-2425.29833257264
-2431.0099391812073
-2431.590054416339
-2431.9437897864636
-2434.0837426813337
-2437.632694741873
-2437.951181998778
-2437.7992297945384
-2440.6075622369694
-2443.3221109341134
-2443.3093349890937
-2443.2541170524605
-2448.5186749155364
-2448.04561774811
-2447.9477902651665
-2450.5589679989253
-2453.0378007837003
-2453.65241140094
-2454.4765566666915
-2455.3444271877306
-2459.8464542888323
-2459.171885687269
-2458.762173684862
-2464.4325751138063
-2464.2101987185347
-2464.3784732991107
-2466.019893069631
-2471.261137844758
-2470.404095746637
-2470.469232012342
-2472.550467253232
-2475.318198963895
-2475.276734355227
-2475.671303761516
-2478.5960645946416
-2480.629015922655
-2481.0376835152615
-2481.1548042454297
-2485.6858264053667
-2485.9214350702646
-2485.355091716997
-2489.086252848264
-2491.0288299970684
-2491.699480669091
-2491.8413906822543
-2494.7548953831247
-2497.6118090497434
-2497.4115446630826
-2497.534610592558
-2502.1826405289835
-2502.301006690368
-2502.7950210802933
-2503.964421803918
-2508.390132966949
-2509.402201831614
-2509.015434858133
-2510.53660162046
-2514.220318663465
-2513.8737534005177
-2513.7555829307285
-2518.6113779586426
-2518.787388532333
-2518.986900802502
-2520.6786937796846
-2523.20900541789
-2524.8480109194184
-2524.6447891534012
-2527.266679416074
-2530.163898593567
-2530.105405295312
-2530.185759207953
-2534.015419629272
-2535.6733596554523
-2535.909212881413
-2536.2599247905027
-2541.5738961493844
-2540.980328730881
-2540.8150330213816
-2543.8970988292845
-2546.119995164208
-2545.9252944128775
-2547.472392098152
-2550.0276897458675
-2551.8379700736846
-2552.0408259521823
-2552.990980001349
-2557.647060067141
-2557.544427445482
-2557.3770287480484
-2559.619544651007
-2562.77257875809
-2562.856597300721
-2562.8858365679257
-2567.1158807117595
-2567.7295762749513
-2567.9799530099317
-2569.0982608682484
-2573.7515300030836
-2573.618382706475
-2574.0712516048347
-2576.00320108753
-2579.2145480490035
-2579.309953089599
-2579.7809486855626
-2583.5197139793495
-2584.793718788204
-2585.131672238169
-2585.955623376539
-2589.8754780411873
-2590.866420131366
-2591.119068120281
-2592.5660472063273
-2596.495239348234
-2595.9420292738273
-2596.9381214350933
-2599.1264005097773
-2601.256320013047
-2601.2116272023263
-2602.3098611074597
-2605.446181515136
-2607.3293689418883
-2607.4031615315052
-2609.0540981360277
-2612.1493314222644
-2612.810136238356
-2612.56064832257
-2617.0831949540107
-2617.37377523974
-2617.9379574484424
-2618.9855082643226
-2622.677642136623
